0 1 0.29465115 8.090568
10 1 1.0312791 7.8519073
20 1 1.7679069 7.6132474
30 1 2.515479 7.3640866
40 1 3.2792568 7.098697
50 1 4.0432453 6.833546
60 1 4.8508 6.6180363
70 1 5.677086 6.4235287
80 1 6.5033717 6.2290206
90 1 7.3235545 6.047878
100 1 8.143526 5.866974
110 1 8.967287 5.6925135
120 1 9.823669 5.577241
130 1 10.680052 5.461968
140 1 11.526543 5.3395357
150 1 12.333256 5.188464
160 1 13.139968 5.0373926
170 1 13.951522 4.893719
180 1 14.782438 4.7808332
190 1 15.613144 4.6677084
10 2 0.2792872 9.989106
20 2 1.0639012 9.858798
30 2 1.8483046 9.728728
40 2 2.6106093 9.567394
50 2 3.363443 9.393172
60 2 4.111857 9.201767
70 2 4.821124 8.856904
80 2 5.530602 8.5122795
90 2 6.243658 8.150709
100 2 6.9619756 7.763842
110 2 7.6805034 7.3769746
120 2 8.419446 7.012541
130 2 9.179015 6.670064
140 2 9.946581 6.352169
150 2 10.746348 6.132602
160 2 11.546116 5.9130354
170 2 12.334097 5.8404827
180 2 13.117027 5.8309364
190 2 13.897011 5.8328457
200 2 14.665209 5.8805776
230 4 15.294079 9.097234
240 4 14.614907 9.162389
250 4 13.935737 9.227543
260 4 13.24036 9.338281
270 4 12.529199 9.494603
280 4 11.818037 9.650925
290 4 11.139498 9.850922
300 4 10.482846 10.080035
310 4 9.829562 10.307478
320 4 9.205955 10.519647
330 4 8.582346 10.731815
340 4 7.9471626 10.913197
350 4 7.2947206 11.048278
360 4 6.6422787 11.1835985
370 4 6.003938 11.3155775
380 4 5.3864336 11.443022
390 4 4.7691393 11.570227
400 4 4.141322 11.692898
410 4 3.49793 11.808887
420 4 2.8545382 11.924875
240 5 15.042151 8.56908
250 5 14.350774 8.580297
260 5 13.659185 8.591753
270 5 12.948024 8.772896
280 5 12.236652 8.953799
290 5 11.524649 9.134227
300 5 10.804227 9.308687
310 5 10.083804 9.483147
320 5 9.387586 9.652834
330 5 8.715781 9.8179865
340 5 8.043766 9.983378
350 5 7.3831162 10.135881
360 5 6.7237287 10.286953
370 5 6.0641313 10.438264
380 5 5.4097953 10.606757
390 5 4.7556696 10.777161
400 5 4.102386 10.946848
410 5 3.4541533 11.109137
420 5 2.8059208 11.271425
430 5 2.1585302 11.42011
500 6 15.004689 9.01442
510 6 14.576182 8.98053
520 6 14.1476755 8.946402
530 6 13.711802 8.92182
540 6 13.264564 8.912034
550 6 12.817326 8.902011
560 6 12.3288355 9.0043955
570 6 11.840136 9.106542
580 6 11.356487 9.196517
590 6 10.891991 9.237804
600 6 10.427494 9.278854
610 6 9.966154 9.325632
620 6 9.512391 9.385297
630 6 9.058629 9.444962
640 6 8.605077 9.510116
650 6 8.155102 9.625388
660 6 7.7051277 9.740661
670 6 7.2534695 9.851638
680 6 6.7950764 9.945192
690 6 6.336473 10.038986
610 7 11.281982 8.098443
620 7 10.820853 8.257629
630 7 10.392767 8.445455
640 7 10.01393 8.676
650 7 9.635093 8.906784
660 7 9.252678 9.149739
670 7 8.86458 9.410595
680 7 8.476482 9.671688
690 7 8.074915 9.934215
700 7 7.618837 10.202706
710 7 7.1627593 10.471199
720 7 6.6542754 10.665945
730 7 6.132743 10.842315
740 7 5.612894 10.985749
750 7 5.094939 11.095772
760 7 4.576774 11.206032
770 7 4.0884953 11.133002
780 7 3.6035836 11.039686
790 7 3.125407 10.957587
800 7 2.6518605 10.882887
610 8 0.18268372 11.741108
620 8 0.7804046 11.617004
630 8 1.3781255 11.492901
640 8 1.9689012 11.409609
650 8 2.5567303 11.343739
660 8 3.1445591 11.277869
670 8 3.7401755 11.233955
680 8 4.337686 11.195531
690 8 4.934986 11.156868
700 8 5.497349 11.120354
710 8 6.044558 11.084555
720 8 6.5494637 11.000785
730 8 7.029535 10.904127
740 8 7.4504647 10.879068
750 8 7.887811 10.8342
760 8 8.391244 10.7096195
770 8 8.894466 10.585039
780 8 9.386744 10.365711
790 8 9.877759 10.135881
800 8 10.379508 9.890539
680 9 15.114762 9.127305
690 9 14.449693 9.260955
700 9 13.784623 9.394605
710 9 13.126498 9.5335045
720 9 12.478897 9.680519
730 9 11.831296 9.827294
740 9 11.164332 9.893403
750 9 10.492528 9.939226
760 9 9.81925 9.993402
770 9 9.139869 10.080035
780 9 8.460697 10.166907
790 9 7.8293023 10.2996025
800 9 7.197907 10.432058
810 9 6.556409 10.585039
820 9 5.8909183 10.785036
830 9 5.2256384 10.985271
840 9 4.56583 11.185746
850 9 3.9276998 11.387175
860 9 3.2897801 11.588366
870 9 2.6518605 11.789794
680 10 15.15917 8.388892
690 10 14.4715805 8.508222
700 10 13.783992 8.627552
710 10 13.096612 8.7468815
720 10 12.438488 8.846403
730 10 11.783731 8.943538
740 10 11.12245 9.037331
750 10 10.43486 9.116804
760 10 9.747271 9.196278
770 10 9.067047 9.284582
780 10 8.415236 9.407731
790 10 7.7634263 9.530879
800 10 7.1097217 9.659756
810 10 6.4389696 9.83875
820 10 5.768007 10.017745
830 10 5.0972543 10.19674
840 10 4.416189 10.399839
850 10 3.7338614 10.605564
860 10 3.051744 10.811289
870 10 2.4062476 10.938495
750 11 0.08839535 7.7039385
760 11 0.6356046 7.4414124
770 11 1.1828139 7.178887
780 11 1.7331802 6.9103947
790 11 2.2968059 6.6177974
800 11 2.860221 6.3252006
810 11 3.4270034 6.038809
820 11 4.0234613 5.8068314
830 11 4.619709 5.5746155
840 11 5.2159567 5.3426385
850 11 5.8484044 5.1424026
860 11 6.517052 4.973909
870 11 7.185489 4.805415
880 11 7.854137 4.646706
890 11 8.522153 4.5751085
900 11 9.19038 4.5035105
910 11 9.858606 4.4319124
920 11 10.526834 4.364849
930 11 11.193166 4.338358
940 11 11.859709 4.3118668
680 12 10.43023 6.344771
690 12 10.264383 6.004919
700 12 10.0985365 5.664829
710 12 9.932691 5.3249774
720 12 9.740956 4.9204493
730 12 9.523546 4.4510055
740 12 9.306136 3.9815614
750 12 9.1221895 3.556031
760 12 8.971917 3.1741753
770 12 8.821435 2.7923198
780 12 8.671163 2.410464
790 12 8.52089 2.1035476
800 12 8.370408 1.7968696
810 12 8.220136 1.4899532
820 12 8.025245 1.2911495
830 12 7.7857356 1.2006974
840 12 7.5462265 1.1102453
850 12 7.339129 1.1329181
860 12 7.1532884 1.2312459
870 12 6.967658 1.3295738
890 13 15.111395 8.758815
900 13 14.494943 8.77576
910 13 13.8787 8.792943
920 13 13.254882 8.832799
930 13 12.601809 8.96454
940 13 11.948525 9.096279
950 13 11.297977 9.246158
960 13 10.652902 9.438518
970 13 10.008037 9.631116
980 13 9.361909 9.817271
990 13 8.711993 9.978844
1000 13 8.062077 10.140178
1010 13 7.4121604 10.30175
1020 13 6.7576137 10.385282
1030 13 6.1018043 10.449719
1040 13 5.444732 10.534682
1050 13 4.7821884 10.70246
1060 13 4.119644 10.870477
1070 13 3.4648871 11.007467
1080 13 2.8179173 11.113671
1130 18 15.42625 8.392949
1140 18 14.6391115 8.472423
1150 18 13.851761 8.551897
1160 18 13.064411 8.631609
1170 18 12.270116 8.798671
1180 18 11.474978 8.975279
1190 18 10.682157 9.134942
1200 18 9.898384 9.225394
1210 18 9.114613 9.315846
1220 18 8.33042 9.417993
1230 18 7.545174 9.546392
1240 18 6.7599287 9.674791
1250 18 5.980366 9.816317
1260 18 5.203329 9.963092
1270 18 4.426292 10.104379
1280 18 3.650307 10.193876
1290 18 2.8741117 10.283374
1300 18 2.0981266 10.37287
1310 18 1.3210895 10.505566
1320 18 0.5440523 10.643272
1160 19 12.242124 7.4910536
1170 19 11.891278 7.519932
1180 19 11.540433 7.5488095
1190 19 11.189798 7.577926
1200 19 10.762765 7.6335335
1210 19 10.285219 7.7068024
1220 19 9.807674 7.7803097
1230 19 9.16786 7.961691
1240 19 8.528047 8.143072
1250 19 7.9922023 8.44092
1260 19 7.5601172 8.855472
1270 19 7.0204844 9.171457
1280 19 6.4090834 9.421334
1290 19 5.7745314 9.675746
1300 19 5.116828 9.934215
1310 19 4.4650173 10.197217
1320 19 3.8660336 10.500076
1330 19 3.2670498 10.802936
1340 19 2.6764848 11.01415
1350 19 2.094128 11.13348
1200 20 11.990618 8.16121
1210 20 11.43499 8.275767
1220 20 10.879362 8.390324
1230 20 10.358041 8.492709
1240 20 9.85124 8.590082
1250 20 9.344651 8.687217
1260 20 8.765872 8.734949
1270 20 8.187093 8.7826805
1280 20 7.683871 8.824207
1290 20 7.180438 8.865734
1300 20 6.6664824 8.967642
1310 20 6.1478963 9.095564
1320 20 5.6291 9.223247
1330 20 5.05453 9.407969
1340 20 4.473646 9.598897
1350 20 3.9146512 9.747582
1360 20 3.3884883 9.832784
1370 20 2.8623254 9.917985
1380 20 2.3296382 10.021325
1390 20 1.7925314 10.136359
1140 21 1.1358802 7.6523876
1150 21 1.5515488 7.805369
1160 21 1.9670069 7.9583497
1170 21 2.3826754 8.111331
1180 21 2.813287 8.267176
1190 21 3.3043022 8.4342375
1200 21 3.7953174 8.601299
1210 21 4.2812815 8.753803
1220 21 4.7470407 8.847835
1230 21 5.2125893 8.941867
1240 21 5.6781383 9.035898
1250 21 6.233766 9.179572
1260 21 6.740145 9.308926
1270 21 7.108459 9.392456
1280 21 7.503502 9.485057
1290 21 7.9610534 9.599375
1300 21 8.418605 9.713454
1310 21 8.798704 9.713454
1320 21 9.179015 9.713454
1330 21 9.559114 9.713454
1310 22 14.780543 5.8827252
1320 22 14.32194 5.852177
1330 22 13.863127 5.8213897
1340 22 13.404523 5.7908416
1350 22 12.964651 5.7894096
1360 22 12.54372 5.817094
1370 22 12.12279 5.845017
1380 22 11.70186 5.8727016
1390 22 11.27651 5.885112
1400 22 10.834112 5.836187
1410 22 10.391504 5.7872615
1420 22 9.949106 5.738336
1430 22 9.520179 5.6712728
1440 22 9.123452 5.5622053
1450 22 8.726515 5.453138
1460 22 8.329577 5.3438315
1470 22 7.9381127 5.3034983
1480 22 7.54791 5.2801094
1490 22 7.1579185 5.2569594
1500 22 6.767716 5.2335706
1310 23 14.939235 5.1550517
1320 23 14.4997835 5.1550517
1330 23 14.060332 5.1550517
1340 23 13.620881 5.1550517
1350 23 13.176378 5.166269
1360 23 12.730614 5.18035
1370 23 12.285059 5.1944304
1380 23 11.849186 5.189419
1390 23 11.428255 5.1564837
1400 23 11.007325 5.12331
1410 23 10.586395 5.090136
1420 23 10.182302 5.0309486
1430 23 9.782418 4.9653172
1440 23 9.382535 4.899686
1450 23 8.982651 4.8340545
1460 23 8.578979 4.7669907
1470 23 8.174044 4.699689
1480 23 7.7693195 4.6323867
1490 23 7.364595 4.5650845
1500 23 6.9104114 4.5302405
1310 24 14.935867 4.412581
1320 24 14.478737 4.398739
1330 24 14.021817 4.385135
1340 24 13.564687 4.3715315
1350 24 13.125867 4.3471885
1360 24 12.694624 4.318072
1370 24 12.263381 4.288955
1380 24 11.832349 4.2598386
1390 24 11.459404 4.1197453
1400 24 11.125607 3.9059062
1410 24 10.791809 3.6918285
1420 24 10.423074 3.524528
1430 24 10.039186 3.377036
1440 24 9.655297 3.2295444
1450 24 9.232052 3.1352737
1460 24 8.716413 3.1651063
1470 24 8.200773 3.1949387
1480 24 7.6851335 3.2247713
1490 24 7.1720195 3.2696393
1500 24 6.6647987 3.349113
1230 25 3.849407 4.590144
1240 25 4.0392466 4.668424
1250 25 4.2288756 4.7467046
1260 25 4.418715 4.8247466
1270 25 4.6085544 4.903027
1280 25 4.7981834 4.9813075
1290 25 4.9880233 5.059588
1300 25 5.2254276 5.10016
1310 25 5.4626217 5.1407323
1320 25 5.7000265 5.181543
1330 25 5.9374313 5.222115
1340 25 6.1752567 5.2910876
1350 25 6.4143453 5.426885
1360 25 6.653644 5.5624437
1370 25 6.892732 5.698003
1380 25 7.1318207 5.8335614
1390 25 7.361017 5.942629
1400 25 7.588951 6.048594
1410 25 7.8170953 6.1547976
1420 25 8.021457 6.2516932
1370 26 6.3674116 0.4909232
1380 26 6.389931 1.1386459
1390 26 6.412451 1.7866073
1400 26 6.4276047 2.3818247
1410 26 6.439601 2.9546082
1420 26 6.4515977 3.527392
1430 26 6.461279 4.0846624
1440 26 6.461279 4.580359
1450 26 6.461279 5.076055
1460 26 6.461279 5.5717516
1470 26 6.4787474 6.063868
1480 26 6.5366254 6.5469155
1490 26 6.5945034 7.030202
1500 26 6.6523814 7.5137267
1510 26 6.7443542 7.971237
1520 26 6.916725 8.369083
1530 26 7.088886 8.76669
1540 26 7.2610464 9.164536
1550 26 7.4050045 9.503672
1560 26 7.5489626 9.842808
1560 27 9.766423 9.216803
1570 27 9.768949 9.168593
1580 27 9.771264 9.120384
1590 27 9.773579 9.071937
1600 27 9.775894 9.023727
1610 27 9.7784195 8.975517
1620 27 9.780735 8.927308
1630 27 9.78305 8.87886
1640 27 9.785365 8.830651
1650 27 9.6748705 8.605118
1660 27 9.451146 8.202498
1670 27 9.1853285 7.6559677
1680 27 8.973391 7.065523
1690 27 8.820382 6.447156
1700 27 8.689684 5.8559957
1710 27 8.610759 5.329035
1720 27 8.531835 4.802074
1730 27 8.474378 4.394443
1740 27 8.419446 4.000177
1750 27 8.405976 3.6992269
1560 28 0.8441756 7.508953
1570 28 1.0489581 7.3519154
1580 28 1.2539511 7.194877
1590 28 1.4589441 7.037839
1600 28 1.6637267 6.881039
1610 28 1.9672173 6.7598
1620 28 2.2953324 6.6473913
1630 28 2.6234477 6.5349827
1640 28 2.9675581 6.4755564
1650 28 3.335872 6.4956036
1660 28 3.704186 6.5154123
1670 28 4.0724998 6.535221
1680 28 4.507742 6.578657
1690 28 4.9596105 6.6278214
1700 28 5.411479 6.6767464
1710 28 5.837671 6.6944075
1720 28 6.2257686 6.664575
1730 28 6.613866 6.6347423
1740 28 6.984074 6.575555
1750 28 7.2827244 6.3984694
1780 30 12.813116 9.162149
1790 30 12.237915 9.392934
1800 30 11.662503 9.623479
1810 30 11.090879 9.861184
1820 30 10.527254 10.115357
1830 30 9.96384 10.369291
1840 30 9.397899 10.622032
1850 30 8.822698 10.868567
1860 30 8.247497 11.115103
1870 30 7.675452 11.334432
1880 30 7.1168776 11.444692
1890 30 6.5585136 11.554714
1900 30 6.0119357 11.586217
1910 30 5.473356 11.565215
1920 30 4.9347754 11.544213
1930 30 4.403772 11.513187
1940 30 3.9022336 11.443022
1950 30 3.4009056 11.372855
1960 30 2.8993673 11.30269
1970 30 2.3864639 11.39338
1780 31 1.7843232 11.06045
1790 31 2.400144 10.85735
1800 31 3.015965 10.654012
1810 31 3.5913765 10.449958
1820 31 4.140059 10.245426
1830 31 4.688952 10.040656
1840 31 5.3213997 9.89937
1850 31 5.974894 9.773835
1860 31 6.6086044 9.658562
1870 31 7.24 9.544244
1880 31 7.8583465 9.36525
1890 31 8.467854 9.143057
1900 31 9.077571 8.920865
1910 31 9.743692 8.693899
1920 31 10.434018 8.464786
1930 31 11.128132 8.276244
1940 31 11.8373995 8.249753
1950 31 12.546878 8.223262
1960 31 13.242675 8.202737
1970 31 13.925214 8.188179
2040 33 0.14585233 10.352107
2050 33 0.76272553 10.294352
2060 33 1.3795987 10.236835
2070 33 1.996472 10.154497
2080 33 2.6133454 9.973593
2090 33 3.2302184 9.79245
2100 33 3.825414 9.618706
2110 33 4.3696766 9.462383
2120 33 4.9139395 9.306062
2130 33 5.444732 9.125396
2140 33 5.9549 8.908454
2150 33 6.4650674 8.691513
2160 33 6.975866 8.48364
2170 33 7.4908743 8.358105
2180 33 8.005882 8.23257
2190 33 8.521101 8.106796
2200 33 9.016536 7.9967737
2210 33 9.46651 7.9227896
2220 33 9.916485 7.848566
2230 33 10.394872 7.763603
2110 35 0.18247326 8.360969
2120 35 0.63834065 8.321351
2130 35 1.0944185 8.281495
2140 35 1.5599674 8.227797
2150 35 2.0402489 8.153335
2160 35 2.5203197 8.078634
2170 35 2.9930243 8.023981
2180 35 3.4366848 8.049756
2190 35 3.8801348 8.075293
2200 35 4.332424 8.110853
2210 35 4.797973 8.161449
2220 35 5.263522 8.212045
2230 35 5.7294917 8.250469
2240 35 6.199671 8.178871
2250 35 6.669639 8.107273
2260 35 7.1429753 8.03496
2270 35 7.6468287 7.955247
2280 35 8.150682 7.8757734
2290 35 8.654536 7.7962995
2300 35 9.137553 7.6204076
2150 36 14.858837 6.124965
2160 36 14.227442 6.2018137
2170 36 13.596046 6.2784233
2180 36 12.974753 6.3435774
2190 36 12.368613 6.3913093
2200 36 11.762474 6.4390416
2210 36 11.103297 6.4867735
2220 36 10.438228 6.5345054
2230 36 9.7586355 6.591068
2240 36 9.056945 6.6605177
2250 36 8.355465 6.7302065
2260 36 7.7240696 6.85956
2270 36 7.0926743 6.988675
2280 36 6.446757 7.12304
2290 36 5.7909474 7.260747
2300 36 5.135349 7.3984537
2310 36 4.5039535 7.5087147
2320 36 3.872558 7.6187367
2330 36 3.224957 7.725179
2340 36 2.5531523 7.8261323
2200 37 6.0026755 12.439903
2210 37 6.0243535 12.110791
2220 37 6.0462418 11.78168
2230 37 6.0723395 11.444931
2240 37 6.108539 11.090999
2250 37 6.14495 10.737305
2260 37 6.1750464 10.378599
2270 37 6.1960926 10.012495
2280 37 6.2171392 9.646629
2290 37 6.2327137 9.280525
2300 37 6.2402906 8.913943
2310 37 6.247867 8.547362
2320 37 6.21293 8.21467
2330 37 6.1497903 7.9044127
2340 37 6.086651 7.594155
2350 37 5.9801555 7.255258
2360 37 5.8448267 6.8972683
2370 37 5.7097077 6.5392785
2380 37 5.705709 6.256944
2390 37 5.734753 5.9937024
2440 40 14.886197 6.5631447
2450 40 14.18177 6.801804
2460 40 13.477134 7.040464
2470 40 12.735033 7.2399836
2480 40 11.9889345 7.4354463
2490 40 11.280088 7.612293
2500 40 10.587236 7.7812643
2510 40 9.892702 7.934006
2520 40 9.193958 8.048563
2530 40 8.4952135 8.163119
2540 40 7.7592173 8.209897
2550 40 7.0137496 8.23973
2560 40 6.305535 8.2958145
2570 40 5.653093 8.391278
2580 40 5.000651 8.486742
2590 40 4.305485 8.547362
2600 40 3.5463371 8.555954
2610 40 2.7871895 8.564546
2620 40 2.0564547 8.660487
2630 40 1.3444511 8.814899
2440 41 15.280609 9.02134
2450 41 14.506308 9.02134
2460 41 13.732006 9.02134
2470 41 12.957916 9.02134
2480 41 12.150783 9.196278
2490 41 11.340071 9.390786
2500 41 10.535462 9.598181
2510 41 9.755058 9.856649
2520 41 8.974653 10.115118
2530 41 8.225819 10.380747
2540 41 7.484981 10.648046
2550 41 6.7584558 10.933722
2560 41 6.065815 11.261879
2570 41 5.372964 11.590035
2580 41 4.7203116 11.889076
2590 41 4.0720787 12.185015
2600 41 3.4411047 12.498613
2610 41 2.8360174 12.838704
2620 41 2.23093 13.178794
2630 41 1.6258429 13.518885
2730 43 15.234517 9.047115
2740 43 14.514095 9.037808
2750 43 13.793463 9.028739
2760 43 13.082511 9.049979
2770 43 12.409023 9.193175
2780 43 11.735535 9.336371
2790 43 11.073201 9.601999
2800 43 10.415498 9.920372
2810 43 9.752111 10.209627
2820 43 9.075466 10.431104
2830 43 8.399031 10.652819
2840 43 7.745116 10.899832
2850 43 7.113721 11.17262
2860 43 6.4823256 11.445408
2870 43 5.8679776 11.687886
2880 43 5.260786 11.917477
2890 43 4.648964 12.140862
2900 43 3.9950488 12.311504
2910 43 3.3411336 12.481908
2920 43 2.696058 12.653027
2730 44 10.049078 6.892495
2740 44 9.999828 7.1550207
2750 44 9.95079 7.4175467
2760 44 9.901752 7.6800723
2770 44 9.840717 7.9982057
2780 44 9.7765255 8.330182
2790 44 9.706019 8.587695
2800 44 9.628778 8.770747
2810 44 9.551538 8.953799
2820 44 9.36212 9.086733
2830 44 9.060102 9.169786
2840 44 8.781656 9.230167
2850 44 8.5975 9.2003355
2860 44 8.413342 9.170503
2870 44 8.229186 9.140671
2880 44 8.066917 9.018
2890 44 7.904438 8.895089
2900 44 7.7421694 8.772418
2910 44 7.6733475 8.651418
2920 44 7.697972 8.532088
2950 46 15.113078 7.6554904
2960 46 14.465477 7.710621
2970 46 13.817876 7.7655125
2980 46 13.165855 7.844032
2990 46 12.5031 7.9764876
3000 46 11.840556 8.109182
3010 46 11.2131605 8.249276
3020 46 10.609336 8.39462
3030 46 9.994146 8.541873
3040 46 9.35328 8.693661
3050 46 8.712414 8.847596
3060 46 8.072599 9.019431
3070 46 7.432786 9.191266
3080 46 6.7746615 9.365965
3090 46 6.10433 9.542812
3100 46 5.4339986 9.719659
3110 46 4.785135 9.852354
3120 46 4.138586 9.980275
3130 46 3.4899325 10.105572
3140 46 2.8210742 10.207718
2960 47 14.691306 8.306315
2970 47 14.103898 8.356195
2980 47 13.514807 8.412758
2990 47 12.912034 8.532088
3000 47 12.309262 8.651418
3010 47 11.69723 8.8313675
3020 47 11.084145 9.018238
3030 47 10.43486 9.207495
3040 47 9.761372 9.398423
3050 47 9.093777 9.590305
3060 47 8.4792185 9.79078
3070 47 7.8646603 9.991254
3080 47 7.2349486 10.197456
3090 47 6.5951347 10.407476
3100 47 5.9544787 10.606519
3110 47 5.3054047 10.705801
3120 47 4.6565404 10.805323
3130 47 3.9952593 10.876921
3140 47 3.3289266 10.936585
3150 47 2.675222 11.004842
2960 48 14.707302 9.007021
2970 48 14.109581 8.978382
2980 48 13.51186 8.949742
2990 48 12.9896965 9.064538
3000 48 12.467321 9.179572
3010 48 11.920322 9.337564
3020 48 11.315236 9.596033
3030 48 10.710149 9.85474
3040 48 10.112848 10.05951
3050 48 9.516601 10.258314
3060 48 8.915302 10.434206
3070 48 8.309162 10.586948
3080 48 7.703023 10.739691
3090 48 7.017328 10.885989
3100 48 6.331632 11.032288
3110 48 5.645937 11.178586
3120 48 4.9932847 11.345409
3130 48 4.344421 11.51438
3140 48 3.704186 11.64994
3150 48 3.0727906 11.752324
3010 49 8.891309 8.481492
3020 49 9.199009 8.334716
3030 49 9.506498 8.187941
3040 49 9.861764 8.119683
3050 49 10.264383 8.129946
3060 49 10.661531 8.136628
3070 49 11.037422 8.1280365
3080 49 11.413312 8.119445
3090 49 11.845397 8.136151
3100 49 12.361878 8.190327
3110 49 12.826164 8.263834
3120 49 13.0810375 8.414667
3130 49 13.327493 8.485787
3140 49 13.554795 8.371231
3150 49 13.782097 8.256675
3160 49 13.628668 8.186031
3170 49 13.379898 8.126367
3180 49 13.131128 8.066701
3190 49 12.882359 8.007036
3200 49 12.633589 7.9473715
3040 50 0.11154651 10.188387
3050 50 0.4693372 9.973593
3060 50 0.8271279 9.7588
3070 50 1.1849185 9.544005
3080 50 1.5473394 9.359521
3090 50 1.9101813 9.1786175
3100 50 2.2730231 8.997475
3110 50 2.5922987 8.890554
3120 50 2.9115744 8.783397
3130 50 3.2188535 8.681011
3140 50 3.4156382 8.619437
3150 50 3.6126337 8.557863
3160 50 3.8094184 8.496289
3170 50 3.858878 8.487936
3180 50 3.9085476 8.479344
3190 50 3.9580069 8.470991
3200 50 4.0074663 8.462638
3210 50 4.0569253 8.454285
3220 50 4.106595 8.445693
3230 50 4.1560545 8.43734
3100 52 0.118281394 12.91603
3110 52 0.44197673 12.8518305
3120 52 0.7656721 12.787631
3130 52 1.0767395 12.7468195
3140 52 1.3823348 12.716033
3150 52 1.6877197 12.6852455
3160 52 1.9398569 12.641093
3170 52 2.1560047 12.5878725
3180 52 2.3723626 12.53489
3190 52 2.5887208 12.481908
3200 52 2.738151 12.374033
3210 52 2.8873708 12.266397
3220 52 3.036801 12.158524
3230 52 3.1700256 12.000053
3240 52 3.3015661 11.836094
3250 52 3.433107 11.671896
3260 52 3.540023 11.493856
3270 52 3.6362057 11.309849
3280 52 3.7323883 11.125604
3290 52 3.8357267 10.94112
3200 53 14.701619 9.063345
3210 53 14.045389 9.049502
3220 53 13.343488 9.15666
3230 53 12.621803 9.315608
3240 53 11.954418 9.510116
3250 53 11.323023 9.728012
3260 53 10.689102 9.946385
3270 53 10.049288 10.165953
3280 53 9.409474 10.38552
3290 53 8.747141 10.620361
3300 53 8.079124 10.859021
3310 53 7.416159 11.077872
3320 53 6.7584558 11.276675
3330 53 6.0997 11.470228
3340 53 5.430842 11.615095
3350 53 4.761773 11.759962
3360 53 4.101965 11.913181
3370 53 3.4632034 12.085971
3380 53 2.8246522 12.258999
3390 53 2.195151 12.427015
3460 54 -0.1616372 11.055438
3470 54 0.7279988 10.957826
3480 54 1.6176348 10.860214
3490 54 2.4980104 10.782411
3500 54 3.368915 10.724895
3510 54 4.2398195 10.667377
3520 54 5.077471 10.617497
3530 54 5.893023 10.572629
3540 54 6.7085752 10.528
3550 54 7.5127625 10.448049
3560 54 8.300113 10.315353
3570 54 9.087462 10.182898
3580 54 9.876076 10.035645
3590 54 10.665319 9.882186
3600 54 11.454563 9.728728
3610 54 12.233495 9.675984
3620 54 13.011374 9.634696
3630 54 13.80567 9.543289
3640 54 14.6109085 9.418709
3650 54 15.416148 9.294128
3520 55 0.1315407 11.039686
3530 55 0.8155523 10.93754
3540 55 1.4995639 10.835155
3550 55 2.1812603 10.741838
3560 55 2.8572743 10.669525
3570 55 3.5332882 10.597211
3580 55 4.2093024 10.524898
3590 55 4.8882627 10.440173
3600 55 5.567223 10.355449
3610 55 6.245973 10.270724
3620 55 6.8822093 10.2022295
3630 55 7.5136046 10.135405
3640 55 8.124795 10.087672
3650 55 8.705679 10.06858
3660 55 9.286563 10.049487
3670 55 9.840086 10.0062895
3680 55 10.390452 9.960466
3690 55 10.947763 9.878845
3700 55 11.5210705 9.7141695
3710 55 12.094588 9.549733
3970 60 14.763706 8.080066
3980 60 13.999928 8.291996
3990 60 13.23594 8.504165
4000 60 12.553402 8.805592
4010 60 11.905801 9.145205
4020 60 11.255674 9.496751
4030 60 10.582186 9.954978
4040 60 9.908697 10.413204
4050 60 9.22637 10.772626
4060 60 8.538359 11.066416
4070 60 7.8503485 11.360207
4080 60 7.1212974 11.505073
4090 60 6.392036 11.64994
4100 60 5.655408 11.791465
4110 60 4.888894 11.919386
4120 60 4.1221695 12.047308
4130 60 3.3674417 12.192175
4140 60 2.6308138 12.362577
4150 60 1.894186 12.532981
4160 60 1.1954418 12.72725
3990 62 3.3785963 7.155498
4000 62 3.6881907 7.436401
4010 62 3.9975743 7.717065
4020 62 4.3071685 7.9979672
4030 62 4.7363067 8.278393
4040 62 5.2854104 8.558579
4050 62 5.8292522 8.830413
4060 62 6.3516264 9.069073
4070 62 6.8742113 9.307733
4080 62 7.389851 9.543528
4090 62 7.889916 9.772164
4100 62 8.3897705 10.0008
4110 62 8.802072 10.359983
4120 62 9.204692 10.733486
4130 62 9.572374 10.967611
4140 62 9.916695 11.10842
4150 62 10.274275 11.14947
4160 62 10.651218 11.039925
4170 62 11.028372 10.930619
4180 62 11.183906 10.598643
4220 64 2.2940698 11.340159
4230 64 2.925465 11.139685
4240 64 3.5568604 10.939211
4250 64 4.180258 10.706995
4260 64 4.7986045 10.4532995
4270 64 5.4167404 10.199842
4280 64 6.0312986 9.907722
4290 64 6.6401744 9.558325
4300 64 7.2490497 9.208927
4310 64 7.885917 8.920387
4320 64 8.541726 8.67242
4330 64 9.197326 8.424691
4340 64 9.808937 8.424691
4350 64 10.420759 8.424691
4360 64 11.032371 8.424691
4370 64 11.694915 8.496289
4380 64 12.370087 8.585786
4390 64 13.052625 8.600106
4400 64 13.745897 8.502017
4410 64 14.439169 8.403688
4220 65 6.8765264 9.055946
4230 65 6.7424603 9.58768
4240 65 6.6086044 10.119176
4250 65 6.4172916 10.683368
4260 65 6.225979 11.24732
4270 65 6.0443473 11.6855
4280 65 5.8650312 12.092176
4290 65 5.6796117 12.477612
4300 65 5.440523 12.672835
4310 65 5.2014346 12.868059
4320 65 5.0972543 12.689302
4330 65 5.008228 12.46902
4340 65 4.937301 12.21079
4350 65 4.9086776 11.86354
4360 65 4.8745823 11.513664
4370 65 4.7922907 11.140162
4380 65 4.7097883 10.76666
4390 65 4.6058183 10.539217
4400 65 4.4963765 10.348289
4410 65 4.3869348 10.157361
4270 66 11.244519 7.9669414
4280 66 10.842742 8.111569
4290 66 10.440964 8.256197
4300 66 10.039186 8.400825
4310 66 9.480612 8.749745
4320 66 8.922037 9.098428
4330 66 8.331051 9.326825
4340 66 7.691237 9.374557
4350 66 7.051423 9.422289
4360 66 6.4482303 9.344486
4370 66 5.8492465 9.252602
4380 66 5.272151 9.155467
4390 66 4.7459884 9.045206
4400 66 4.2198253 8.934945
4410 66 3.7559605 8.792705
4420 66 3.3188243 8.6366205
4430 66 2.8766372 8.492471
4440 66 2.388358 8.454285
4450 66 1.900079 8.4161
4460 66 1.5311337 8.481492
4280 67 15.224204 7.173159
4290 67 14.449693 7.106334
4300 67 13.675181 7.0395093
4310 67 12.887831 6.992732
4320 67 12.070174 6.992732
4330 67 11.252517 6.992732
4340 67 10.467061 7.062421
4350 67 9.695497 7.161703
4360 67 8.958868 7.292489
4370 67 8.3041115 7.4955883
4380 67 7.649144 7.6989264
4390 67 7.0036473 7.9344835
4400 67 6.364044 8.191521
4410 67 5.724651 8.448557
4420 67 4.983814 8.687217
4430 67 4.2429767 8.925877
4440 67 3.5122418 9.150694
4450 67 2.7918196 9.361908
4460 67 2.0713975 9.573122
4470 67 1.4059069 9.894835
4310 68 10.31279 9.61799
4320 68 9.89186 9.483863
4330 68 9.40779 9.271934
4340 68 8.829011 8.943776
4350 68 8.260756 8.69915
4360 68 7.6977615 8.47839
4370 68 7.1452904 8.269562
4380 68 6.6086044 8.066701
4390 68 6.082442 7.8678975
4400 68 5.5783777 7.6772084
4410 68 5.0799966 7.488906
4420 68 4.4917464 7.4134893
4430 68 3.8936045 7.350722
4440 68 3.323665 7.291057
4450 68 2.753515 7.231392
4460 68 2.164844 7.1189833
4470 68 1.5635453 6.971253
4480 68 0.98644996 6.693453
4490 68 0.43397906 6.285583
4500 68 -0.11849186 5.877952
4510 69 9.4282055 13.047293
4520 69 9.374327 12.790256
4530 69 9.320447 12.533219
4540 69 9.266357 12.276183
4550 69 9.239418 11.988598
4560 69 9.239418 11.6704645
4570 69 9.239418 11.352331
4580 69 9.245312 11.036822
4590 69 9.274356 10.732292
4600 69 9.303189 10.427763
4610 69 9.323605 10.121562
4620 69 9.323605 9.811304
4630 69 9.3034 9.47909
4640 69 9.23563 9.095564
4650 69 9.168071 8.712037
4660 69 9.123241 8.330897
4670 69 9.101563 7.952383
4680 69 9.079676 7.57363
4690 69 9.080096 7.1922517
4700 69 9.095039 6.8087254
4510 70 10.198087 13.383087
4520 70 10.227131 13.070442
4530 70 10.256175 12.75756
4540 70 10.2679615 12.460428
4550 70 10.2627 12.179049
4560 70 10.257228 11.897429
4570 70 10.251756 11.61605
4580 70 10.272592 11.303883
4590 70 10.310896 10.971191
4600 70 10.349201 10.638499
4610 70 10.394661 10.296739
4620 70 10.456959 9.934453
4630 70 10.519257 9.571929
4640 70 10.518205 9.254272
4650 70 10.474638 8.96621
4660 70 10.431072 8.678147
4670 70 10.45738 8.33567
4680 70 10.513364 7.969567
4690 70 10.569558 7.603701
4700 70 10.657533 7.1886716
4600 73 0.1700558 9.85307
4610 73 0.81765693 9.816317
4620 73 1.4652581 9.779563
4630 73 2.0993896 9.725387
4640 73 2.7202616 9.653789
4650 73 3.3415546 9.558325
4660 73 3.963479 9.438995
4670 73 4.5830884 9.3182335
4680 73 5.197646 9.19413
4690 73 5.8122044 9.070027
4700 73 6.413293 8.953561
4710 73 7.0110135 8.8390045
4720 73 7.6390414 8.721583
4730 73 8.337786 8.597481
4740 73 9.03653 8.473377
4750 73 9.681395 8.375766
4760 73 10.31279 8.284836
4770 73 10.969652 8.20584
4780 73 11.637247 8.131617
4790 73 12.305053 8.057632
4610 74 0.4487116 10.200081
4620 74 1.1777627 10.123471
4630 74 1.9070244 10.046623
4640 74 2.5933511 10.001993
4650 74 3.2613673 9.970729
4660 74 3.91865 9.920372
4670 74 4.560148 9.840659
4680 74 5.214273 9.76214
4690 74 5.898285 9.685292
4700 74 6.5822964 9.608683
4710 74 7.2517858 9.49508
4720 74 7.906543 9.344963
4730 74 8.561299 9.194608
4740 74 9.222371 9.051412
4750 74 9.884914 8.909886
4760 74 10.546407 8.775998
4770 74 11.199691 8.710366
4780 74 11.852763 8.644497
4790 74 12.495314 8.584593
4800 74 13.09556 8.549272
4640 75 -0.10039186 11.481445
4650 75 0.4661802 11.297678
4660 75 1.0329628 11.114148
4670 75 1.5995349 10.930619
4680 75 2.1755779 11.006035
4690 75 2.7648802 11.047085
4700 75 3.4577312 10.859021
4710 75 4.109121 10.859021
4720 75 4.7746115 10.854486
4730 75 5.4960856 10.831814
4740 75 6.2104044 10.7993555
4750 75 6.859479 10.680026
4760 75 7.5083427 10.560697
4770 75 8.078072 10.281941
4780 75 8.613706 9.934691
4790 75 9.056945 9.496035
4800 75 9.310976 8.82564
4810 75 9.505656 8.149516
4820 75 9.703704 7.5318646
4830 75 9.723488 6.866004
4680 76 0.32769418 7.0550222
4690 76 0.89889646 7.3702917
4700 76 1.4703093 7.6858
4710 76 1.9293337 8.114433
4720 76 2.3401616 8.591753
4730 76 2.6676452 9.063106
4740 76 2.9395661 9.530402
4750 76 3.2411628 9.966672
4760 76 3.662093 10.2778845
4770 76 4.083023 10.589335
4780 76 4.5275254 10.745658
4790 76 4.974764 10.884796
4800 76 5.3931684 10.906753
4810 76 5.782529 10.811289
4820 76 6.0026755 10.660694
4830 76 6.0533977 10.454969
4840 76 6.10412 10.249245
4850 76 6.0235114 9.966434
4860 76 5.8551393 9.63231
4870 76 5.686767 9.298185
4690 77 -0.014522092 9.26
4700 77 0.5844616 9.02134
4710 77 1.1421942 8.695808
4720 77 1.6599383 8.289371
4730 77 2.1789453 7.8917637
4740 77 2.7886627 7.54165
4750 77 3.41185 7.2089577
4760 77 4.066607 6.983424
4770 77 4.758616 6.768392
4780 77 5.537337 6.577464
4790 77 6.309744 6.3757963
4800 77 7.0674186 6.14907
4810 77 7.8354053 5.9607673
4820 77 8.627807 5.862678
4830 77 9.449883 5.7247324
4840 77 10.291744 5.5607734
4850 77 11.051733 5.454808
4860 77 11.8176155 5.3531394
4870 77 12.60686 5.2696085
4880 77 13.396104 5.1860776
4910 79 0.08418605 8.329227
4920 79 0.5383698 8.329227
4930 79 1.0001302 8.324693
4940 79 1.5300814 8.28054
4950 79 2.060243 8.236388
4960 79 2.5817754 8.178155
4970 79 3.0902593 8.098443
4980 79 3.5989535 8.01897
4990 79 4.155213 7.8741026
5000 79 4.711472 7.729236
5010 79 5.270046 7.591052
5020 79 5.838302 7.479598
5030 79 6.406558 7.368144
5040 79 6.9733405 7.2490525
5050 79 7.534651 7.098697
5060 79 8.095962 6.9485803
5070 79 8.651379 6.842615
5080 79 9.201324 6.7810407
5090 79 9.751269 6.7194667
5100 79 10.304792 6.659324
4910 80 -0.03914651 8.821343
4920 80 0.47207323 8.866689
4930 80 0.98308253 8.912272
4940 80 1.495986 8.945924
4950 80 2.0095208 8.974563
4960 80 2.5226347 8.973608
4970 80 3.0336442 8.854279
4980 80 3.544864 8.734949
4990 80 4.0198836 8.599628
5000 80 4.45723 8.438056
5010 80 4.960031 8.265505
5020 80 5.518816 8.124934
5030 80 6.1619973 8.032334
5040 80 6.7190986 7.9891367
5050 80 7.218953 7.979113
5060 80 7.731646 7.9473715
5070 80 8.295272 7.8280416
5080 80 8.859108 7.7087116
5090 80 9.414525 7.6187367
5100 80 9.957736 7.572437
4960 82 14.943023 9.930396
4970 82 14.311627 10.05975
4980 82 13.680232 10.189342
4990 82 13.048837 10.3189335
5000 82 12.449011 10.4354
5010 82 11.862656 10.546138
5020 82 11.27651 10.657115
5030 82 10.65648 10.763557
5040 82 10.032872 10.869522
5050 82 9.405896 10.986942
5060 82 8.764819 11.149709
5070 82 8.123953 11.312474
5080 82 7.4458346 11.445169
5090 82 6.767716 11.577625
5100 82 6.0986476 11.706264
5110 82 5.4510465 11.825593
5120 82 4.8034453 11.944923
5130 82 4.1417427 12.026783
5140 82 3.4741476 12.092653
5150 82 2.806342 12.158524
4960 83 15.153488 8.932797
4970 83 14.522093 9.018
4980 83 13.8906975 9.103201
4990 83 13.259302 9.188402
5000 83 12.59781 9.29914
5010 83 11.936318 9.410117
5020 83 11.282403 9.54138
5030 83 10.658164 9.755458
5040 83 10.034135 9.969297
5050 83 9.400846 10.172158
5060 83 8.746088 10.349005
5070 83 8.091121 10.525852
5080 83 7.463093 10.649
5090 83 6.852744 10.7365885
5100 83 6.242395 10.823938
5110 83 5.6048965 10.952576
5120 83 4.949087 11.108659
5130 83 4.293488 11.264743
5140 83 3.6465185 11.379538
5150 83 2.9995487 11.494572
5010 84 0.17973721 11.601969
5020 84 0.92520463 11.393142
5030 84 1.6704615 11.184314
5040 84 2.404564 10.948519
5050 84 3.133615 10.701266
5060 84 3.8628767 10.454254
5070 84 4.6085544 10.199842
5080 84 5.355916 9.9447155
5090 84 6.103488 9.689588
5100 84 6.9032555 9.613216
5110 84 7.703023 9.536845
5120 84 8.496476 9.463339
5130 84 9.283827 9.392695
5140 84 10.071177 9.321814
5150 84 10.863156 9.25642
5160 84 11.6566105 9.191982
5170 84 12.442907 9.139477
5180 84 13.201634 9.133033
5190 84 13.960571 9.126828
5200 84 14.719298 9.120623
5230 87 5.097886 11.217965
5240 87 5.612473 11.155913
5250 87 6.1268497 11.094101
5260 87 6.641437 11.032288
5270 87 7.148658 10.932051
5280 87 7.655037 10.827757
5290 87 8.161416 10.723224
5300 87 8.684422 10.636352
5310 87 9.214373 10.556639
5320 87 9.7445345 10.477165
5330 87 10.261858 10.387668
5340 87 10.779391 10.29817
5350 87 11.297135 10.168817
5360 87 11.81509 10.012733
5370 87 12.333256 9.856649
5380 87 12.859418 9.663813
5390 87 13.385581 9.471214
5400 87 13.897642 9.291742
5410 87 14.388868 9.132794
5420 87 14.879883 8.973608
5240 88 14.84221 8.291758
5250 88 14.346144 8.360014
5260 88 13.850078 8.428032
5270 88 13.346435 8.547362
5280 88 12.839424 8.68841
5290 88 12.35346 8.77385
5300 88 11.888753 8.803682
5310 88 11.420679 8.843778
5320 88 10.923981 8.9774275
5330 88 10.427283 9.111076
5340 88 9.945739 9.2619095
5350 88 9.474298 9.424198
5360 88 9.003487 9.588158
5370 88 8.53878 9.767152
5380 88 8.074073 9.946147
5390 88 7.5796905 9.969536
5400 88 7.07268 9.9261
5410 88 6.578087 9.919894
5420 88 6.096122 9.950682
5430 88 5.6139464 9.981469
5240 89 14.81043 8.875997
5250 89 14.376661 8.919433
5260 89 13.942893 8.962869
5270 89 13.490182 9.026352
5280 89 12.960862 9.17098
5290 89 12.431542 9.315608
5300 89 11.902223 9.460236
5310 89 11.442357 9.625866
5320 89 10.990277 9.793882
5330 89 10.532937 9.946625
5340 89 10.055391 10.038508
5350 89 9.577847 10.130154
5360 89 9.1099825 10.238505
5370 89 8.648433 10.357836
5380 89 8.187093 10.477165
5390 89 7.703023 10.604371
5400 89 7.218953 10.731815
5410 89 6.7348833 10.859021
5420 89 6.236081 10.885512
5430 89 5.7370687 10.9120035
5270 90 15.241883 7.4433217
5280 90 14.484209 7.5769715
5290 90 13.726535 7.710621
5300 90 12.981488 7.849998
5310 90 12.265906 8.002741
5320 90 11.550325 8.155482
5330 90 10.863156 8.332807
5340 90 10.183354 8.516575
5350 90 9.501026 8.679341
5360 90 8.809438 8.758815
5370 90 8.112167 8.840914
5380 90 7.367331 8.945924
5390 90 6.636386 9.0464
5400 90 5.916595 9.164536
5410 90 5.2239547 9.323723
5420 90 4.531103 9.48267
5430 90 3.843093 9.649015
5440 90 3.1555033 9.816077
5450 90 2.4681244 9.983139
5460 90 1.81 10.174784
5300 91 2.6491244 8.87528
5310 91 3.1885464 9.009407
5320 91 3.727758 9.143773
5330 91 4.26718 9.2779
5340 91 4.821335 9.394605
5350 91 5.385381 9.499615
5360 91 5.9591093 9.599135
5370 91 6.620601 9.650448
5380 91 7.113721 9.63231
5390 91 7.576744 9.591738
5400 91 8.208139 9.579804
5410 91 8.837641 9.554984
5420 91 9.459354 9.47909
5430 91 10.081279 9.403196
5440 91 10.639432 9.257853
5450 91 11.197586 9.112747
5460 91 11.71996 8.879338
5470 91 12.226971 8.607982
5480 91 12.5858135 8.317294
5490 91 12.796279 8.007036
5410 92 0.36031628 12.523673
5420 92 1.070636 12.424151
5430 92 1.7809558 12.324869
5440 92 2.5640965 12.144443
5450 92 3.3550243 11.955185
5460 92 4.1461625 11.765928
5470 92 4.777558 11.569988
5480 92 5.408953 11.37381
5490 92 6.0805473 11.148515
5500 92 6.9133577 10.806039
5510 92 7.745958 10.463562
5520 92 8.503633 10.154497
5530 92 9.252888 9.849012
5540 92 9.997092 9.522526
5550 92 10.733721 9.164536
5560 92 11.482345 8.805592
5570 92 12.278324 8.442351
5580 92 13.074513 8.079111
5590 92 13.85113 7.81945
5600 92 14.625642 7.5712433
5410 93 0.51121974 13.618883
5420 93 1.0222291 13.431535
5430 93 1.5334488 13.243948
5440 93 2.0143616 13.107435
5450 93 2.4653883 13.022233
5460 93 2.916415 12.937032
5470 93 3.4495232 12.827964
5480 93 4.017779 12.708634
5490 93 4.586035 12.589304
5500 93 5.1081986 12.397183
5510 93 5.610579 12.174036
5520 93 6.112959 11.950651
5530 93 6.629651 11.756382
5540 93 7.1558137 11.581444
5550 93 7.6819763 11.406268
5560 93 8.179937 11.178348
5570 93 8.658745 10.914867
5580 93 9.137764 10.651626
5590 93 9.642248 10.376689
5600 93 10.157467 10.09698
5480 94 0.35779068 11.885258
5490 94 0.989186 11.837526
5500 94 1.6205814 11.789794
5510 94 2.1633708 11.739437
5520 94 2.7048976 11.679056
5530 94 3.2352695 11.526314
5540 94 3.7656417 11.373571
5550 94 4.3511558 11.231569
5560 94 4.9732904 11.096726
5570 94 5.592058 10.983124
5580 94 6.202407 10.919402
5590 94 6.8127556 10.855918
5600 94 7.420368 10.793389
5610 94 8.0216675 10.733725
5620 94 8.622966 10.67406
5630 94 9.220687 10.546138
5640 94 9.814409 10.350198
5650 94 10.408341 10.15402
5660 94 10.969441 9.874788
5670 94 11.516651 9.559757
5660 95 0.031148836 12.329882
5670 95 0.50658953 12.135373
5680 95 0.9822407 11.9408655
5690 95 1.4585232 11.751847
5700 95 1.9417511 11.610322
5710 95 2.424979 11.469035
5720 95 2.9374616 11.326078
5730 95 3.4937208 11.181211
5740 95 4.04998 11.0363455
5750 95 4.5950847 10.914629
5760 95 5.1330338 10.808663
5770 95 5.670772 10.70246
5780 95 6.1723104 10.555207
5790 95 6.66985 10.4034195
5800 95 7.134767 10.202706
5810 95 7.585794 9.980991
5820 95 8.03682 9.759515
5830 95 8.558985 9.594124
5840 95 9.088936 9.4349375
5850 95 9.619098 9.265251
