0 1 12.775232 7.279124
10 1 12.419546 7.1967864
20 1 12.064071 7.1144485
30 1 11.703123 7.036407
40 1 11.293768 6.9967895
50 1 10.8846245 6.956933
60 1 10.475269 6.917077
70 1 10.060232 6.8836646
80 1 9.639302 6.856457
90 1 9.218371 6.8290114
100 1 8.7974415 6.801804
110 1 8.347888 6.801804
120 1 7.898124 6.801804
130 1 7.4485707 6.801804
140 1 6.9990172 6.801804
150 1 6.537467 6.794406
160 1 6.0679197 6.782234
170 1 5.598372 6.7700624
180 1 5.128824 6.7576523
190 1 4.648122 6.7113523
0 2 12.375348 7.9235053
10 2 12.218762 7.7889013
20 2 12.0623865 7.654297
30 2 11.905801 7.519693
40 2 11.727747 7.3893847
50 2 11.355434 7.2975006
60 2 10.983122 7.2056165
70 2 10.544302 7.164567
80 2 10.039186 7.1741138
90 2 9.534069 7.18366
100 2 9.067678 7.2094355
110 2 8.601288 7.2352104
120 2 8.134687 7.260986
130 2 7.66535 7.284136
140 2 7.189488 7.301319
150 2 6.713416 7.318264
160 2 6.237344 7.335448
170 2 5.760851 7.3495283
180 2 5.2805696 7.337357
190 2 4.800288 7.3249464
0 8 7.029535 4.582268
10 8 7.534651 4.527615
20 8 8.039767 4.473201
30 8 8.544884 4.4185476
40 8 9.01843 4.397307
50 8 9.460406 4.40924
60 8 9.902384 4.4211726
70 8 10.34436 4.433106
80 8 10.762765 4.439072
90 8 11.157387 4.439072
100 8 11.552009 4.439072
110 8 11.946631 4.439072
120 8 12.349671 4.439072
130 8 12.761131 4.439072
140 8 13.172801 4.439072
150 8 13.58426 4.439072
160 8 13.99593 4.439072
170 8 14.467372 4.458165
180 8 14.938813 4.4772577
190 8 15.410255 4.496351
0 9 7.029535 5.178918
10 9 7.4557266 5.178918
20 9 7.8819184 5.178918
30 9 8.30811 5.178918
40 9 8.7343025 5.178918
50 9 9.206586 5.178918
60 9 9.678869 5.178918
70 9 10.151154 5.178918
80 9 10.623437 5.178918
90 9 11.057627 5.178918
100 9 11.487817 5.178918
110 9 11.917797 5.178918
120 9 12.347988 5.178918
130 9 12.763236 5.1915665
140 9 13.143757 5.2335706
150 9 13.5244875 5.2758136
160 9 13.905219 5.3178177
170 9 14.285951 5.36006
180 9 14.666682 5.402065
190 9 15.047414 5.4443073
110 10 14.988483 6.014943
120 10 14.508202 6.097042
130 10 14.028131 6.179141
140 10 13.544482 6.257899
150 10 13.029474 6.3082557
160 10 12.514466 6.3583746
170 10 11.999248 6.4087315
180 10 11.488448 6.4693513
190 10 10.987331 6.5545526
200 10 10.486214 6.6397543
210 10 9.985096 6.7251945
220 10 9.48945 6.8166013
230 10 9.043475 6.9643316
240 10 8.5975 7.112062
250 10 8.151525 7.2597923
260 10 7.705549 7.4075227
270 10 7.25368 7.4974976
280 10 6.80118 7.5810285
290 10 6.34868 7.6645594
300 10 5.89618 7.7480903
110 11 15.063198 5.3748574
120 11 14.580181 5.423783
130 11 14.097374 5.4729466
140 11 13.614567 5.5221105
150 11 13.092193 5.495142
160 11 12.552981 5.435477
170 11 12.013559 5.375812
180 11 11.494973 5.3839264
190 11 10.997012 5.4595814
200 11 10.499052 5.535237
210 11 10.001302 5.610892
220 11 9.514075 5.726642
230 11 9.043055 5.902773
240 11 8.572034 6.0789037
250 11 8.100802 6.2552733
260 11 7.6398835 6.4115953
270 11 7.218953 6.4893985
280 11 6.798023 6.566963
290 11 6.377093 6.6447663
300 11 5.9561625 6.7223306
180 12 0.33232442 4.9467015
190 12 0.91257674 5.0552917
200 12 1.4930395 5.1636434
210 12 2.0749755 5.2505155
220 12 2.6632254 5.2505155
230 12 3.2514756 5.2505155
240 12 3.8397255 5.2505155
250 12 4.4342895 5.2540956
260 12 5.044217 5.2665057
270 12 5.6539345 5.2786775
280 12 6.2638626 5.290849
290 12 6.864951 5.3206816
300 12 7.4529905 5.3767667
310 12 8.04103 5.43309
320 12 8.629069 5.4891753
330 12 9.207849 5.5860715
340 12 9.786628 5.682967
350 12 10.365407 5.780102
360 12 10.956814 5.8042064
370 12 11.551377 5.810173
170 13 -0.12627907 4.5085225
180 13 0.43503138 4.515682
190 13 0.99613136 4.5230803
200 13 1.5574418 4.5302405
210 13 2.1238034 4.564846
220 13 2.6977417 4.64074
230 13 3.27168 4.716872
240 13 3.845829 4.792766
250 13 4.4197674 4.86866
260 13 4.9918113 4.935962
270 13 5.5638556 5.003264
280 13 6.1359 5.070566
290 13 6.713837 5.133572
300 13 7.3452325 5.156722
310 13 7.976628 5.180111
320 13 8.608023 5.203261
330 13 9.239418 5.2266498
340 13 9.870813 5.2729497
350 13 10.502209 5.319488
360 13 11.133604 5.3657885
320 14 0.24245581 4.7965846
330 14 0.6012988 4.747659
340 14 0.9599314 4.6989727
350 14 1.3187743 4.6500473
360 14 1.6774069 4.605418
370 14 2.0362499 4.5975423
380 14 2.395093 4.589667
390 14 2.753936 4.581791
400 14 3.112779 4.574154
410 14 3.471622 4.566278
420 14 3.830465 4.558402
430 14 4.128273 4.558402
440 14 4.425871 4.558402
450 14 4.723679 4.558402
460 14 5.021487 4.558402
470 14 5.387907 4.5405025
480 14 5.7621136 4.520694
490 14 6.1363206 4.5006466
500 14 6.530101 4.505897
510 14 6.969763 4.569858
320 15 0.15111394 4.303752
330 15 0.51416624 4.250054
340 15 0.8772186 4.1963553
350 15 1.2402709 4.142657
360 15 1.6026918 4.1001754
370 15 1.9642708 4.0846624
380 15 2.3256395 4.0691495
390 15 2.6870081 4.0536366
400 15 3.048587 4.0381236
410 15 3.4234254 4.0261908
420 15 3.8039465 4.016167
430 15 4.1846776 4.0059047
440 15 4.565199 3.995881
450 15 4.94593 3.9856186
460 15 5.2953024 3.9856186
470 15 5.6444635 3.9856186
480 15 5.993836 3.9856186
490 15 6.3429976 3.9856186
500 15 6.698894 4.0044727
510 15 7.069523 4.066763
320 16 15.015843 4.4056597
330 16 14.432434 4.357928
340 16 13.849236 4.310196
350 16 13.265826 4.262464
360 16 12.668947 4.3068547
370 16 12.065965 4.3906245
380 16 11.462982 4.4746327
390 16 10.86 4.558402
400 16 10.291744 4.773196
410 16 9.723488 4.98799
420 16 9.155232 5.2027836
430 16 8.586976 5.4175773
440 16 8.075126 5.6369057
450 16 7.5630636 5.856234
460 16 7.051213 6.0755625
470 16 6.5511475 6.295368
480 16 6.0788636 6.516606
490 16 5.6065803 6.7378435
500 16 5.1342964 6.959081
510 16 4.660539 7.1669536
330 17 -0.14122209 5.555523
340 17 0.25929302 5.572945
350 17 0.65959764 5.5903673
360 17 1.0601127 5.608028
370 17 1.4604174 5.62545
380 17 1.8567232 5.627121
390 17 2.2505033 5.6182904
400 17 2.6440732 5.60946
410 17 3.037643 5.6006293
420 17 3.4314232 5.5917993
430 17 3.8279395 5.585594
440 17 4.236873 5.5901284
450 17 4.6455965 5.594663
460 17 5.0543194 5.5994363
470 17 5.4632535 5.6039705
480 17 5.8719764 5.6085052
490 17 6.2973266 5.687979
500 17 6.7226768 5.7676916
510 17 7.1480265 5.847165
520 17 7.573166 5.9266386
340 18 0.07745116 4.7743893
350 18 0.43145347 4.785129
360 18 0.78545576 4.795869
370 18 1.1394581 4.806847
380 18 1.4932499 4.817587
390 18 1.9007105 4.820928
400 18 2.3311117 4.820928
410 18 2.7613022 4.820928
420 18 3.191493 4.820928
430 18 3.61558 4.824985
440 18 4.0139904 4.845271
450 18 4.4126115 4.865557
460 18 4.8112326 4.8858433
470 18 5.209643 4.9061294
480 18 5.6347823 4.953623
490 18 6.0864406 5.028323
500 18 6.538099 5.102785
510 18 6.9895463 5.1774855
520 18 7.4412045 5.2519474
530 18 7.874973 5.2941904
450 19 15.410045 4.2261877
460 19 14.716142 4.1617494
470 19 14.022027 4.0973115
480 19 13.328124 4.0326347
490 19 12.63422 3.9681964
500 19 11.97757 3.9044743
510 19 11.325128 3.8407521
520 19 10.672686 3.7772686
530 19 10.055602 3.6961243
540 19 9.442517 3.6130707
550 19 8.807965 3.627629
560 19 8.159101 3.7071028
570 19 7.5123415 3.7975547
580 19 6.8742113 3.9319203
590 19 6.236292 4.066047
600 19 5.598372 4.2004123
610 19 4.9478245 4.2292905
620 19 4.2972765 4.258168
630 19 3.646729 4.287285
640 19 2.9976544 4.277738
600 20 15.089506 4.807563
610 20 14.660157 4.6739135
620 20 14.230809 4.540264
630 20 13.774941 4.329289
640 20 13.301394 4.066763
650 20 12.801961 4.0137806
660 20 12.28548 4.1006527
670 20 11.763737 4.212584
680 20 11.234628 4.362701
690 20 10.705519 4.5128183
700 20 10.176199 4.6626964
710 20 9.641196 4.7949142
720 20 9.105562 4.9249835
730 20 8.569718 5.0552917
740 20 8.046082 5.093
750 20 7.5304418 5.069134
760 20 7.014802 5.045268
770 20 6.4991627 5.0214024
780 20 5.9755254 4.996343
790 20 5.446416 4.9705677
610 21 15.256195 2.8231068
620 21 14.74245 2.7880237
630 21 14.228704 2.752941
640 21 13.714959 2.7178578
650 21 13.186271 2.691128
660 21 12.635273 2.6772857
670 21 12.084486 2.6632047
680 21 11.533488 2.6491237
690 21 10.989857 2.7154713
700 21 10.446014 2.7818186
710 21 9.902384 2.8479273
720 21 9.367592 2.9073536
730 21 8.84627 2.9560404
740 21 8.324947 3.0049655
750 21 7.803415 3.053652
760 21 7.2820926 3.1025774
770 21 6.766243 3.0791888
780 21 6.250393 3.0558
790 21 5.734543 3.0324113
800 21 5.218693 3.0090227
620 22 14.903456 3.8395588
630 22 14.361087 3.7386057
640 22 13.818718 3.6376526
650 22 13.303289 3.5250053
660 22 12.790807 3.4106872
670 22 12.249069 3.408062
680 22 11.687759 3.4796598
690 22 11.126659 3.5512578
700 22 10.592077 3.6407552
710 22 10.075596 3.741947
720 22 9.558905 3.8431387
730 22 9.032742 3.9347842
740 22 8.48448 4.003757
750 22 7.9362183 4.072968
760 22 7.3879566 4.1419406
770 22 6.8506393 4.1765466
780 22 6.3244767 4.1765466
790 22 5.7983136 4.1765466
800 22 5.272151 4.1765466
810 22 4.7459884 4.1765466
680 23 15.269243 3.75388
690 23 14.743081 3.8104424
700 23 14.216918 3.8670046
710 23 13.690756 3.9233284
720 23 13.164593 3.9798908
730 23 12.628959 4.0285773
740 23 12.092273 4.076309
750 23 11.555587 4.1240416
760 23 11.018901 4.1717734
770 23 10.482215 4.203276
780 23 9.945529 4.233109
790 23 9.408843 4.2629414
800 23 8.872157 4.2927737
810 23 8.369566 4.3099575
820 23 7.870974 4.3254704
830 23 7.372172 4.340983
840 23 6.87358 4.356496
850 23 6.379618 4.372009
860 23 5.897443 4.386806
870 23 5.4150567 4.401841
680 24 15.275137 4.226904
690 24 14.72919 4.2977858
700 24 14.183033 4.3686676
710 24 13.637087 4.4397883
720 24 13.09093 4.51067
730 24 12.58876 4.5703354
740 24 12.08638 4.63
750 24 11.58421 4.689665
760 24 11.082041 4.74933
770 24 10.578608 4.799926
780 24 10.074333 4.8443165
790 24 9.57027 4.888707
800 24 9.066206 4.933098
810 24 8.5648775 4.9607825
820 24 8.070705 4.9498043
830 24 7.576323 4.938587
840 24 7.0819407 4.927609
850 24 6.587558 4.916392
860 24 6.1102233 4.9221196
870 24 5.6326776 4.9280863
710 25 14.869781 4.6846533
720 25 14.318573 4.820928
730 25 13.721272 4.98441
740 25 13.016214 5.211137
750 25 12.33557 5.444069
760 25 11.711963 5.691559
770 25 11.088354 5.9390492
780 25 10.474217 6.20778
790 25 9.866183 6.490592
800 25 9.25815 6.7734036
810 25 8.636015 6.976742
820 25 8.012406 7.17125
830 25 7.385852 7.350722
840 25 6.7475114 7.470052
850 25 6.109171 7.5893817
860 25 5.47083 7.706325
870 25 4.8324895 7.814199
880 25 4.1943593 7.9220734
890 25 3.5627534 8.028754
900 25 2.9904988 8.12565
710 26 15.347958 3.990392
720 26 14.699725 4.133588
730 26 14.051493 4.2767835
740 26 13.394631 4.443607
750 26 12.703043 4.7049394
760 26 12.0144005 4.9595895
770 26 11.350594 5.152188
780 26 10.686787 5.345025
790 26 10.025505 5.5762863
800 26 9.366961 5.845733
810 26 8.708415 6.11518
820 26 8.055342 6.344532
830 26 7.4104767 6.5139804
840 26 6.765401 6.6831903
850 26 6.118221 6.8495364
860 26 5.465779 7.0087223
870 26 4.813337 7.16767
880 26 4.1651044 7.311343
890 26 3.5269742 7.419217
900 26 2.888844 7.5270915
740 27 14.864941 4.7777305
750 27 14.301525 4.908755
760 27 13.7379 5.0395403
770 27 13.179746 5.218535
780 27 12.6338 5.509223
790 27 12.087853 5.800149
800 27 11.542328 6.0851088
810 27 10.999117 6.3161316
820 27 10.456117 6.5469155
830 27 9.912907 6.7779384
840 27 9.361278 7.008484
850 27 8.809859 7.2387905
860 27 8.256546 7.4554935
870 27 7.688922 7.5495253
880 27 7.1212974 7.6435575
890 27 6.5536733 7.7375894
900 27 5.9784718 7.8118124
910 27 5.401587 7.881263
920 27 4.8244915 7.950474
930 27 4.2520266 7.9874663
740 28 14.985116 3.705432
750 28 14.353721 3.7362192
760 28 13.722325 3.7670064
770 28 13.093455 3.8235686
780 28 12.487526 4.1128244
790 28 11.881807 4.40208
800 28 11.275879 4.6915746
810 28 10.736457 5.0388246
820 28 10.213661 5.4006324
830 28 9.6908655 5.7624407
840 28 9.161336 6.013511
850 28 8.629069 6.2170877
860 28 8.096804 6.420665
870 28 7.545174 6.5889196
880 28 6.9489264 6.675076
890 28 6.3524685 6.761471
900 28 5.756221 6.847627
910 28 5.2066965 6.9650474
920 28 4.677166 7.0958333
930 28 4.1474257 7.226857
750 29 0.20373023 5.0586333
760 29 0.8126058 5.1354814
770 29 1.4214814 5.2120914
780 29 2.0265687 5.311851
790 29 2.6278675 5.434522
800 29 3.2291663 5.557432
810 29 3.830465 5.6801033
820 29 4.4279757 5.7185273
830 29 5.025275 5.75719
840 29 5.622786 5.7956147
850 29 6.1893578 5.751224
860 29 6.7521415 5.6975255
870 29 7.315136 5.643827
880 29 7.87813 5.5901284
890 29 8.467854 5.55075
900 29 9.060523 5.5130415
910 29 9.6531925 5.475333
920 29 10.223553 5.448603
930 29 10.59334 5.520917
940 29 10.963338 5.593231
750 30 0.042093024 5.536907
760 30 0.6189779 5.634042
770 30 1.1956522 5.7314153
780 30 1.7763256 5.828072
790 30 2.3656278 5.9235363
800 30 2.95493 6.019
810 30 3.5442324 6.1144643
820 30 4.119013 6.167685
830 30 4.6904254 6.2101665
840 30 5.2616277 6.252887
850 30 5.8755546 6.2130303
860 30 6.4892707 6.1734133
870 30 7.0792046 6.1442966
880 30 7.653353 6.122817
890 30 8.227292 6.101099
900 30 8.807965 6.0691185
910 30 9.404213 6.013511
920 30 10.00067 5.9576645
930 30 10.562613 5.9206724
940 30 11.044367 5.9268775
1190 31 -0.08586977 9.7294445
1200 31 0.34368953 9.291742
1210 31 0.77345926 8.854279
1220 31 1.2326941 8.50321
1230 31 1.7363372 8.281495
1240 31 2.2399802 8.05978
1250 31 2.8158126 7.857635
1260 31 3.4400523 7.668378
1270 31 4.064081 7.4791207
1280 31 4.661171 7.2710094
1290 31 5.2464743 7.054545
1300 31 5.8317776 6.8383193
1310 31 6.4311824 6.6347423
1320 31 7.0444775 6.4438148
1330 31 7.6579833 6.252887
1340 31 8.271278 6.061959
1350 31 8.924773 5.8860664
1360 31 9.578478 5.7101746
1370 31 10.231972 5.534282
1380 31 10.88715 5.3817787
1280 32 -0.08418605 4.4459934
1290 32 0.54720926 4.531195
1300 32 1.1786046 4.6163964
1310 32 1.81 4.701598
1320 32 2.469387 4.74933
1330 32 3.1289847 4.797062
1340 32 3.788372 4.844794
1350 32 4.4338684 4.8526697
1360 32 5.0791545 4.860784
1370 32 5.724651 4.86866
1380 32 6.392036 4.8891845
1390 32 7.0596313 4.9094706
1400 32 7.727016 4.9299955
1410 32 8.396927 4.953623
1420 32 9.069363 4.980114
1430 32 9.741588 5.006605
1440 32 10.414024 5.0330963
1450 32 11.074674 5.093
1460 32 11.734061 5.156722
1470 32 12.393659 5.220206
1530 33 0.083344184 8.76144
1540 33 0.4964872 8.549272
1550 33 0.9096302 8.337103
1560 33 1.3311918 8.180064
1570 33 1.7651709 8.105603
1580 33 2.1993604 8.030902
1590 33 2.6266046 7.968135
1600 33 3.0264883 7.9521446
1610 33 3.426372 7.9361544
1620 33 3.8289917 7.9070377
1630 33 4.2427664 7.8247004
1640 33 4.65633 7.7423625
1650 33 5.097044 7.671719
1660 33 5.6008973 7.628522
1670 33 6.104751 7.585086
1680 33 6.6086044 7.54165
1690 33 7.113721 7.3984537
1700 33 7.618837 7.255258
1710 33 8.123953 7.112062
1720 33 8.595606 6.9473867
1590 34 14.788752 4.8011193
1600 34 14.227442 4.808995
1610 34 13.666131 4.8168707
1620 34 13.114291 4.820928
1630 34 12.571502 4.820928
1640 34 12.028712 4.820928
1650 34 11.485923 4.820928
1660 34 10.968599 4.799926
1670 34 10.46201 4.7700934
1680 34 9.955631 4.740261
1690 34 9.459144 4.735488
1700 34 8.972338 4.7552967
1710 34 8.485743 4.7751055
1720 34 7.998937 4.7951527
1730 34 7.5123415 4.8149614
1740 34 7.0634193 4.820928
1750 34 6.6309137 4.820928
1760 34 6.1981974 4.820928
1770 34 5.765481 4.820928
1780 34 5.3329754 4.820928
1580 35 15.004268 4.156976
1590 35 14.468424 4.1786942
1600 35 13.93279 4.2004123
1610 35 13.397157 4.2221303
1620 35 12.861312 4.1918206
1630 35 12.325679 4.1555443
1640 35 11.789835 4.119507
1650 35 11.244941 4.1006527
1660 35 10.694153 4.0937314
1670 35 10.143155 4.0868106
1680 35 9.609837 4.0834694
1690 35 9.146813 4.0954022
1700 35 8.68379 4.107335
1710 35 8.220767 4.119268
1720 35 7.7670045 4.1328716
1730 35 7.350704 4.1531577
1740 35 6.934194 4.173444
1750 35 6.5176835 4.19373
1760 35 6.101173 4.214016
1770 35 5.6497254 4.2192664
1650 36 0.19068138 6.6003757
1660 36 0.48785812 6.818033
1670 36 0.7848244 7.0354524
1680 36 1.0838953 7.250485
1690 36 1.399593 7.4414124
1700 36 1.7152907 7.6323404
1710 36 2.0309882 7.8232684
1720 36 2.3355312 8.011093
1730 36 2.5407348 8.170041
1740 36 2.7457278 8.329227
1750 36 2.9509313 8.488413
1760 36 3.1378243 8.6237335
1770 36 3.2518964 8.664783
1780 36 3.366179 8.705593
1790 36 3.4804616 8.746643
1800 36 3.5198185 8.7416315
1810 36 3.5271847 8.71681
1820 36 3.5343406 8.692228
1830 36 3.5417068 8.667408
1840 36 3.5488627 8.642826
1640 37 0.13953836 5.5156665
1650 37 0.41608953 5.768169
1660 37 0.69264066 6.020432
1670 37 0.9694023 6.2726955
1680 37 1.1352488 6.4893985
1690 37 1.2535301 6.690589
1700 37 1.372022 6.892018
1710 37 1.5117708 7.020655
1720 37 1.6731976 7.076263
1730 37 1.8346244 7.1318707
1740 37 1.9691116 7.233301
1750 37 2.0770802 7.380077
1760 37 2.1850488 7.5268526
1770 37 2.2930174 7.673867
1780 37 2.3799396 7.8041754
1790 37 2.4527605 7.9235053
1800 37 2.5255814 8.042835
1810 37 2.5984023 8.162165
1820 37 2.6712232 8.281495
1830 37 2.7305744 8.354764
1680 38 0.15826976 5.7562356
1690 38 0.63434184 5.7789083
1700 38 1.1104139 5.80182
1710 38 1.586486 5.8244925
1720 38 2.0625582 5.847165
1730 38 2.5266337 5.9022956
1740 38 2.9907093 5.957426
1750 38 3.4547849 6.0123177
1760 38 3.9175975 6.0645843
1770 38 4.3671513 6.091791
1780 38 4.8167043 6.1189985
1790 38 5.2664685 6.145967
1800 38 5.716022 6.1731744
1810 38 6.159893 6.177232
1820 38 6.6014485 6.1715035
1830 38 7.0427938 6.1655374
1840 38 7.4843497 6.1598096
1850 38 7.9254847 6.119953
1860 38 8.366409 6.0574245
1870 38 8.807544 5.9948955
1680 39 0.13638139 4.9560094
1690 39 0.6082442 4.9147215
1700 39 1.0798965 4.8736715
1710 39 1.5526011 4.8366795
1720 39 2.0276208 4.8092337
1730 39 2.5026407 4.7820263
1740 39 2.977871 4.7548194
1750 39 3.4411047 4.8268943
1760 39 3.9013917 4.9237905
1770 39 4.3618894 5.020686
1780 39 4.816073 5.1039786
1790 39 5.2660475 5.1782017
1800 39 5.716022 5.2521863
1810 39 6.154842 5.2431173
1820 39 6.588821 5.198249
1830 39 7.0230103 5.15362
1840 39 7.478246 5.1206846
1850 39 7.95495 5.099683
1860 39 8.431653 5.078442
1870 39 8.904358 5.0536213
1870 40 0.099129066 7.230199
1880 40 0.45923486 7.21755
1890 40 0.8191302 7.2049007
1900 40 1.179236 7.1924906
1910 40 1.5513383 7.1872396
1920 40 1.951643 7.1986957
1930 40 2.352158 7.21039
1940 40 2.7524626 7.222084
1950 40 3.1462429 7.1996503
1960 40 3.5130837 7.040464
1970 40 3.8801348 6.881278
1980 40 4.2469754 6.7223306
1990 40 4.610238 6.552405
2000 40 4.9646616 6.3576584
2010 40 5.3192954 6.163151
2020 40 5.6737185 5.9684043
2030 40 6.061395 5.808025
2040 40 6.4823256 5.6820126
2050 40 6.9032555 5.5562387
2060 40 7.324186 5.4302263
1890 41 0.017047673 7.659786
1900 41 0.3527395 7.66623
1910 41 0.6882209 7.6726737
1920 41 1.0239128 7.6791177
1930 41 1.3596046 7.682698
1940 41 1.6963488 7.6624117
1950 41 2.033093 7.6418867
1960 41 2.369837 7.621362
1970 41 2.6990047 7.6132474
1980 41 3.0233314 7.6132474
1990 41 3.3474476 7.6132474
2000 41 3.6717744 7.6132474
2010 41 4.004099 7.505851
2020 41 4.337265 7.386521
2030 41 4.670642 7.267191
2040 41 5.0212765 7.1418943
2050 41 5.412952 7.0027556
2060 41 5.804838 6.8633785
2070 41 6.1965137 6.72424
2080 41 6.567143 6.6094446
1890 42 -0.1683721 5.4533763
1900 42 0.41040698 5.423544
1910 42 0.989186 5.3937116
1920 42 1.5744895 5.342161
1930 42 2.1854696 5.2035
1940 42 2.79645 5.065077
1950 42 3.404273 4.9311886
1960 42 3.9830523 4.8416915
1970 42 4.5618315 4.752194
1980 42 5.14061 4.6626964
1990 42 5.7208624 4.569142
2000 42 6.301115 4.4753485
2010 42 6.8815775 4.3813167
2020 42 7.48898 4.2658052
2030 42 8.114272 4.136213
2040 42 8.739774 4.0068593
2050 42 9.372222 3.8851428
2060 42 10.068861 3.8357403
2070 42 10.765711 3.7865763
2080 42 11.463403 3.751732
1900 43 0.2485593 5.8120823
1910 43 0.8669058 5.7748513
1920 43 1.4850419 5.7376204
1930 43 2.102336 5.6910815
1940 43 2.7112114 5.5633984
1950 43 3.3200872 5.435477
1960 43 3.9230697 5.3101807
1970 43 4.512372 5.1908507
1980 43 5.101674 5.071521
1990 43 5.6941338 4.966272
2000 43 6.293538 4.8939576
2010 43 6.893153 4.821644
2020 43 7.492558 4.74933
2030 43 8.085649 4.64074
2040 43 8.67874 4.532388
2050 43 9.27204 4.423798
2060 43 9.928692 4.3674746
2070 43 10.612703 4.333346
2080 43 11.296715 4.2992177
2090 43 11.952945 4.318072
1900 44 0.003788372 6.4839096
1910 44 0.34179533 6.5092072
1920 44 0.67959183 6.5342665
1930 44 1.0173883 6.559326
1940 44 1.3551848 6.5843854
1950 44 1.7115023 6.5173216
1960 44 2.0699244 6.4399962
1970 44 2.4283464 6.3624315
1980 44 2.781086 6.280094
1990 44 3.111937 6.1779475
2000 44 3.4425778 6.0755625
2010 44 3.7770069 6.009215
2020 44 4.1171184 5.9970436
2030 44 4.45702 5.984872
2040 44 4.796921 5.9727
2050 44 5.171549 5.90683
2060 44 5.5809035 5.7875
2070 44 5.9900475 5.6681705
2080 44 6.399402 5.5488405
2090 44 6.807494 5.3937116
1910 45 -0.034305815 7.149532
1920 45 0.3144349 7.115403
1930 45 0.6631756 7.081275
1940 45 1.0121267 7.047385
1950 45 1.3636035 7.018746
1960 45 1.7413883 7.039748
1970 45 2.1189628 7.06075
1980 45 2.4965372 7.0819907
1990 45 2.8810568 7.0442824
2000 45 3.268944 6.981515
2010 45 3.6566207 6.918509
2020 45 4.0442977 6.8557415
2030 45 4.394722 6.7526402
2040 45 4.740937 6.6447663
2050 45 5.087152 6.536892
2060 45 5.4727244 6.3996625
2070 45 5.8681884 6.255035
2080 45 6.2636523 6.110407
2090 45 6.646278 5.944061
2100 45 7.016065 5.755997
1950 47 0.061666276 5.667693
1960 47 0.4981709 5.7915573
1970 47 0.9346756 5.915183
1980 47 1.362972 6.0123177
1990 47 1.7586465 6.0027714
2000 47 2.154321 5.993225
2010 47 2.5335789 5.9968047
2020 47 2.9061022 6.0058737
2030 47 3.2723114 6.0304556
2040 47 3.5837998 6.1927443
2050 47 3.8952882 6.355033
2060 47 4.249501 6.5371304
2070 47 4.632127 6.732354
2080 47 5.030116 6.9144516
2090 47 5.4510465 7.0767403
2100 47 5.8719764 7.239029
2110 47 6.336052 7.284613
2120 47 6.804758 7.317071
2130 47 7.2326336 7.2934437
2140 47 7.6430407 7.2457113
1970 50 -0.18689302 5.186555
1980 50 0.38557208 5.167462
1990 50 0.9580372 5.1483693
2000 50 1.5313442 5.1187754
2010 50 2.112228 4.9946723
2020 50 2.6931117 4.870569
2030 50 3.265366 4.7657976
2040 50 3.8321488 4.6741524
2050 50 4.3987207 4.582268
2060 50 5.0075965 4.539548
2070 50 5.616472 4.4970665
2080 50 6.2200856 4.457449
2090 50 6.8028636 4.430003
2100 50 7.3856416 4.4023185
2110 50 7.993465 4.3388352
2120 50 8.617915 4.251247
2130 50 9.242154 4.1638975
2140 50 9.862395 4.119268
2150 50 10.47969 4.103278
2160 50 11.097194 4.0875263
1980 51 15.069302 5.5454993
1990 51 14.648372 5.4595814
2000 51 14.227442 5.373664
2010 51 13.75158 5.3345237
2020 51 13.193426 5.3657885
2030 51 12.639272 5.4106565
2040 51 12.120475 5.581298
2050 51 11.60189 5.7517014
2060 51 11.091512 5.902773
2070 51 10.600496 6.0089765
2080 51 10.109271 6.1149416
2090 51 9.6409855 6.212553
2100 51 9.187644 6.3041987
2110 51 8.7343025 6.3960824
2120 51 8.250233 6.5314026
2130 51 7.7661624 6.6664844
2140 51 7.2820926 6.801804
2150 51 6.7813964 6.809919
2160 51 6.2804894 6.8182716
2170 51 5.775794 6.8177943
1980 52 15.125075 4.9870353
1990 52 14.566921 4.997298
2000 52 14.008768 5.0077987
2010 52 13.452088 5.074862
2020 52 12.896461 5.1798725
2030 52 12.345673 5.2805867
2040 52 11.839084 5.3423996
2050 52 11.332283 5.4042125
2060 52 10.847582 5.459104
2070 52 10.395503 5.5032563
2080 52 9.943213 5.5474086
2090 52 9.537647 5.6581464
2100 52 9.151654 5.797524
2110 52 8.777868 5.971507
2120 52 8.432075 6.22735
2130 52 8.094488 6.3531237
2140 52 7.6744 6.433075
2150 52 7.1290846 6.465533
2160 52 6.57493 6.4648166
2170 52 5.9856277 6.331167
2020 53 14.8142185 6.969821
2030 53 14.261747 7.0197005
2040 53 13.705488 7.0586023
2050 53 13.116185 7.0013237
2060 53 12.526883 6.9440455
2070 53 11.936529 6.943091
2080 53 11.345753 6.9798446
2090 53 10.754767 7.016598
2100 53 10.260174 7.231392
2110 53 9.765581 7.4461856
2120 53 9.344651 7.653104
2130 53 8.904569 7.805369
2140 53 8.4453335 7.902981
2150 53 7.987151 7.941405
2160 53 7.531073 7.8418837
2170 53 7.075206 7.7426014
2180 53 6.526944 7.658116
2190 53 5.9683695 7.5755396
2200 53 5.3900113 7.52017
2210 53 4.7659826 7.5285234
2490 54 0.34726742 4.518546
2500 54 1.0575871 4.5385933
2510 54 1.7679069 4.558402
2520 54 2.4386592 4.5932465
2530 54 3.109622 4.628091
2540 54 3.7803743 4.6626964
2550 54 4.451337 4.6975408
2560 54 5.126088 4.730237
2570 54 5.816414 4.754103
2580 54 6.506739 4.7779694
2590 54 7.197065 4.801835
2600 54 7.8873906 4.825701
2610 54 8.575822 4.837634
2620 54 9.256466 4.802074
2630 54 9.93711 4.7665133
2640 54 10.617754 4.730953
2650 54 11.298398 4.695393
2660 54 11.972729 4.66389
2670 54 12.640534 4.636444
2680 54 13.30834 4.608998
2680 55 14.99164 5.75719
2690 55 14.426541 5.811605
2700 55 13.861232 5.8662577
2710 55 13.295923 5.920911
2720 55 12.694624 5.9590964
2730 55 12.069332 5.986304
2740 55 11.44383 6.013511
2750 55 10.824431 6.0354676
2760 55 10.259333 6.008022
2770 55 9.694023 5.9808145
2780 55 9.128714 5.9536076
2790 55 8.5648775 5.9192405
2800 55 8.002094 5.8805776
2810 55 7.43931 5.8416758
2820 55 6.876316 5.8027744
2830 55 6.331001 5.7290287
2840 55 5.826937 5.5734224
2850 55 5.322873 5.4180546
2860 55 4.8185987 5.262687
2870 55 4.3145347 5.10732
2720 56 0.14795697 8.356673
2730 56 0.40156743 8.173143
2740 56 0.6551779 7.989614
2750 56 0.9087883 7.8060846
2760 56 1.119043 7.6091905
2770 56 1.3002534 7.403704
2780 56 1.4814639 7.1982183
2790 56 1.6626743 6.992732
2800 56 1.9413302 6.8120666
2810 56 2.2201965 6.631401
2820 56 2.4988523 6.4509745
2830 56 2.7400453 6.313506
2840 56 2.8938951 6.276753
2850 56 3.0477452 6.2399993
2860 56 3.0062835 6.249784
2870 56 2.8814778 6.279617
2880 56 2.7564616 6.309449
2890 56 2.6314452 6.3392816
2900 56 2.506429 6.369114
2910 56 2.3816233 6.398947
2790 57 0.57877904 9.29389
2800 57 0.6840116 8.929217
2810 57 0.7892442 8.564546
2820 57 0.8944767 8.199873
2830 57 1.205965 7.9457006
2840 57 1.6058488 7.7390213
2850 57 2.0057325 7.532103
2860 57 2.41635 7.4340143
2870 57 2.8315976 7.382225
2880 57 3.2468452 7.330674
2890 57 3.662093 7.279124
2900 57 3.8077347 7.24237
2910 57 3.953587 7.2056165
2920 57 4.044929 7.183421
2930 57 4.054821 7.1824665
2940 57 4.0647125 7.181512
2950 57 4.0746045 7.180796
2960 57 4.0844965 7.1798415
2970 57 4.094388 7.178887
2980 57 4.10428 7.1781707
2890 58 15.029313 5.640486
2900 58 14.4198065 5.722823
2910 58 13.810089 5.805161
2920 58 13.202055 5.889169
2930 58 12.599704 5.9796214
2940 58 11.997143 6.070073
2950 58 11.410997 6.140001
2960 58 10.862525 6.161719
2970 58 10.314054 6.183437
2980 58 9.765581 6.205155
2990 58 9.219424 6.160048
3000 58 8.673477 6.1149416
3010 58 8.12732 6.069596
3020 58 7.5710616 6.016375
3030 58 6.9905987 5.944061
3040 58 6.4103465 5.871747
3050 58 5.8298836 5.799433
3060 58 5.2946706 5.792512
3070 58 4.759458 5.7858295
3080 58 4.224245 5.7789083
2890 59 15.230097 4.80637
2900 59 14.636796 4.8786836
2910 59 14.043705 4.9509974
2920 59 13.450615 5.0233116
2930 59 12.856893 5.1123314
2940 59 12.26275 5.2175803
2950 59 11.668396 5.3228297
2960 59 11.0757265 5.421396
2970 59 10.496947 5.4586267
2980 59 9.918168 5.4958577
2990 59 9.339389 5.5330887
3000 59 8.759347 5.496335
3010 59 8.179095 5.4512286
3020 59 7.5988426 5.4058833
3030 59 7.0282717 5.3579125
3040 59 6.4964266 5.2982473
3050 59 5.9643707 5.2385826
3060 59 5.432315 5.178918
3070 59 4.914781 5.1452665
3080 59 4.4067183 5.128799
2980 60 15.111395 8.042835
2990 60 14.680994 7.8258934
3000 60 14.250382 7.6089516
3010 60 13.775784 7.462653
3020 60 13.29003 7.3342543
3030 60 12.795648 7.2185044
3040 60 12.266748 7.154066
3050 60 11.737639 7.0893893
3060 60 11.20874 7.024951
3070 60 10.677106 6.977458
3080 60 10.142735 6.9469094
3090 60 9.608574 6.9161224
3100 60 9.0742035 6.885574
3110 60 8.566982 6.823045
3120 60 8.077862 6.7392755
3130 60 7.5887403 6.6552672
3140 60 7.099409 6.5714974
3150 60 6.631545 6.439519
3160 60 6.1659966 6.3020506
3170 60 5.7004476 6.1645827
2980 61 15.028682 5.415907
2990 61 14.412861 5.398246
3000 61 13.797251 5.3803463
3010 61 13.175116 5.3564806
3020 61 12.54372 5.3235455
3030 61 11.912325 5.290372
3040 61 11.28093 5.257198
3050 61 10.675422 5.2211604
3060 61 10.076438 5.1844068
3070 61 9.472404 5.1581545
3080 61 8.847953 5.1741443
3090 61 8.223503 5.1901345
3100 61 7.6118917 5.2175803
3110 61 7.050581 5.290849
3120 61 6.4892707 5.3643565
3130 61 5.9281707 5.4378633
3140 61 5.372964 5.4953804
3150 61 4.8316474 5.5156665
3160 61 4.2905416 5.5361915
3170 61 3.7492254 5.556716
2980 62 14.756551 4.51067
2990 62 14.131259 4.51067
3000 62 13.505756 4.51067
3010 62 12.880465 4.51067
3020 62 12.325679 4.505181
3030 62 11.770682 4.4999304
3040 62 11.215897 4.4944415
3050 62 10.66111 4.488952
3060 62 10.134948 4.473678
3070 62 9.627727 4.4521985
3080 62 9.085989 4.439072
3090 62 8.491635 4.439072
3100 62 7.9155927 4.4445615
3110 62 7.347337 4.452676
3120 62 6.7790813 4.4605517
3130 62 6.231451 4.563175
3140 62 5.6926603 4.7063713
3150 62 5.152186 4.8400207
3160 62 4.6049767 4.935485
3170 62 4.044929 4.9982524
3050 64 -0.14038023 5.2863145
3060 64 0.31569767 5.196817
3070 64 0.77177554 5.10732
3080 64 1.2295371 5.013765
3090 64 1.6942441 4.904459
3100 64 2.158951 4.7951527
3110 64 2.5636754 4.7237935
3120 64 2.9534569 4.6617417
3130 64 3.339029 4.6030316
3140 64 3.6867173 4.5720057
3150 64 4.034616 4.5407414
3160 64 4.476172 4.5345364
3170 64 4.94151 4.5345364
3180 64 5.512081 4.6347733
3190 64 6.094438 4.7462273
3200 64 6.6765847 4.857443
3210 64 7.217059 4.9142437
3220 64 7.7526927 4.96484
3230 64 8.288537 5.0154357
3240 64 8.841849 5.035722
3050 65 -0.13048837 4.620454
3060 65 0.3746279 4.6521955
3070 65 0.87300926 4.6550593
3080 65 1.3440301 4.541457
3090 65 1.8167348 4.4352536
3100 65 2.3056452 4.3968296
3110 65 2.7943454 4.3581667
3120 65 3.2832558 4.319742
3130 65 3.7622743 4.2786927
3140 65 4.241293 4.237405
3150 65 4.713787 4.201844
3160 65 5.128824 4.2149706
3170 65 5.544072 4.228336
3180 65 5.9591093 4.2414618
3190 65 6.424658 4.267476
3200 65 6.940508 4.3059
3210 65 7.4565682 4.344324
3220 65 7.9877825 4.373918
3230 65 8.542148 4.38967
3240 65 9.096302 4.4056597
3140 66 -0.1224907 7.323992
3150 66 0.38494068 7.5767326
3160 66 0.8791128 7.811574
3170 66 1.2514255 7.8848424
3180 66 1.6237383 7.9583497
3190 66 1.9878429 8.007514
3200 66 2.3433185 8.032096
3210 66 2.6990047 8.056916
3220 66 3.1045709 8.042119
3230 66 3.543601 8.001308
3240 66 3.9826312 7.960259
3250 66 4.4243975 7.918255
3260 66 4.8914194 7.8659883
3270 66 5.358231 7.8139606
3280 66 5.8252535 7.761694
3290 66 6.3425765 7.7304296
3300 66 6.8655825 7.701552
3310 66 7.388588 7.6724353
3320 66 7.9113836 7.606565
3330 66 8.433758 7.5161133
3190 67 1.2087011 0.51478916
3200 67 1.0984174 1.2763526
3210 67 1.034015 2.0264604
3220 67 1.1529279 2.7321775
3230 67 1.2718407 3.4376557
3240 67 1.529029 3.7863376
3250 67 1.8440953 4.062706
3260 67 2.3296382 4.2094817
3270 67 2.9265172 4.2693853
3280 67 3.5358138 4.319742
3290 67 4.097124 4.2970695
3300 67 4.658224 4.274397
3310 67 5.1923847 4.1596017
3320 67 5.7235985 4.034544
3330 67 6.142635 3.9457624
3340 67 6.5334682 3.8662887
3350 67 6.953136 3.886336
3360 67 7.3850102 3.9491036
3370 67 7.7520614 4.1617494
3380 67 8.102907 4.411865
3260 69 0.0 4.2242785
3270 69 0.5086942 4.283943
3280 69 1.0171778 4.3436084
3290 69 1.5153488 4.4008865
3300 69 2.0063639 4.4564943
3310 69 2.4975893 4.512341
3320 69 3.0096512 4.5791655
3330 69 3.5358138 4.6538663
3340 69 4.0619764 4.7283278
3350 69 4.580773 4.8152003
3360 69 5.0882044 4.9206877
3370 69 5.595846 5.0259366
3380 69 6.103488 5.1311855
3390 69 6.635544 5.197533
3400 69 7.1675997 5.2638807
3410 69 7.6994452 5.3299894
3420 69 8.232763 5.3889384
3430 69 8.767977 5.4366703
3440 69 9.303189 5.484402
3450 69 9.838402 5.532134
3260 70 -0.15826976 3.8975532
3270 70 0.3426372 3.9386027
3280 70 0.8433337 3.9798908
3290 70 1.3440301 4.0209403
3300 70 1.8478837 4.0834694
3310 70 2.353 4.155067
3320 70 2.8581161 4.226665
3330 70 3.3798592 4.261748
3340 70 3.9089684 4.2810793
3350 70 4.437867 4.3004107
3360 70 4.9669766 4.319742
3370 70 5.4960856 4.408285
3380 70 6.0254054 4.4970665
3390 70 6.554515 4.5856094
3400 70 7.080046 4.692052
3410 70 7.6019998 4.816155
3420 70 8.123953 4.940258
3430 70 8.685264 4.9314275
3440 70 9.246364 4.922597
3450 70 9.806412 4.9142437
3370 71 0.16437325 9.209404
3380 71 0.43145347 8.961676
3390 71 0.6985337 8.713946
3400 71 0.9969732 8.416815
3410 71 1.3088825 8.098443
3420 71 1.6205814 7.7803097
3430 71 2.0006814 7.595587
3440 71 2.3809917 7.410864
3450 71 2.7610917 7.2259026
3460 71 3.2007535 7.009916
3470 71 3.6469395 6.7903485
3480 71 4.099229 6.6247187
3490 71 4.5609894 6.5399947
3500 71 5.02275 6.4552703
3510 71 5.5017686 6.3624315
3520 71 6.0218277 6.250023
3530 71 6.5416765 6.1378527
3540 71 7.0617356 6.025444
3550 71 7.600737 5.9221044
3560 71 8.142054 5.8199577
3400 72 0.1894186 4.707087
3410 72 0.82081395 4.8538632
3420 72 1.4522092 5.0008774
3430 72 2.093286 5.1202073
3440 72 2.7408872 5.2211604
3450 72 3.3884883 5.3221135
3460 72 4.0461917 5.411611
3470 72 4.703895 5.501108
3480 72 5.3615985 5.5906057
3490 72 6.0207753 5.65934
3500 72 6.6801624 5.723062
3510 72 7.3395495 5.786784
3520 72 7.943795 5.921388
3530 72 8.53436 6.073892
3540 72 9.124926 6.2263956
3550 72 9.703073 6.397515
3560 72 10.2321825 6.642857
3570 72 10.7612915 6.8884377
3580 72 11.290611 7.13378
3590 72 11.698703 7.502987
3620 73 15.219153 9.886244
3630 73 15.002374 9.871924
3640 73 14.785595 9.857366
3650 73 14.568605 9.842808
3660 73 14.368453 9.770732
3670 73 14.2070265 9.563814
3680 73 14.04581 9.357135
3690 73 13.876596 9.140671
3700 73 13.689492 8.902011
3710 73 13.5026 8.663351
3720 73 13.315496 8.424691
3730 73 13.012426 8.13639
3740 73 12.659687 7.826848
3750 73 12.3071575 7.517068
3760 73 11.954418 7.2075257
3770 73 11.499814 7.0261445
3780 73 11.045209 6.8447633
3790 73 10.558614 6.76696
3800 73 10.040028 6.7924967
3810 73 9.521231 6.818033
3990 74 0.19888952 5.3779597
4000 74 0.7721965 5.419248
4010 74 1.3455034 5.4602976
4020 74 1.9055511 5.4913235
4030 74 2.434871 5.498006
4040 74 2.9639802 5.504927
4050 74 3.4930894 5.5116096
4060 74 4.059872 5.5221105
4070 74 4.636336 5.533566
4080 74 5.2125893 5.544783
4090 74 5.7888427 5.5562387
4100 74 6.3855114 5.578673
4110 74 6.99586 5.6085052
4120 74 7.6062093 5.6383376
4130 74 8.2165575 5.6681705
4140 74 8.785024 5.7550426
4150 74 9.325499 5.879623
4160 74 9.8659725 6.0044417
4170 74 10.406447 6.129261
4180 74 10.942923 6.2571826
4030 75 15.090348 8.090568
4040 75 14.723928 8.037584
4050 75 14.357719 7.9846025
4060 75 14.003507 7.932097
4070 75 13.678338 7.881501
4080 75 13.352959 7.8309054
4090 75 13.02779 7.7803097
4100 75 12.691046 7.6292377
4110 75 12.354302 7.4779277
4120 75 12.017558 7.3268557
4130 75 11.6923895 7.2182655
4140 75 11.36701 7.1099143
4150 75 11.0418415 7.0013237
4160 75 10.715621 7.003472
4170 75 10.388979 7.0528746
4180 75 10.062337 7.102277
4190 75 9.734012 7.159794
4200 75 9.405265 7.219459
4210 75 9.076308 7.279124
4220 75 8.741247 7.310866
4120 76 14.843052 4.8058925
4130 76 14.2249155 4.7686615
4140 76 13.606569 4.7314305
4150 76 12.9915905 4.701598
4160 76 12.389239 4.701598
4170 76 11.786677 4.701598
4180 76 11.1811695 4.705655
4190 76 10.567663 4.719259
4200 76 9.954369 4.7328625
4210 76 9.341073 4.7467046
4220 76 8.700207 4.800642
4230 76 8.052816 4.86508
4240 76 7.418264 4.917824
4250 76 6.8363276 4.924745
4260 76 6.254602 4.931905
4270 76 5.672666 4.938826
4280 76 5.078523 4.9144826
4290 76 4.481223 4.8822637
4300 76 3.883923 4.8500443
4310 76 3.290201 4.820212
4120 77 14.808325 4.0333505
4130 77 14.202186 4.0333505
4140 77 13.596046 4.0333505
4150 77 13.020424 4.0192695
4160 77 12.4445915 4.005189
4170 77 11.868969 3.9913466
4180 77 11.2401 3.9856186
4190 77 10.575871 3.9856186
4200 77 9.911644 3.9856186
4210 77 9.263201 4.0195084
4220 77 8.63854 4.104233
4230 77 8.01388 4.1889567
4240 77 7.4005847 4.2481446
4250 77 6.8135977 4.2481446
4260 77 6.2264 4.2481446
4270 77 5.6394124 4.2481446
4280 77 5.0360093 4.251486
4290 77 4.416189 4.258168
4300 77 3.79658 4.264612
4310 77 3.1767604 4.2712946
4190 78 14.942181 5.7870226
4200 78 14.448009 5.745496
4210 78 13.953836 5.703969
4220 78 13.421149 5.733802
4230 78 12.888462 5.763634
4240 78 12.355565 5.7934666
4250 78 11.866444 5.897761
4260 78 11.388057 6.020671
4270 78 10.90967 6.1435804
4280 78 10.439701 6.271502
4290 78 9.97773 6.4039583
4300 78 9.515969 6.536653
4310 78 9.053999 6.6691093
4320 78 8.613285 6.7779384
4330 78 8.174886 6.883903
4340 78 7.7362766 6.990107
4350 78 7.2873545 7.0955944
4360 78 6.813808 7.2001276
4370 78 6.3402615 7.304422
4380 78 5.873871 7.4058523
4190 79 15.180638 4.935246
4200 79 14.624378 4.9607825
4210 79 14.068119 4.986319
4220 79 13.51186 5.0118556
4230 79 12.979173 5.0789194
4240 79 12.4464855 5.1459827
4250 79 11.913588 5.2132845
4260 79 11.393739 5.2729497
4270 79 10.877257 5.330705
4280 79 10.360566 5.3886995
4290 79 9.872707 5.4681735
4300 79 9.413473 5.569365
4310 79 8.954238 5.6707954
4320 79 8.48911 5.772226
4330 79 7.9999895 5.8755655
4340 79 7.510658 5.978667
4350 79 7.021537 6.0820065
4360 79 6.5536733 6.1877327
4370 79 6.1072764 6.296323
4380 79 5.66088 6.4046745
4250 80 14.870412 4.8431234
4260 80 14.347828 4.917108
4270 80 13.825453 4.991331
4280 80 13.28098 5.1097064
4290 80 12.703884 5.294429
4300 80 12.126789 5.4791517
4310 80 11.550957 5.670318
4320 80 10.97765 5.876043
4330 80 10.404132 6.0817676
4340 80 9.86471 6.3142223
4350 80 9.376221 6.5870104
4360 80 8.887732 6.8597984
4370 80 8.419446 7.1407013
4380 80 7.964842 7.427093
4390 80 7.506659 7.703461
4400 80 7.0154333 7.889138
4410 80 6.5397825 8.041642
4420 80 6.0997 8.117774
4430 80 5.65183 8.186031
4440 80 5.133665 8.186031
4290 81 14.9253435 5.6400084
4300 81 14.445483 5.7450185
4310 81 13.965623 5.850029
4320 81 13.499232 5.960051
4330 81 13.036209 6.071505
4340 81 12.573186 6.1829596
4350 81 12.118371 6.315177
4360 81 11.66545 6.4524064
4370 81 11.212739 6.5898743
4380 81 10.772867 6.7135
4390 81 10.346254 6.823045
4400 81 9.9196415 6.9328284
4410 81 9.493029 7.042373
4420 81 9.071046 7.1263814
4430 81 8.650116 7.203946
4440 81 8.229186 7.2815104
4450 81 7.8082557 7.359075
4460 81 7.391745 7.433298
4470 81 6.9760766 7.5068054
4480 81 6.5606184 7.5803127
4300 82 15.232202 5.0013547
4310 82 14.733399 5.054337
4320 82 14.234386 5.10732
4330 82 13.734742 5.1657915
4340 82 13.22668 5.272711
4350 82 12.718617 5.3796306
4360 82 12.209712 5.484402
4370 82 11.697651 5.579866
4380 82 11.185589 5.67533
4390 82 10.689102 5.765066
4400 82 10.254912 5.8321295
4410 82 9.820933 5.8994317
4420 82 9.386744 5.966495
4430 82 8.989175 6.125681
4440 82 8.591607 6.2846284
4450 82 8.194038 6.4438148
4460 82 7.7987847 6.578896
4470 82 7.4068985 6.6774626
4480 82 7.0150127 6.7762675
4490 82 6.6570115 6.8901086
4310 83 15.021106 5.522349
4320 83 14.540193 5.6161423
4330 83 14.05907 5.7099357
4340 83 13.576894 5.7886934
4350 83 13.092193 5.831891
4360 83 12.6074915 5.875327
4370 83 12.12279 5.918763
4380 83 11.714277 6.101338
4390 83 11.305765 6.283674
4400 83 10.897041 6.4662485
4410 83 10.481162 6.645482
4420 83 10.060232 6.8225675
4430 83 9.639302 6.9996533
4440 83 9.224475 7.1256657
4450 83 8.815541 7.200605
4460 83 8.406608 7.2757826
4470 83 7.997674 7.350722
4480 83 7.564958 7.436878
4490 83 7.132452 7.523034
4500 83 6.6997356 7.6091905
4500 84 -0.064823255 5.234048
4510 84 0.41293254 5.215671
4520 84 0.8904779 5.197294
4530 84 1.3680232 5.178918
4540 84 1.8609325 5.178918
4550 84 2.3538418 5.178918
4560 84 2.846751 5.178918
4570 84 3.345764 5.173667
4580 84 3.8691907 5.147892
4590 84 4.392407 5.1221166
4600 84 4.9158335 5.096341
4610 84 5.4337883 5.144551
4620 84 5.946481 5.266983
4630 84 6.459174 5.3894157
4640 84 6.971867 5.511848
4650 84 7.4856124 5.6125627
4660 84 7.9999895 5.6987185
4670 84 8.514577 5.784875
4680 84 9.028954 5.8710313
4690 84 9.543962 5.9149446
4690 86 15.311758 8.193907
4700 86 14.81064 8.114433
4710 86 14.309523 8.03496
4720 86 13.818929 7.9206414
4730 86 13.338858 7.771479
4740 86 12.858787 7.622317
4750 86 12.370087 7.4819846
4760 86 11.861393 7.3626547
4770 86 11.352909 7.2433248
4780 86 10.807804 7.2407
4790 86 10.2587 7.2512007
4800 86 9.75611 7.3161163
4810 86 9.284037 7.417308
4820 86 8.812174 7.5185
4830 86 8.340311 7.623987
4840 86 7.8684487 7.73926
4850 86 7.396796 7.854294
4860 86 6.921566 7.9533377
4870 86 6.441495 8.028038
4880 86 5.9614244 8.1025
4780 87 15.154329 5.3920407
4790 87 14.515358 5.4089856
4800 87 13.876386 5.4261694
4810 87 13.238887 5.4476485
4820 87 12.612964 5.510416
4830 87 11.9870405 5.5734224
4840 87 11.361327 5.63619
4850 87 10.750347 5.678194
4860 87 10.174304 5.671989
4870 87 9.598261 5.665545
4880 87 9.022219 5.65934
4890 87 8.441335 5.669125
4900 87 7.8553996 5.6949
4910 87 7.2696753 5.7206755
4920 87 6.6837406 5.7464504
4930 87 6.1127486 5.735711
4940 87 5.545756 5.7159023
4950 87 4.9787626 5.6960936
4960 87 4.4077706 5.6891723
4970 87 3.821836 5.734279
4860 88 0.2877058 4.1407475
4870 88 0.69453484 4.0691495
4880 88 1.1013639 3.9975517
4890 88 1.5010371 3.9746404
4900 88 1.8935546 4.0004153
4910 88 2.286072 4.0261908
4920 88 2.6785893 4.051966
4930 88 3.13593 4.0572166
4940 88 3.6094766 4.0572166
4950 88 4.083023 4.0572166
4960 88 4.5399427 4.0402718
4970 88 4.9854975 4.0123487
4980 88 5.4312625 3.9841866
4990 88 5.887972 3.9708219
5000 88 6.388458 4.0159283
5010 88 6.888944 4.061035
5020 88 7.3896403 4.106142
5030 88 7.889916 4.1049485
5040 88 8.3897705 4.0572166
5050 88 8.889626 4.009485
4870 89 0.24834883 5.4533763
4880 89 0.7254732 5.4932327
4890 89 1.2023872 5.5328503
4900 89 1.6647791 5.558387
4910 89 2.0924442 5.55075
4920 89 2.5201092 5.5431123
4930 89 2.9448278 5.5130415
4940 89 3.3569186 5.3937116
4950 89 3.769009 5.2743816
4960 89 4.1434264 5.1614957
4970 89 4.5344706 5.1049333
4980 89 4.986971 5.176531
4990 89 5.476092 5.240492
5000 89 6.050872 5.2863145
5010 89 6.6256523 5.332137
5020 89 7.15876 5.328796
5030 89 7.673979 5.3039756
5040 89 8.189198 5.279393
5050 89 8.66569 5.249561
5060 89 9.132292 5.2182965
4870 90 0.29465115 4.7314305
4880 90 0.71558136 4.7512393
4890 90 1.1365116 4.7712865
4900 90 1.5574418 4.7910953
4910 90 1.9867907 4.7827425
4920 90 2.4197173 4.7622175
4930 90 2.8526442 4.7419314
4940 90 3.2910428 4.716395
4950 90 3.7515407 4.671766
4960 90 4.2118278 4.6268973
4970 90 4.6723256 4.582268
4980 90 5.151765 4.5889506
4990 90 5.6312046 4.595633
5000 90 6.1104336 4.602077
5010 90 6.59303 4.616158
5020 90 7.080467 4.641217
5030 90 7.5679045 4.666515
5040 90 8.055342 4.6915746
5050 90 8.546146 4.693484
5060 90 9.039266 4.67988
4870 91 -0.18331511 6.5734067
4880 91 0.38031045 6.6075354
4890 91 0.94414645 6.6416636
4900 91 1.5077721 6.6755533
4910 91 2.0789742 6.719705
4920 91 2.6518605 6.7660055
4930 91 3.2247465 6.8123055
4940 91 3.797843 6.8481045
4950 91 4.3719916 6.8409443
4960 91 4.94593 6.833546
4970 91 5.5198684 6.8263865
4980 91 6.1245346 6.748106
4990 91 6.7325683 6.6619496
5000 91 7.340602 6.5757933
5010 91 7.9303255 6.470306
5020 91 8.477534 6.3204274
5030 91 9.024744 6.1703105
5040 91 9.571953 6.020432
5050 91 10.132632 5.799433
5060 91 10.696679 5.5607734
4910 92 0.19994186 4.6865625
4920 92 0.7261046 4.716395
4930 92 1.2522674 4.7462273
4940 92 1.752543 4.7362037
4950 92 2.2500825 4.7218843
4960 92 2.747622 4.707326
4970 92 3.2468452 4.717111
4980 92 3.7473314 4.742886
4990 92 4.248028 4.7686615
5000 92 4.7485137 4.794437
5010 92 5.2605753 4.797062
5020 92 5.7739 4.797062
5030 92 6.2872243 4.797062
5040 92 6.8005486 4.797062
5050 92 7.284408 4.736681
5060 92 7.7606907 4.6615033
5070 92 8.236973 4.5860868
5080 92 8.713256 4.51067
5090 92 9.180488 4.558402
5100 92 9.64772 4.606134
4930 93 15.090348 9.092938
4940 93 14.879883 9.066447
4950 93 14.669418 9.039956
4960 93 14.446746 8.983632
4970 93 14.19524 8.85762
4980 93 13.943945 8.731607
4990 93 13.692439 8.605595
5000 93 13.483658 8.4060755
5010 93 13.292766 8.174814
5020 93 13.102084 7.943553
5030 93 12.853314 7.713723
5040 93 12.546456 7.4850874
5050 93 12.237073 7.2676682
5060 93 11.906221 7.154066
5070 93 11.575581 7.040464
5080 93 11.224735 7.040464
5090 93 10.874101 7.040464
5100 93 10.523255 7.040464
5110 93 10.235128 7.034259
5120 93 9.974152 7.0254283
5020 94 14.788752 5.389654
5030 94 14.1853485 5.3817787
5040 94 13.581944 5.373903
5050 94 13.012426 5.402303
5060 94 12.476792 5.4674573
5070 94 11.93232 5.5469313
5080 94 11.367431 5.6600556
5090 94 10.775814 5.7178116
5100 94 10.144419 5.6927524
5110 94 9.517232 5.6323714
5120 94 8.894256 5.536907
5130 94 8.271278 5.4414434
5140 94 7.662614 5.4027805
5150 94 7.0539484 5.3641176
5160 94 6.4452834 5.3254547
5170 94 5.8343034 5.300873
5180 94 5.2180614 5.309226
5190 94 4.601609 5.3178177
5200 94 4.022409 5.3908477
5210 94 3.480251 5.5283155
5140 95 0.11659767 7.931381
5150 95 0.38409883 7.971237
5160 95 0.6516 8.011093
5170 95 0.9191011 8.050711
5180 95 1.1863918 8.090568
5190 95 1.4311627 8.141401
5200 95 1.6416279 8.208942
5210 95 1.852093 8.276244
5220 95 2.0625582 8.343785
5230 95 2.2730231 8.411087
5240 95 2.4352918 8.4559555
5250 95 2.5857744 8.494857
5260 95 2.7360463 8.533758
5270 95 2.8863184 8.57266
5280 95 3.036801 8.6118
5290 95 3.1994905 8.6366205
5300 95 3.363864 8.659771
5310 95 3.5280266 8.68316
5320 95 3.6924 8.706309
5330 95 3.885186 8.696763
5180 96 13.786517 12.151125
5190 96 13.719378 11.6845455
5200 96 13.64782 11.217965
5210 96 13.534591 10.749715
5220 96 13.421149 10.281703
5230 96 13.284768 9.849967
5240 96 13.125025 9.454986
5250 96 12.965282 9.060003
5260 96 12.74724 8.668601
5270 96 12.489841 8.279824
5280 96 12.232653 7.890809
5290 96 11.836768 7.6468987
5300 96 11.425309 7.4189787
5310 96 10.921455 7.378645
5320 96 10.377614 7.4182625
5330 96 9.835666 7.451436
5340 96 9.297928 7.469097
5350 96 8.759979 7.4867578
5360 96 8.19972 7.5130105
5370 96 7.6245193 7.544752
5200 97 0.34495232 5.3605375
5210 97 0.8391244 5.277484
5220 97 1.3328755 5.1963396
5230 97 1.8241011 5.1328564
5240 97 2.3151162 5.069134
5250 97 2.8122349 5.0140038
5260 97 3.3647058 5.036438
5270 97 3.9171767 5.0588717
5280 97 4.4696474 5.081306
5290 97 5.012858 5.05744
5300 97 5.555016 5.028562
5310 97 6.097174 4.9994454
5320 97 6.6542754 4.968181
5330 97 7.221268 4.9350076
5340 97 7.7884717 4.9018335
5350 97 8.355465 4.86866
5360 97 8.940768 4.905891
5370 97 9.526282 4.943122
5380 97 10.111586 4.9805913
5390 97 10.695837 4.9545774
5200 98 0.34789884 4.590144
5210 98 0.79703134 4.5505266
5220 98 1.2459534 4.51067
5230 98 1.7224464 4.463654
5240 98 2.2399802 4.4054213
5250 98 2.7577243 4.347427
5260 98 3.275258 4.2894325
5270 98 3.8100498 4.246951
5280 98 4.3519974 4.211152
5290 98 4.893945 4.175353
5300 98 5.435893 4.139554
5310 98 5.972579 4.12428
5320 98 6.507371 4.117836
5330 98 7.041952 4.1113925
5340 98 7.576744 4.1049485
5350 98 8.13616 4.148862
5360 98 8.695577 4.1927752
5370 98 9.2549925 4.2369275
5380 98 9.812515 4.2708173
5390 98 10.362881 4.264612
5360 99 0.18205231 5.213046
5370 99 0.77682674 5.265074
5380 99 1.3716011 5.316863
5390 99 1.9670069 5.3529005
5400 99 2.5622022 5.3867903
5410 99 3.157608 5.4209185
5420 99 3.7528033 5.438818
5430 99 4.3482094 5.431897
5440 99 4.943615 5.424976
5450 99 5.5388103 5.4182935
5460 99 6.1918836 5.5178146
5470 99 6.8512707 5.6292686
5480 99 7.5108685 5.740484
5490 99 8.12732 5.8657804
5500 99 8.738933 5.992509
5510 99 9.350544 6.119476
5520 99 9.942371 6.2337937
5530 99 10.525571 6.3428617
5540 99 11.10898 6.451929
5550 99 11.699124 6.5328345
5410 100 0.122911625 9.004157
5420 100 0.39230695 8.708219
5430 100 0.6617023 8.412281
5440 100 1.0298058 8.155722
5450 100 1.4227442 7.909186
5460 100 1.8156825 7.66265
5470 100 2.205464 7.4974976
5480 100 2.5944035 7.35287
5490 100 2.9835534 7.208242
5500 100 3.3855417 7.077934
5510 100 3.8003685 6.961945
5520 100 4.2154055 6.846195
5530 100 4.6302323 6.7302065
5540 100 4.9358277 6.653119
5550 100 5.241213 6.5762706
5560 100 5.546808 6.4991837
5570 100 5.850299 6.4600434
5580 100 6.1535788 6.4249606
5590 100 6.456859 6.3898773
5600 100 6.7919197 6.358613
5440 101 0.3367442 7.6218395
5450 101 0.7576744 7.4001245
5460 101 1.1786046 7.178648
5470 101 1.5839604 6.975787
5480 101 1.9827918 6.7810407
5490 101 2.3816233 6.5862947
5500 101 2.7804546 6.3917866
5510 101 3.2167487 6.1977563
5520 101 3.6574626 6.003726
5530 101 4.0981765 5.809934
5540 101 4.532787 5.707788
5550 101 4.9646616 5.64502
5560 101 5.396746 5.582014
5570 101 5.828831 5.5192466
5580 101 6.2202964 5.5268836
5590 101 6.607342 5.5423965
5600 101 6.9941764 5.5576706
5610 101 7.3439693 5.6056414
5620 101 7.684502 5.661965
5630 101 8.024824 5.71805
5520 102 15.29029 5.7517014
5530 102 14.685203 5.692036
5540 102 14.080116 5.6323714
5550 102 13.467663 5.567933
5560 102 12.825744 5.484402
5570 102 12.189718 5.397291
5580 102 11.577476 5.2960997
5590 102 10.965232 5.1949077
5600 102 10.352989 5.0934772
5610 102 9.708966 5.0338125
5620 102 9.061365 4.978921
5630 102 8.4236555 4.957203
5640 102 7.808887 5.013765
5650 102 7.1941185 5.0703273
5660 102 6.57935 5.1268897
5670 102 5.9711056 5.1550517
5680 102 5.369807 5.1550517
5690 102 4.768508 5.1550517
5700 102 4.167209 5.1550517
5710 102 3.5568604 5.1340494
5630 103 14.333305 12.013657
5640 103 14.282583 11.618675
5650 103 14.231861 11.223693
5660 103 14.16788 10.843031
5670 103 14.090639 10.477165
5680 103 14.013398 10.1112995
5690 103 13.895959 9.766197
5700 103 13.73811 9.442336
5710 103 13.580261 9.118475
5720 103 13.420308 8.785544
5730 103 13.259302 8.448557
5740 103 13.098296 8.111569
5750 103 12.875624 7.801789
5760 103 12.508994 7.555492
5770 103 12.142574 7.309195
5780 103 11.816143 7.081036
5790 103 11.651559 6.9251914
5800 103 11.486765 6.769585
5810 103 11.70186 6.6466756
5820 103 11.975465 6.5251975
5630 104 13.685915 12.116042
5640 104 13.594573 11.797669
5650 104 13.503442 11.479536
5660 104 13.427043 11.143981
5670 104 13.372953 10.78265
5680 104 13.318864 10.421319
5690 104 13.264774 10.05975
5700 104 13.178062 9.739945
5710 104 13.087983 9.424437
5720 104 12.99138 9.113224
5730 104 12.83753 8.837811
5740 104 12.68368 8.562398
5750 104 12.522674 8.329227
5760 104 12.354302 8.138299
5770 104 12.265697 7.9781585
5780 104 12.257067 7.8490434
5790 104 12.2572775 7.72327
5800 104 12.339991 7.6294765
5810 104 12.422703 7.535683
5820 104 12.552771 7.411341
5730 105 14.509675 12.371647
5740 105 14.553242 12.059002
5750 105 14.5968075 11.7461195
5760 105 14.635533 11.439442
5770 105 14.6626835 11.146845
5780 105 14.689834 10.854486
5790 105 14.704566 10.555207
5800 105 14.669418 10.228959
5810 105 14.634271 9.902711
5820 105 14.6027 9.588874
5830 105 14.585232 9.323723
5840 105 14.567763 9.058572
5850 105 14.550084 8.793181
5860 105 14.553662 8.52803
5870 105 14.571131 8.262879
5880 105 14.58881 7.9977283
5890 105 14.606278 7.7325773
5900 105 14.714037 7.4648013
5910 105 14.8217945 7.197025
5920 105 14.929764 6.929249
