10 1.0 14.935 5.307
20 1.0 14.495 5.329
30 1.0 14.054 5.351
40 1.0 13.614 5.374
50 1.0 13.173 5.394
60 1.0 12.726 5.394
70 1.0 12.280 5.394
80 1.0 11.834 5.394
90 1.0 11.837 5.394
100 1.0 11.821 5.396
110 1.0 11.833 5.399
120 1.0 11.841 5.398
130 1.0 11.855 5.400
140 1.0 11.865 5.404
150 1.0 11.880 5.402
160 1.0 11.898 5.403
170 1.0 11.905 5.401
180 1.0 11.905 5.398
190 1.0 11.919 5.396
200 1.0 11.933 5.397
10 2.0 15.182 5.825
20 2.0 14.829 5.816
30 2.0 14.476 5.808
40 2.0 14.122 5.799
50 2.0 13.688 5.872
60 2.0 13.255 5.944
70 2.0 12.821 6.016
80 2.0 12.358 6.063
90 2.0 12.366 6.073
100 2.0 12.372 6.079
110 2.0 12.374 6.078
120 2.0 12.385 6.087
130 2.0 12.400 6.087
140 2.0 12.416 6.091
150 2.0 12.428 6.092
160 2.0 12.443 6.091
170 2.0 12.459 6.088
180 2.0 12.480 6.086
190 2.0 12.500 6.082
200 2.0 12.513 6.086
80 3.0 4.038 0.129
90 3.0 4.431 0.940
100 3.0 4.846 1.607
110 3.0 5.276 2.178
120 3.0 5.737 2.731
130 3.0 6.268 3.242
140 3.0 6.793 3.715
150 3.0 7.294 4.033
160 3.0 7.288 3.985
170 3.0 7.344 4.043
180 3.0 7.457 4.202
190 3.0 7.548 4.295
200 3.0 7.613 4.334
210 3.0 7.723 4.473
220 3.0 7.806 4.509
230 3.0 7.970 4.662
240 3.0 8.111 4.743
250 3.0 8.276 4.943
260 3.0 8.424 5.126
270 3.0 8.600 5.340
220 4.0 -0.028 6.828
230 4.0 0.531 6.818
240 4.0 1.090 6.809
250 4.0 1.656 6.791
260 4.0 2.252 6.735
270 4.0 2.848 6.679
280 4.0 3.449 6.615
290 4.0 4.066 6.516
300 4.0 4.071 6.518
310 4.0 4.103 6.532
320 4.0 4.109 6.538
330 4.0 4.112 6.541
340 4.0 4.107 6.547
350 4.0 4.086 6.545
360 4.0 4.060 6.542
370 4.0 4.044 6.547
380 4.0 4.032 6.542
390 4.0 4.007 6.543
400 4.0 4.000 6.545
410 4.0 3.980 6.541
210 5.0 7.291 0.194
220 5.0 6.962 0.941
230 5.0 6.632 1.688
240 5.0 6.244 2.435
250 5.0 5.842 3.183
260 5.0 5.462 3.846
270 5.0 5.105 4.428
280 5.0 4.728 4.983
290 5.0 4.763 4.852
300 5.0 4.721 5.012
310 5.0 4.649 5.138
320 5.0 4.557 5.417
330 5.0 4.540 5.329
340 5.0 4.415 5.924
350 5.0 4.432 5.880
360 5.0 4.294 5.943
370 5.0 4.316 5.147
380 5.0 4.088 4.771
390 5.0 3.721 4.941
400 5.0 3.592 4.995
210 6.0 6.693 0.095
220 6.0 6.328 0.821
230 6.0 5.964 1.546
240 6.0 5.591 2.230
250 6.0 5.204 2.854
260 6.0 4.817 3.478
270 6.0 4.427 4.070
280 6.0 4.028 4.590
290 6.0 4.073 4.494
300 6.0 4.051 4.591
310 6.0 4.001 4.664
320 6.0 3.958 4.850
330 6.0 3.851 5.179
340 6.0 3.863 5.253
350 6.0 3.885 5.576
360 6.0 3.775 5.650
370 6.0 3.749 5.827
380 6.0 3.786 5.311
390 6.0 3.597 5.062
400 6.0 3.217 6.496
330 7.0 0.002 7.691
340 7.0 0.308 7.420
350 7.0 0.614 7.149
360 7.0 0.962 6.923
370 7.0 1.338 6.727
380 7.0 1.714 6.531
390 7.0 2.116 6.416
400 7.0 2.524 6.322
410 7.0 2.521 6.315
420 7.0 2.522 6.321
430 7.0 2.507 6.318
440 7.0 2.503 6.309
450 7.0 2.490 6.307
460 7.0 2.475 6.308
470 7.0 2.461 6.302
480 7.0 2.454 6.303
490 7.0 2.439 6.300
500 7.0 2.428 6.298
510 7.0 2.418 6.291
520 7.0 2.405 6.290
380 8.0 -0.004 5.125
390 8.0 0.437 5.155
400 8.0 0.877 5.185
410 8.0 1.318 5.215
420 8.0 1.757 5.230
430 8.0 2.194 5.237
440 8.0 2.632 5.243
450 8.0 3.069 5.249
460 8.0 3.059 5.247
470 8.0 3.080 5.265
480 8.0 3.076 5.267
490 8.0 3.072 5.256
500 8.0 3.068 5.244
510 8.0 3.065 5.247
520 8.0 3.069 5.242
530 8.0 3.066 5.230
540 8.0 3.063 5.219
550 8.0 3.073 5.215
560 8.0 3.074 5.215
570 8.0 3.070 5.207
390 9.0 0.131 4.090
400 9.0 0.604 4.180
410 9.0 1.076 4.271
420 9.0 1.548 4.361
430 9.0 2.015 4.430
440 9.0 2.475 4.468
450 9.0 2.934 4.506
460 9.0 3.394 4.543
470 9.0 3.402 4.540
480 9.0 3.432 4.558
490 9.0 3.443 4.557
500 9.0 3.440 4.554
510 9.0 3.446 4.552
520 9.0 3.455 4.557
530 9.0 3.461 4.548
540 9.0 3.447 4.543
550 9.0 3.452 4.542
560 9.0 3.462 4.542
570 9.0 3.465 4.544
580 9.0 3.467 4.538
400 10.0 0.063 8.687
410 10.0 0.274 8.449
420 10.0 0.484 8.210
430 10.0 0.695 7.971
440 10.0 1.037 7.874
450 10.0 1.412 7.811
460 10.0 1.815 7.729
470 10.0 2.246 7.627
480 10.0 2.241 7.615
490 10.0 2.232 7.616
500 10.0 2.228 7.616
510 10.0 2.210 7.609
520 10.0 2.197 7.609
530 10.0 2.190 7.605
540 10.0 2.168 7.606
550 10.0 2.160 7.602
560 10.0 2.148 7.601
570 10.0 2.137 7.597
580 10.0 2.122 7.592
590 10.0 2.112 7.589
430 11.0 0.126 5.639
440 11.0 0.547 5.669
450 11.0 0.968 5.700
460 11.0 1.391 5.732
470 11.0 1.829 5.777
480 11.0 2.267 5.823
490 11.0 2.705 5.868
500 11.0 3.141 5.915
510 11.0 3.145 5.919
520 11.0 3.165 5.926
530 11.0 3.168 5.921
540 11.0 3.185 5.920
550 11.0 3.182 5.915
560 11.0 3.179 5.908
570 11.0 3.172 5.896
580 11.0 3.169 5.887
590 11.0 3.179 5.890
600 11.0 3.179 5.880
610 11.0 3.179 5.866
620 11.0 3.182 5.862
450 12.0 0.147 4.320
460 12.0 0.659 4.407
470 12.0 1.172 4.495
480 12.0 1.684 4.582
490 12.0 2.137 4.619
500 12.0 2.590 4.656
510 12.0 3.044 4.693
520 12.0 3.497 4.725
530 12.0 3.501 4.729
540 12.0 3.526 4.738
550 12.0 3.535 4.736
560 12.0 3.547 4.727
570 12.0 3.546 4.721
580 12.0 3.549 4.725
590 12.0 3.557 4.713
600 12.0 3.549 4.710
610 12.0 3.551 4.712
620 12.0 3.546 4.701
630 12.0 3.543 4.699
640 12.0 3.541 4.689
450 13.0 -0.008 5.199
460 13.0 0.491 5.240
470 13.0 0.990 5.281
480 13.0 1.489 5.321
490 13.0 2.005 5.352
500 13.0 2.544 5.367
510 13.0 3.083 5.382
520 13.0 3.605 5.385
530 13.0 3.611 5.380
540 13.0 3.634 5.393
550 13.0 3.657 5.389
560 13.0 3.660 5.388
570 13.0 3.655 5.384
580 13.0 3.654 5.387
590 13.0 3.647 5.383
600 13.0 3.641 5.379
610 13.0 3.628 5.373
620 13.0 3.623 5.375
630 13.0 3.616 5.371
640 13.0 3.608 5.369
530 14.0 14.993 5.400
540 14.0 14.400 5.550
550 14.0 13.808 5.700
560 14.0 13.243 5.842
570 14.0 12.705 5.974
580 14.0 12.167 6.107
590 14.0 11.629 6.240
600 14.0 11.083 6.418
610 14.0 11.083 6.412
620 14.0 11.055 6.427
630 14.0 11.043 6.438
640 14.0 11.049 6.447
650 14.0 11.047 6.452
660 14.0 11.069 6.448
670 14.0 11.091 6.443
680 14.0 11.108 6.442
690 14.0 11.126 6.442
700 14.0 11.144 6.436
710 14.0 11.161 6.430
720 14.0 11.179 6.426
560 15.0 15.263 5.224
570 15.0 14.779 5.410
580 15.0 14.296 5.595
590 15.0 13.813 5.781
600 15.0 13.300 5.923
610 15.0 12.783 6.061
620 15.0 12.266 6.198
630 15.0 11.792 6.366
640 15.0 11.794 6.356
650 15.0 11.768 6.361
660 15.0 11.775 6.359
670 15.0 11.790 6.352
680 15.0 11.816 6.351
690 15.0 11.839 6.352
700 15.0 11.857 6.349
710 15.0 11.873 6.344
720 15.0 11.900 6.341
730 15.0 11.914 6.335
740 15.0 11.931 6.327
750 15.0 11.949 6.322
570 16.0 14.829 4.791
580 16.0 14.333 5.014
590 16.0 13.838 5.237
600 16.0 13.342 5.446
610 16.0 12.844 5.619
620 16.0 12.347 5.793
630 16.0 11.849 5.966
640 16.0 11.389 6.170
650 16.0 11.402 6.185
660 16.0 11.393 6.207
670 16.0 11.397 6.228
680 16.0 11.415 6.242
690 16.0 11.426 6.256
700 16.0 11.450 6.272
710 16.0 11.472 6.283
720 16.0 11.501 6.294
730 16.0 11.533 6.300
740 16.0 11.564 6.313
750 16.0 11.590 6.315
760 16.0 11.619 6.325
620 17.0 0.223 9.911
630 17.0 0.333 9.589
640 17.0 0.459 9.282
650 17.0 0.651 9.032
660 17.0 0.842 8.783
670 17.0 1.130 8.608
680 17.0 1.417 8.433
690 17.0 1.705 8.258
700 17.0 1.696 8.245
710 17.0 1.689 8.243
720 17.0 1.684 8.232
730 17.0 1.664 8.220
740 17.0 1.659 8.215
750 17.0 1.650 8.208
760 17.0 1.638 8.204
770 17.0 1.628 8.205
780 17.0 1.621 8.197
790 17.0 1.603 8.193
800 17.0 1.594 8.181
810 17.0 1.577 8.180
640 18.0 -0.012 8.950
650 18.0 0.259 8.711
660 18.0 0.529 8.472
670 18.0 0.800 8.234
680 18.0 1.193 8.051
690 18.0 1.585 7.868
700 18.0 1.978 7.685
710 18.0 2.421 7.586
720 18.0 2.419 7.582
730 18.0 2.426 7.592
740 18.0 2.418 7.593
750 18.0 2.410 7.601
760 18.0 2.390 7.596
770 18.0 2.372 7.597
780 18.0 2.359 7.587
790 18.0 2.352 7.580
800 18.0 2.335 7.577
810 18.0 2.317 7.568
820 18.0 2.300 7.570
830 18.0 2.290 7.558
990 19.0 0.314 5.167
1000 19.0 0.938 5.209
1010 19.0 1.562 5.250
1020 19.0 2.173 5.278
1030 19.0 2.764 5.289
1040 19.0 3.355 5.299
1050 19.0 3.946 5.309
1060 19.0 4.537 5.319
1070 19.0 4.537 5.328
1080 19.0 4.554 5.336
1090 19.0 4.554 5.335
1100 19.0 4.548 5.327
1110 19.0 4.554 5.331
1120 19.0 4.555 5.330
1130 19.0 4.557 5.334
1140 19.0 4.551 5.332
1150 19.0 4.547 5.319
1160 19.0 4.546 5.318
1170 19.0 4.549 5.315
1180 19.0 4.547 5.305
1160 20.0 13.191 13.648
1170 20.0 13.208 13.262
1180 20.0 13.224 12.877
1190 20.0 13.233 12.496
1200 20.0 13.182 12.164
1210 20.0 13.131 11.831
1220 20.0 13.080 11.498
1230 20.0 13.002 11.169
1240 20.0 13.007 11.165
1250 20.0 13.003 11.149
1260 20.0 13.002 11.135
1270 20.0 13.010 11.137
1280 20.0 13.010 11.124
1290 20.0 13.011 11.124
1300 20.0 13.016 11.122
1310 20.0 13.022 11.122
1320 20.0 13.028 11.120
1330 20.0 13.031 11.125
1340 20.0 13.039 11.126
1350 20.0 13.046 11.136
1210 21.0 13.673 12.051
1220 21.0 13.647 11.650
1230 21.0 13.622 11.249
1240 21.0 13.551 10.822
1250 21.0 13.468 10.387
1260 21.0 13.386 9.952
1270 21.0 13.301 9.562
1280 21.0 13.217 9.172
1290 21.0 13.228 9.160
1300 21.0 13.232 9.124
1310 21.0 13.245 9.100
1320 21.0 13.263 9.083
1330 21.0 13.287 9.076
1340 21.0 13.295 9.081
1350 21.0 13.298 9.072
1360 21.0 13.324 9.073
1370 21.0 13.340 9.082
1380 21.0 13.352 9.066
1390 21.0 13.370 9.064
1400 21.0 13.390 9.065
1170 22.0 0.343 4.132
1180 22.0 0.989 4.141
1190 22.0 1.636 4.149
1200 22.0 2.309 4.165
1210 22.0 3.001 4.185
1220 22.0 3.692 4.206
1230 22.0 4.383 4.240
1240 22.0 5.067 4.399
1250 22.0 5.083 4.390
1260 22.0 5.138 4.408
1270 22.0 5.185 4.420
1280 22.0 5.200 4.424
1290 22.0 5.203 4.424
1300 22.0 5.222 4.420
1310 22.0 5.223 4.422
1320 22.0 5.218 4.418
1330 22.0 5.221 4.416
1340 22.0 5.228 4.414
1350 22.0 5.219 4.402
1360 22.0 5.225 4.406
1190 23.0 0.063 5.179
1200 23.0 0.520 5.274
1210 23.0 0.977 5.370
1220 23.0 1.434 5.465
1230 23.0 1.904 5.566
1240 23.0 2.388 5.672
1250 23.0 2.871 5.778
1260 23.0 3.314 5.868
1270 23.0 3.321 5.858
1280 23.0 3.333 5.859
1290 23.0 3.352 5.865
1300 23.0 3.356 5.855
1310 23.0 3.362 5.853
1320 23.0 3.366 5.846
1330 23.0 3.360 5.842
1340 23.0 3.362 5.833
1350 23.0 3.361 5.826
1360 23.0 3.355 5.819
1370 23.0 3.354 5.805
1380 23.0 3.363 5.793
1200 24.0 -0.017 9.205
1210 24.0 0.251 8.912
1220 24.0 0.519 8.619
1230 24.0 0.800 8.372
1240 24.0 1.096 8.170
1250 24.0 1.392 7.969
1260 24.0 1.692 7.811
1270 24.0 2.001 7.756
1280 24.0 1.999 7.763
1290 24.0 1.991 7.769
1300 24.0 1.989 7.780
1310 24.0 1.980 7.784
1320 24.0 1.971 7.789
1330 24.0 1.965 7.799
1340 24.0 1.960 7.797
1350 24.0 1.952 7.796
1360 24.0 1.940 7.796
1370 24.0 1.925 7.792
1380 24.0 1.923 7.793
1390 24.0 1.910 7.799
1220 25.0 0.105 8.210
1230 25.0 0.394 8.042
1240 25.0 0.682 7.874
1250 25.0 0.984 7.719
1260 25.0 1.316 7.596
1270 25.0 1.649 7.473
1280 25.0 1.994 7.366
1290 25.0 2.389 7.324
1300 25.0 2.389 7.325
1310 25.0 2.397 7.338
1320 25.0 2.389 7.345
1330 25.0 2.380 7.349
1340 25.0 2.371 7.351
1350 25.0 2.365 7.352
1360 25.0 2.361 7.352
1370 25.0 2.353 7.354
1380 25.0 2.350 7.350
1390 25.0 2.331 7.354
1400 25.0 2.315 7.347
1410 25.0 2.312 7.352
1220 26.0 15.145 4.021
1230 26.0 14.594 3.906
1240 26.0 14.042 3.791
1250 26.0 13.491 3.675
1260 26.0 12.824 3.699
1270 26.0 12.158 3.723
1280 26.0 11.491 3.747
1290 26.0 10.890 3.706
1300 26.0 10.879 3.700
1310 26.0 10.829 3.698
1320 26.0 10.806 3.696
1330 26.0 10.802 3.693
1340 26.0 10.800 3.691
1350 26.0 10.802 3.687
1360 26.0 10.820 3.693
1370 26.0 10.837 3.694
1380 26.0 10.847 3.692
1390 26.0 10.870 3.697
1400 26.0 10.879 3.699
1410 26.0 10.893 3.699
1220 27.0 0.093 4.129
1230 27.0 0.635 4.129
1240 27.0 1.177 4.129
1250 27.0 1.720 4.129
1260 27.0 2.279 4.145
1270 27.0 2.850 4.172
1280 27.0 3.422 4.200
1290 27.0 3.999 4.233
1300 27.0 4.010 4.243
1310 27.0 4.042 4.256
1320 27.0 4.058 4.264
1330 27.0 4.060 4.265
1340 27.0 4.054 4.263
1350 27.0 4.042 4.259
1360 27.0 4.041 4.251
1370 27.0 4.041 4.236
1380 27.0 4.031 4.236
1390 27.0 4.034 4.239
1400 27.0 4.043 4.227
1410 27.0 4.037 4.217
1230 28.0 0.383 4.923
1240 28.0 0.940 4.889
1250 28.0 1.496 4.855
1260 28.0 2.036 4.874
1270 28.0 2.569 4.917
1280 28.0 3.102 4.959
1290 28.0 3.635 5.002
1300 28.0 4.193 5.047
1310 28.0 4.189 5.046
1320 28.0 4.210 5.060
1330 28.0 4.213 5.061
1340 28.0 4.212 5.062
1350 28.0 4.201 5.055
1360 28.0 4.202 5.053
1370 28.0 4.185 5.040
1380 28.0 4.180 5.028
1390 28.0 4.175 5.025
1400 28.0 4.178 5.018
1410 28.0 4.163 5.010
1420 28.0 4.167 4.998
1230 29.0 15.153 4.344
1240 29.0 14.515 4.375
1250 29.0 13.877 4.407
1260 29.0 13.238 4.439
1270 29.0 12.629 4.456
1280 29.0 12.019 4.472
1290 29.0 11.411 4.485
1300 29.0 10.818 4.463
1310 29.0 10.823 4.458
1320 29.0 10.776 4.470
1330 29.0 10.732 4.477
1340 29.0 10.720 4.485
1350 29.0 10.721 4.491
1360 29.0 10.714 4.497
1370 29.0 10.724 4.500
1380 29.0 10.730 4.503
1390 29.0 10.737 4.508
1400 29.0 10.755 4.509
1410 29.0 10.783 4.511
1420 29.0 10.801 4.520
1350 30.0 0.366 5.193
1360 30.0 0.929 5.271
1370 30.0 1.493 5.347
1380 30.0 2.058 5.416
1390 30.0 2.627 5.472
1400 30.0 3.195 5.527
1410 30.0 3.757 5.570
1420 30.0 4.309 5.594
1430 30.0 4.318 5.598
1440 30.0 4.352 5.610
1450 30.0 4.358 5.609
1460 30.0 4.378 5.617
1470 30.0 4.363 5.608
1480 30.0 4.359 5.604
1490 30.0 4.354 5.596
1500 30.0 4.339 5.587
1510 30.0 4.346 5.578
1520 30.0 4.330 5.569
1530 30.0 4.338 5.567
1540 30.0 4.324 5.571
1350 31.0 0.175 4.523
1360 31.0 0.734 4.584
1370 31.0 1.294 4.646
1380 31.0 1.853 4.707
1390 31.0 2.430 4.772
1400 31.0 3.014 4.838
1410 31.0 3.599 4.904
1420 31.0 4.184 4.960
1430 31.0 4.195 4.968
1440 31.0 4.225 4.981
1450 31.0 4.234 4.982
1460 31.0 4.248 4.989
1470 31.0 4.260 4.983
1480 31.0 4.268 4.981
1490 31.0 4.270 4.971
1500 31.0 4.274 4.968
1510 31.0 4.288 4.962
1520 31.0 4.279 4.963
1530 31.0 4.270 4.957
1540 31.0 4.267 4.948
1420 32.0 0.286 5.595
1430 32.0 0.688 5.711
1440 32.0 1.091 5.827
1450 32.0 1.494 5.943
1460 32.0 1.944 5.949
1470 32.0 2.393 5.956
1480 32.0 2.842 5.962
1490 32.0 3.300 5.966
1500 32.0 3.307 5.974
1510 32.0 3.334 5.983
1520 32.0 3.348 5.980
1530 32.0 3.345 5.960
1540 32.0 3.358 5.955
1550 32.0 3.363 5.949
1560 32.0 3.356 5.943
1570 32.0 3.362 5.933
1580 32.0 3.370 5.933
1590 32.0 3.378 5.937
1600 32.0 3.373 5.931
1610 32.0 3.376 5.921
1490 33.0 14.880 4.953
1500 33.0 14.459 5.122
1510 33.0 14.037 5.289
1520 33.0 13.609 5.434
1530 33.0 13.180 5.579
1540 33.0 12.771 5.728
1550 33.0 12.408 5.887
1560 33.0 12.044 6.046
1570 33.0 12.050 6.051
1580 33.0 12.051 6.059
1590 33.0 12.079 6.061
1600 33.0 12.100 6.056
1610 33.0 12.131 6.048
1620 33.0 12.155 6.044
1630 33.0 12.170 6.041
1640 33.0 12.189 6.035
1650 33.0 12.213 6.029
1660 33.0 12.230 6.032
1670 33.0 12.256 6.022
1680 33.0 12.280 6.017
1510 34.0 15.116 4.963
1520 34.0 14.679 5.284
1530 34.0 14.242 5.606
1540 34.0 13.793 5.913
1550 34.0 13.234 6.097
1560 34.0 12.676 6.280
1570 34.0 12.202 6.426
1580 34.0 11.812 6.533
1590 34.0 11.810 6.544
1600 34.0 11.816 6.569
1610 34.0 11.836 6.590
1620 34.0 11.844 6.604
1630 34.0 11.862 6.618
1640 34.0 11.884 6.623
1650 34.0 11.907 6.623
1660 34.0 11.933 6.631
1670 34.0 11.957 6.622
1680 34.0 11.990 6.633
1690 34.0 12.002 6.637
1700 34.0 12.017 6.644
1520 35.0 15.219 6.162
1530 35.0 14.721 6.305
1540 35.0 14.223 6.449
1550 35.0 13.724 6.592
1560 35.0 13.184 6.731
1570 35.0 12.625 6.869
1580 35.0 12.057 7.007
1590 35.0 11.400 7.152
1600 35.0 11.400 7.154
1610 35.0 11.370 7.158
1620 35.0 11.347 7.168
1630 35.0 11.344 7.173
1640 35.0 11.360 7.165
1650 35.0 11.374 7.160
1660 35.0 11.390 7.156
1670 35.0 11.405 7.144
1680 35.0 11.421 7.141
1690 35.0 11.442 7.141
1700 35.0 11.452 7.140
1710 35.0 11.480 7.137
1560 36.0 15.161 6.912
1570 36.0 14.715 6.863
1580 36.0 14.270 6.814
1590 36.0 13.824 6.765
1600 36.0 13.357 6.719
1610 36.0 12.841 6.680
1620 36.0 12.325 6.642
1630 36.0 11.808 6.608
1640 36.0 11.800 6.606
1650 36.0 11.796 6.611
1660 36.0 11.785 6.612
1670 36.0 11.787 6.612
1680 36.0 11.787 6.606
1690 36.0 11.801 6.606
1700 36.0 11.798 6.602
1710 36.0 11.801 6.604
1720 36.0 11.809 6.601
1730 36.0 11.812 6.591
1740 36.0 11.823 6.587
1750 36.0 11.828 6.578
1650 37.0 15.162 8.294
1660 37.0 14.655 8.170
1670 37.0 14.149 8.046
1680 37.0 13.646 7.909
1690 37.0 13.160 7.720
1700 37.0 12.674 7.531
1710 37.0 12.160 7.388
1720 37.0 11.581 7.354
1730 37.0 11.580 7.348
1740 37.0 11.548 7.350
1750 37.0 11.534 7.354
1760 37.0 11.526 7.365
1770 37.0 11.525 7.376
1780 37.0 11.520 7.382
1790 37.0 11.528 7.392
1800 37.0 11.533 7.395
1810 37.0 11.543 7.402
1820 37.0 11.557 7.409
1830 37.0 11.564 7.418
1840 37.0 11.579 7.422
1560 38.0 0.196 9.869
1570 38.0 0.245 9.749
1580 38.0 0.295 9.630
1590 38.0 0.344 9.511
1600 38.0 0.387 9.376
1610 38.0 0.414 9.207
1620 38.0 0.441 9.038
1630 38.0 0.467 8.869
1640 38.0 0.468 8.874
1650 38.0 0.462 8.873
1660 38.0 0.467 8.876
1670 38.0 0.465 8.879
1680 38.0 0.471 8.879
1690 38.0 0.477 8.891
1700 38.0 0.479 8.892
1710 38.0 0.480 8.901
1720 38.0 0.487 8.904
1730 38.0 0.488 8.903
1740 38.0 0.490 8.904
1750 38.0 0.495 8.903
1620 39.0 0.073 7.889
1630 39.0 0.175 7.780
1640 39.0 0.277 7.672
1650 39.0 0.379 7.563
1660 39.0 0.470 7.502
1670 39.0 0.558 7.452
1680 39.0 0.614 7.417
1690 39.0 0.623 7.404
1700 39.0 0.624 7.396
1710 39.0 0.615 7.382
1720 39.0 0.613 7.373
1730 39.0 0.599 7.361
1740 39.0 0.593 7.352
1750 39.0 0.590 7.347
1760 39.0 0.587 7.346
1770 39.0 0.583 7.343
1780 39.0 0.585 7.338
1790 39.0 0.583 7.330
1800 39.0 0.574 7.321
1810 39.0 0.571 7.317
1650 40.0 0.072 8.195
1660 40.0 0.156 8.044
1670 40.0 0.240 7.892
1680 40.0 0.318 7.757
1690 40.0 0.346 7.766
1700 40.0 0.373 7.774
1710 40.0 0.400 7.782
1720 40.0 0.427 7.791
1730 40.0 0.421 7.779
1740 40.0 0.424 7.769
1750 40.0 0.428 7.757
1760 40.0 0.434 7.751
1770 40.0 0.434 7.743
1780 40.0 0.433 7.734
1790 40.0 0.433 7.723
1800 40.0 0.438 7.718
1810 40.0 0.443 7.706
1820 40.0 0.445 7.696
1830 40.0 0.441 7.689
1840 40.0 0.437 7.684
1800 41.0 0.330 4.615
1810 41.0 0.941 4.645
1820 41.0 1.551 4.675
1830 41.0 2.161 4.704
1840 41.0 2.786 4.729
1850 41.0 3.443 4.740
1860 41.0 4.100 4.752
1870 41.0 4.757 4.764
1880 41.0 4.760 4.761
1890 41.0 4.798 4.784
1900 41.0 4.821 4.796
1910 41.0 4.826 4.802
1920 41.0 4.823 4.799
1930 41.0 4.820 4.798
1940 41.0 4.804 4.792
1950 41.0 4.808 4.782
1960 41.0 4.799 4.774
1970 41.0 4.799 4.769
1980 41.0 4.792 4.759
1990 41.0 4.788 4.747
1930 42.0 0.196 4.818
1940 42.0 0.851 4.809
1950 42.0 1.506 4.801
1960 42.0 2.159 4.774
1970 42.0 2.811 4.735
1980 42.0 3.463 4.697
1990 42.0 4.138 4.593
2000 42.0 4.837 4.424
2010 42.0 4.831 4.425
2020 42.0 4.884 4.429
2030 42.0 4.911 4.431
2040 42.0 4.910 4.425
2050 42.0 4.921 4.430
2060 42.0 4.900 4.419
2070 42.0 4.874 4.412
2080 42.0 4.864 4.407
2090 42.0 4.846 4.411
2100 42.0 4.833 4.400
2110 42.0 4.814 4.400
2120 42.0 4.820 4.394
1960 43.0 15.233 4.349
1970 43.0 14.613 4.336
1980 43.0 13.993 4.323
1990 43.0 13.373 4.310
2000 43.0 12.753 4.297
2010 43.0 12.138 4.296
2020 43.0 11.524 4.296
2030 43.0 10.909 4.296
2040 43.0 10.907 4.299
2050 43.0 10.871 4.304
2060 43.0 10.834 4.314
2070 43.0 10.822 4.327
2080 43.0 10.812 4.335
2090 43.0 10.800 4.344
2100 43.0 10.799 4.350
2110 43.0 10.791 4.358
2120 43.0 10.800 4.354
2130 43.0 10.811 4.359
2140 43.0 10.817 4.374
2150 43.0 10.825 4.378
1970 44.0 14.747 4.936
1980 44.0 14.101 4.928
1990 44.0 13.456 4.920
2000 44.0 12.822 4.885
2010 44.0 12.200 4.823
2020 44.0 11.571 4.766
2030 44.0 10.917 4.732
2040 44.0 10.263 4.698
2050 44.0 10.273 4.702
2060 44.0 10.209 4.714
2070 44.0 10.176 4.720
2080 44.0 10.156 4.728
2090 44.0 10.150 4.737
2100 44.0 10.151 4.743
2110 44.0 10.159 4.747
2120 44.0 10.169 4.756
2130 44.0 10.181 4.765
2140 44.0 10.192 4.769
2150 44.0 10.196 4.779
2160 44.0 10.221 4.784
2070 45.0 14.997 5.441
2080 45.0 14.528 5.441
2090 45.0 14.059 5.441
2100 45.0 13.557 5.511
2110 45.0 13.054 5.580
2120 45.0 12.552 5.649
2130 45.0 12.098 5.732
2140 45.0 11.650 5.817
2150 45.0 11.650 5.825
2160 45.0 11.647 5.832
2170 45.0 11.652 5.841
2180 45.0 11.668 5.849
2190 45.0 11.678 5.860
2200 45.0 11.688 5.874
2210 45.0 11.708 5.891
2220 45.0 11.726 5.900
2230 45.0 11.750 5.908
2240 45.0 11.772 5.913
2250 45.0 11.800 5.923
2260 45.0 11.826 5.930
2080 46.0 15.260 5.654
2090 46.0 14.695 5.741
2100 46.0 14.131 5.828
2110 46.0 13.565 5.913
2120 46.0 12.998 5.996
2130 46.0 12.449 6.091
2140 46.0 11.978 6.234
2150 46.0 11.507 6.377
2160 46.0 11.511 6.384
2170 46.0 11.498 6.399
2180 46.0 11.493 6.401
2190 46.0 11.502 6.403
2200 46.0 11.513 6.398
2210 46.0 11.529 6.403
2220 46.0 11.556 6.400
2230 46.0 11.581 6.406
2240 46.0 11.611 6.410
2250 46.0 11.638 6.414
2260 46.0 11.656 6.410
2270 46.0 11.676 6.413
2090 47.0 14.973 7.664
2100 47.0 14.733 7.494
2110 47.0 14.492 7.324
2120 47.0 14.234 7.168
2130 47.0 13.963 7.024
2140 47.0 13.692 6.878
2150 47.0 13.367 6.782
2160 47.0 13.027 6.697
2170 47.0 13.017 6.702
2180 47.0 13.022 6.712
2190 47.0 13.024 6.717
2200 47.0 13.028 6.721
2210 47.0 13.040 6.727
2220 47.0 13.041 6.728
2230 47.0 13.052 6.731
2240 47.0 13.053 6.731
2250 47.0 13.064 6.734
2260 47.0 13.070 6.733
2270 47.0 13.075 6.737
2280 47.0 13.069 6.742
2180 48.0 15.069 6.305
2190 48.0 14.964 6.327
2200 48.0 14.859 6.348
2210 48.0 14.745 6.199
2220 48.0 14.631 6.050
2230 48.0 14.402 5.940
2240 48.0 14.097 5.857
2250 48.0 13.693 5.785
2260 48.0 13.694 5.781
2270 48.0 13.686 5.782
2280 48.0 13.681 5.776
2290 48.0 13.684 5.775
2300 48.0 13.681 5.774
2310 48.0 13.683 5.777
2320 48.0 13.679 5.770
2330 48.0 13.674 5.766
2340 48.0 13.677 5.768
2350 48.0 13.676 5.766
2360 48.0 13.674 5.759
2370 48.0 13.660 5.751
2180 49.0 15.048 5.704
2190 49.0 14.752 5.715
2200 49.0 14.455 5.726
2210 49.0 14.240 5.603
2220 49.0 14.046 5.447
2230 49.0 13.784 5.303
2240 49.0 13.252 5.204
2250 49.0 12.775 5.179
2260 49.0 12.777 5.186
2270 49.0 12.768 5.181
2280 49.0 12.776 5.182
2290 49.0 12.779 5.180
2300 49.0 12.781 5.177
2310 49.0 12.791 5.182
2320 49.0 12.791 5.185
2330 49.0 12.792 5.187
2340 49.0 12.797 5.191
2350 49.0 12.803 5.191
2360 49.0 12.810 5.197
2370 49.0 12.812 5.200
2320 50.0 14.916 5.673
2330 50.0 14.406 5.728
2340 50.0 13.896 5.783
2350 50.0 13.400 5.840
2360 50.0 12.908 5.898
2370 50.0 12.417 5.956
2380 50.0 11.926 6.005
2390 50.0 11.432 6.043
2400 50.0 11.426 6.053
2410 50.0 11.416 6.061
2420 50.0 11.419 6.073
2430 50.0 11.433 6.090
2440 50.0 11.459 6.097
2450 50.0 11.481 6.102
2460 50.0 11.509 6.113
2470 50.0 11.540 6.119
2480 50.0 11.570 6.132
2490 50.0 11.599 6.142
2500 50.0 11.632 6.147
2510 50.0 11.651 6.153
2320 51.0 14.988 5.260
2330 51.0 14.474 5.309
2340 51.0 13.960 5.359
2350 51.0 13.446 5.408
2360 51.0 12.936 5.453
2370 51.0 12.426 5.497
2380 51.0 11.917 5.541
2390 51.0 11.407 5.585
2400 51.0 11.405 5.588
2410 51.0 11.386 5.596
2420 51.0 11.373 5.612
2430 51.0 11.384 5.623
2440 51.0 11.398 5.630
2450 51.0 11.409 5.640
2460 51.0 11.430 5.648
2470 51.0 11.458 5.656
2480 51.0 11.485 5.662
2490 51.0 11.523 5.673
2500 51.0 11.543 5.683
2510 51.0 11.562 5.695
2340 52.0 14.931 4.057
2350 52.0 14.401 4.057
2360 52.0 13.871 4.057
2370 52.0 13.346 4.053
2380 52.0 12.823 4.045
2390 52.0 12.300 4.037
2400 52.0 11.789 4.053
2410 52.0 11.291 4.092
2420 52.0 11.285 4.090
2430 52.0 11.263 4.097
2440 52.0 11.250 4.104
2450 52.0 11.253 4.107
2460 52.0 11.257 4.116
2470 52.0 11.251 4.118
2480 52.0 11.260 4.123
2490 52.0 11.275 4.126
2500 52.0 11.284 4.136
2510 52.0 11.300 4.139
2520 52.0 11.319 4.140
2530 52.0 11.332 4.138
2380 53.0 14.980 5.038
2390 53.0 14.506 5.060
2400 53.0 14.033 5.083
2410 53.0 13.559 5.105
2420 53.0 13.050 5.128
2430 53.0 12.537 5.151
2440 53.0 12.023 5.175
2450 53.0 11.510 5.198
2460 53.0 11.515 5.206
2470 53.0 11.502 5.216
2480 53.0 11.499 5.226
2490 53.0 11.501 5.227
2500 53.0 11.513 5.234
2510 53.0 11.526 5.242
2520 53.0 11.540 5.241
2530 53.0 11.556 5.245
2540 53.0 11.564 5.247
2550 53.0 11.577 5.245
2560 53.0 11.582 5.245
2570 53.0 11.599 5.247
2480 54.0 0.009 5.138
2490 54.0 0.470 5.115
2500 54.0 0.932 5.092
2510 54.0 1.394 5.069
2520 54.0 1.864 5.063
2530 54.0 2.340 5.069
2540 54.0 2.816 5.074
2550 54.0 3.292 5.080
2560 54.0 3.292 5.084
2570 54.0 3.308 5.091
2580 54.0 3.311 5.100
2590 54.0 3.314 5.106
2600 54.0 3.302 5.099
2610 54.0 3.298 5.100
2620 54.0 3.293 5.097
2630 54.0 3.286 5.089
2640 54.0 3.277 5.082
2650 54.0 3.273 5.074
2660 54.0 3.274 5.082
2670 54.0 3.269 5.082
2920 55.0 14.709 8.194
2930 55.0 13.989 8.020
2940 55.0 13.268 7.845
2950 55.0 12.502 7.649
2960 55.0 11.730 7.450
2970 55.0 10.995 7.313
2980 55.0 10.297 7.237
2990 55.0 9.582 7.162
3000 55.0 9.567 7.168
3010 55.0 9.444 7.161
3020 55.0 9.325 7.148
3030 55.0 9.228 7.142
3040 55.0 9.136 7.138
3050 55.0 9.034 7.135
3060 55.0 8.935 7.133
3070 55.0 8.814 7.127
3080 55.0 8.681 7.097
3090 55.0 8.545 7.076
3100 55.0 8.335 7.037
3110 55.0 8.140 7.000
2970 56.0 15.289 5.692
2980 56.0 14.687 5.782
2990 56.0 14.085 5.873
3000 56.0 13.482 5.963
3010 56.0 12.900 6.071
3020 56.0 12.326 6.187
3030 56.0 11.752 6.303
3040 56.0 11.188 6.421
3050 56.0 11.192 6.427
3060 56.0 11.171 6.446
3070 56.0 11.166 6.462
3080 56.0 11.177 6.472
3090 56.0 11.187 6.476
3100 56.0 11.203 6.481
3110 56.0 11.223 6.482
3120 56.0 11.244 6.483
3130 56.0 11.279 6.482
3140 56.0 11.300 6.478
3150 56.0 11.322 6.487
3160 56.0 11.352 6.491
2970 57.0 15.257 5.251
2980 57.0 14.683 5.309
2990 57.0 14.110 5.367
3000 57.0 13.536 5.424
3010 57.0 12.931 5.505
3020 57.0 12.312 5.597
3030 57.0 11.693 5.688
3040 57.0 11.093 5.787
3050 57.0 11.107 5.790
3060 57.0 11.071 5.802
3070 57.0 11.053 5.825
3080 57.0 11.051 5.827
3090 57.0 11.055 5.835
3100 57.0 11.067 5.845
3110 57.0 11.086 5.858
3120 57.0 11.112 5.867
3130 57.0 11.126 5.880
3140 57.0 11.149 5.881
3150 57.0 11.170 5.887
3160 57.0 11.198 5.885
3020 58.0 0.042 6.945
3030 58.0 0.412 6.909
3040 58.0 0.782 6.873
3050 58.0 1.152 6.836
3060 58.0 1.529 6.793
3070 58.0 1.910 6.748
3080 58.0 2.287 6.698
3090 58.0 2.635 6.616
3100 58.0 2.635 6.618
3110 58.0 2.629 6.626
3120 58.0 2.623 6.629
3130 58.0 2.616 6.622
3140 58.0 2.608 6.631
3150 58.0 2.606 6.631
3160 58.0 2.604 6.631
3170 58.0 2.591 6.629
3180 58.0 2.581 6.635
3190 58.0 2.560 6.636
3200 58.0 2.550 6.643
3210 58.0 2.536 6.646
3040 59.0 0.307 5.983
3050 59.0 0.709 5.970
3060 59.0 1.113 5.956
3070 59.0 1.515 5.943
3080 59.0 1.913 5.870
3090 59.0 2.310 5.797
3100 59.0 2.708 5.724
3110 59.0 3.115 5.650
3120 59.0 3.121 5.652
3130 59.0 3.124 5.670
3140 59.0 3.120 5.673
3150 59.0 3.107 5.672
3160 59.0 3.095 5.673
3170 59.0 3.082 5.671
3180 59.0 3.082 5.664
3190 59.0 3.063 5.661
3200 59.0 3.055 5.658
3210 59.0 3.043 5.659
3220 59.0 3.026 5.656
3230 59.0 3.012 5.651
3210 60.0 0.116 6.872
3220 60.0 0.592 6.748
3230 60.0 1.068 6.623
3240 60.0 1.543 6.589
3250 60.0 2.018 6.564
3260 60.0 2.493 6.540
3270 60.0 2.968 6.515
3280 60.0 3.494 6.508
3290 60.0 3.499 6.503
3300 60.0 3.511 6.510
3310 60.0 3.504 6.516
3320 60.0 3.494 6.513
3330 60.0 3.477 6.502
3340 60.0 3.456 6.502
3350 60.0 3.442 6.501
3360 60.0 3.422 6.498
3370 60.0 3.406 6.489
3380 60.0 3.395 6.479
3390 60.0 3.373 6.466
3400 60.0 3.358 6.449
3210 61.0 0.063 7.685
3220 61.0 0.512 7.549
3230 61.0 0.962 7.414
3240 61.0 1.411 7.278
3250 61.0 1.867 7.167
3260 61.0 2.336 7.113
3270 61.0 2.805 7.058
3280 61.0 3.274 7.004
3290 61.0 3.276 7.007
3300 61.0 3.306 7.018
3310 61.0 3.311 7.026
3320 61.0 3.310 7.023
3330 61.0 3.311 7.025
3340 61.0 3.286 7.029
3350 61.0 3.289 7.031
3360 61.0 3.278 7.021
3370 61.0 3.267 7.022
3380 61.0 3.258 7.015
3390 61.0 3.238 7.021
3400 61.0 3.229 7.030
3240 62.0 0.218 7.173
3250 62.0 0.664 7.138
3260 62.0 1.109 7.103
3270 62.0 1.555 7.068
3280 62.0 1.998 7.060
3290 62.0 2.440 7.055
3300 62.0 2.883 7.050
3310 62.0 3.325 7.045
3320 62.0 3.325 7.049
3330 62.0 3.327 7.064
3340 62.0 3.323 7.076
3350 62.0 3.318 7.077
3360 62.0 3.306 7.072
3370 62.0 3.291 7.068
3380 62.0 3.279 7.071
3390 62.0 3.281 7.068
3400 62.0 3.280 7.070
3410 62.0 3.278 7.068
3420 62.0 3.273 7.070
3430 62.0 3.268 7.062
3240 63.0 0.104 6.654
3250 63.0 0.512 6.603
3260 63.0 0.920 6.552
3270 63.0 1.328 6.502
3280 63.0 1.747 6.461
3290 63.0 2.168 6.422
3300 63.0 2.589 6.384
3310 63.0 3.054 6.364
3320 63.0 3.052 6.363
3330 63.0 3.058 6.383
3340 63.0 3.044 6.386
3350 63.0 3.035 6.383
3360 63.0 3.022 6.381
3370 63.0 3.012 6.375
3380 63.0 3.004 6.372
3390 63.0 2.993 6.368
3400 63.0 2.974 6.365
3410 63.0 2.965 6.360
3420 63.0 2.954 6.358
3430 63.0 2.952 6.356
3300 64.0 0.102 5.373
3310 64.0 0.707 5.404
3320 64.0 1.311 5.435
3330 64.0 1.915 5.465
3340 64.0 2.526 5.494
3350 64.0 3.137 5.524
3360 64.0 3.748 5.553
3370 64.0 4.359 5.582
3380 64.0 4.360 5.592
3390 64.0 4.398 5.611
3400 64.0 4.425 5.621
3410 64.0 4.425 5.619
3420 64.0 4.433 5.618
3430 64.0 4.427 5.617
3440 64.0 4.434 5.612
3450 64.0 4.432 5.610
3460 64.0 4.428 5.598
3470 64.0 4.433 5.595
3480 64.0 4.416 5.581
3490 64.0 4.419 5.575
3320 65.0 0.245 4.244
3330 65.0 0.841 4.224
3340 65.0 1.436 4.203
3350 65.0 2.031 4.183
3360 65.0 2.631 4.210
3370 65.0 3.232 4.258
3380 65.0 3.833 4.305
3390 65.0 4.453 4.348
3400 65.0 4.452 4.348
3410 65.0 4.490 4.367
3420 65.0 4.488 4.370
3430 65.0 4.498 4.370
3440 65.0 4.497 4.375
3450 65.0 4.495 4.367
3460 65.0 4.490 4.367
3470 65.0 4.484 4.365
3480 65.0 4.482 4.359
3490 65.0 4.484 4.372
3500 65.0 4.477 4.367
3510 65.0 4.453 4.356
3320 66.0 15.111 5.943
3330 66.0 14.560 6.034
3340 66.0 14.009 6.124
3350 66.0 13.472 6.231
3360 66.0 12.936 6.340
3370 66.0 12.426 6.463
3380 66.0 11.927 6.592
3390 66.0 11.428 6.722
3400 66.0 11.440 6.724
3410 66.0 11.417 6.736
3420 66.0 11.426 6.754
3430 66.0 11.441 6.751
3440 66.0 11.443 6.745
3450 66.0 11.473 6.742
3460 66.0 11.494 6.743
3470 66.0 11.525 6.737
3480 66.0 11.542 6.738
3490 66.0 11.568 6.752
3500 66.0 11.601 6.749
3510 66.0 11.620 6.748
3760 68.0 -0.069 5.244
3770 68.0 0.383 5.396
3780 68.0 0.836 5.548
3790 68.0 1.289 5.700
3800 68.0 1.726 5.824
3810 68.0 2.147 5.922
3820 68.0 2.568 6.020
3830 68.0 2.989 6.118
3840 68.0 2.995 6.117
3850 68.0 3.019 6.131
3860 68.0 3.020 6.129
3870 68.0 3.025 6.125
3880 68.0 3.023 6.127
3890 68.0 3.018 6.109
3900 68.0 3.008 6.089
3910 68.0 3.008 6.078
3920 68.0 2.994 6.061
3930 68.0 2.992 6.047
3940 68.0 2.989 6.043
3950 68.0 2.993 6.038
3910 69.0 15.206 5.762
3920 69.0 14.629 5.831
3930 69.0 14.052 5.900
3940 69.0 13.475 5.970
3950 69.0 12.915 6.063
3960 69.0 12.362 6.168
3970 69.0 11.810 6.272
3980 69.0 11.260 6.328
3990 69.0 11.262 6.331
4000 69.0 11.236 6.348
4010 69.0 11.222 6.364
4020 69.0 11.226 6.374
4030 69.0 11.242 6.388
4040 69.0 11.266 6.396
4050 69.0 11.276 6.406
4060 69.0 11.296 6.417
4070 69.0 11.321 6.426
4080 69.0 11.350 6.431
4090 69.0 11.380 6.436
4100 69.0 11.414 6.445
3920 70.0 14.899 5.079
3930 70.0 14.317 5.126
3940 70.0 13.735 5.174
3950 70.0 13.147 5.264
3960 70.0 12.549 5.418
3970 70.0 11.952 5.572
3980 70.0 11.363 5.693
3990 70.0 10.793 5.735
4000 70.0 10.791 5.737
4010 70.0 10.746 5.754
4020 70.0 10.734 5.774
4030 70.0 10.741 5.787
4040 70.0 10.767 5.790
4050 70.0 10.786 5.795
4060 70.0 10.807 5.802
4070 70.0 10.835 5.810
4080 70.0 10.862 5.821
4090 70.0 10.889 5.827
4100 70.0 10.912 5.827
4110 70.0 10.935 5.833
4000 71.0 -0.176 6.326
4010 71.0 0.422 6.203
4020 71.0 1.019 6.080
4030 71.0 1.617 5.956
4040 71.0 2.212 5.833
4050 71.0 2.805 5.710
4060 71.0 3.398 5.588
4070 71.0 3.975 5.471
4080 71.0 3.986 5.474
4090 71.0 4.022 5.497
4100 71.0 4.026 5.499
4110 71.0 4.015 5.510
4120 71.0 3.999 5.507
4130 71.0 3.980 5.511
4140 71.0 3.964 5.512
4150 71.0 3.954 5.515
4160 71.0 3.938 5.515
4170 71.0 3.920 5.515
4180 71.0 3.907 5.518
4190 71.0 3.890 5.510
4090 72.0 -0.145 4.711
4100 72.0 0.409 4.679
4110 72.0 0.963 4.647
4120 72.0 1.517 4.616
4130 72.0 2.096 4.587
4140 72.0 2.686 4.560
4150 72.0 3.275 4.532
4160 72.0 3.858 4.509
4170 72.0 3.856 4.507
4180 72.0 3.887 4.521
4190 72.0 3.893 4.528
4200 72.0 3.897 4.539
4210 72.0 3.893 4.542
4220 72.0 3.884 4.543
4230 72.0 3.876 4.547
4240 72.0 3.865 4.546
4250 72.0 3.857 4.548
4260 72.0 3.841 4.539
4270 72.0 3.829 4.535
4280 72.0 3.817 4.535
4250 73.0 -0.162 4.821
4260 73.0 0.348 4.821
4270 73.0 0.857 4.821
4280 73.0 1.366 4.821
4290 73.0 1.880 4.815
4300 73.0 2.398 4.804
4310 73.0 2.917 4.792
4320 73.0 3.435 4.780
4330 73.0 3.447 4.794
4340 73.0 3.472 4.808
4350 73.0 3.472 4.817
4360 73.0 3.473 4.812
4370 73.0 3.454 4.817
4380 73.0 3.453 4.818
4390 73.0 3.448 4.815
4400 73.0 3.439 4.810
4410 73.0 3.429 4.806
4420 73.0 3.424 4.807
4430 73.0 3.424 4.808
4440 73.0 3.423 4.799
4260 74.0 0.229 4.385
4270 74.0 0.709 4.365
4280 74.0 1.191 4.344
4290 74.0 1.672 4.324
4300 74.0 2.198 4.280
4310 74.0 2.735 4.229
4320 74.0 3.272 4.179
4330 74.0 3.809 4.129
4340 74.0 3.809 4.128
4350 74.0 3.837 4.150
4360 74.0 3.841 4.154
4370 74.0 3.840 4.150
4380 74.0 3.844 4.155
4390 74.0 3.830 4.156
4400 74.0 3.828 4.149
4410 74.0 3.811 4.154
4420 74.0 3.804 4.154
4430 74.0 3.796 4.154
4440 74.0 3.792 4.155
4450 74.0 3.782 4.157
4380 75.0 15.090 5.680
4390 75.0 14.459 5.697
4400 75.0 13.828 5.713
4410 75.0 13.202 5.729
4420 75.0 12.630 5.741
4430 75.0 12.058 5.754
4440 75.0 11.486 5.766
4450 75.0 10.914 5.742
4460 75.0 10.911 5.743
4470 75.0 10.886 5.747
4480 75.0 10.857 5.753
4490 75.0 10.834 5.760
4500 75.0 10.837 5.764
4510 75.0 10.841 5.772
4520 75.0 10.845 5.771
4530 75.0 10.847 5.780
4540 75.0 10.871 5.782
4550 75.0 10.883 5.785
4560 75.0 10.889 5.787
4570 75.0 10.909 5.792
4450 76.0 15.058 5.161
4460 76.0 14.521 5.221
4470 76.0 13.983 5.277
4480 76.0 13.434 5.309
4490 76.0 12.885 5.340
4500 76.0 12.348 5.339
4510 76.0 11.815 5.331
4520 76.0 11.281 5.322
4530 76.0 11.273 5.326
4540 76.0 11.247 5.337
4550 76.0 11.247 5.350
4560 76.0 11.248 5.354
4570 76.0 11.268 5.357
4580 76.0 11.262 5.367
4590 76.0 11.279 5.376
4600 76.0 11.291 5.377
4610 76.0 11.301 5.381
4620 76.0 11.313 5.385
4630 76.0 11.330 5.391
4640 76.0 11.344 5.396
4460 77.0 15.048 5.919
4470 77.0 14.518 5.989
4480 77.0 13.988 6.060
4490 77.0 13.455 6.134
4500 77.0 12.915 6.213
4510 77.0 12.375 6.293
4520 77.0 11.848 6.365
4530 77.0 11.352 6.419
4540 77.0 11.349 6.426
4550 77.0 11.341 6.440
4560 77.0 11.344 6.456
4570 77.0 11.362 6.464
4580 77.0 11.381 6.473
4590 77.0 11.409 6.485
4600 77.0 11.431 6.490
4610 77.0 11.457 6.504
4620 77.0 11.490 6.506
4630 77.0 11.515 6.506
4640 77.0 11.545 6.510
4650 77.0 11.575 6.514
4470 78.0 15.069 5.441
4480 78.0 14.520 5.514
4490 78.0 13.971 5.587
4500 78.0 13.389 5.659
4510 78.0 12.793 5.730
4520 78.0 12.196 5.802
4530 78.0 11.647 5.850
4540 78.0 11.117 5.889
4550 78.0 11.113 5.888
4560 78.0 11.083 5.902
4570 78.0 11.085 5.910
4580 78.0 11.086 5.919
4590 78.0 11.092 5.930
4600 78.0 11.112 5.927
4610 78.0 11.128 5.937
4620 78.0 11.143 5.949
4630 78.0 11.170 5.949
4640 78.0 11.178 5.954
4650 78.0 11.198 5.966
4660 78.0 11.212 5.978
4500 79.0 15.221 5.444
4510 79.0 14.672 5.433
4520 79.0 14.123 5.423
4530 79.0 13.538 5.366
4540 79.0 12.915 5.262
4550 79.0 12.296 5.167
4560 79.0 11.690 5.110
4570 79.0 11.084 5.053
4580 79.0 11.076 5.044
4590 79.0 11.035 5.045
4600 79.0 11.018 5.050
4610 79.0 11.009 5.052
4620 79.0 11.024 5.055
4630 79.0 11.032 5.065
4640 79.0 11.049 5.061
4650 79.0 11.072 5.060
4660 79.0 11.083 5.064
4670 79.0 11.103 5.059
4680 79.0 11.126 5.063
4690 79.0 11.143 5.064
4510 80.0 -0.112 4.699
4520 80.0 0.402 4.628
4530 80.0 0.917 4.557
4540 80.0 1.431 4.487
4550 80.0 1.954 4.454
4560 80.0 2.476 4.421
4570 80.0 2.997 4.391
4580 80.0 3.500 4.391
4590 80.0 3.504 4.394
4600 80.0 3.517 4.414
4610 80.0 3.519 4.424
4620 80.0 3.510 4.429
4630 80.0 3.501 4.429
4640 80.0 3.498 4.426
4650 80.0 3.489 4.421
4660 80.0 3.480 4.418
4670 80.0 3.467 4.419
4680 80.0 3.461 4.412
4690 80.0 3.449 4.409
4700 80.0 3.437 4.401
4520 81.0 0.289 3.911
4530 81.0 0.801 3.903
4540 81.0 1.313 3.895
4550 81.0 1.814 3.879
4560 81.0 2.297 3.851
4570 81.0 2.779 3.823
4580 81.0 3.262 3.795
4590 81.0 3.761 3.814
4600 81.0 3.767 3.815
4610 81.0 3.778 3.829
4620 81.0 3.779 3.833
4630 81.0 3.773 3.830
4640 81.0 3.765 3.833
4650 81.0 3.751 3.839
4660 81.0 3.744 3.833
4670 81.0 3.735 3.830
4680 81.0 3.728 3.823
4690 81.0 3.730 3.824
4700 81.0 3.730 3.817
4710 81.0 3.727 3.817
4780 86.0 15.150 5.395
4790 86.0 14.552 5.385
4800 86.0 13.955 5.376
4810 86.0 13.343 5.335
4820 86.0 12.712 5.247
4830 86.0 12.081 5.160
4840 86.0 11.434 5.076
4850 86.0 10.763 4.996
4860 86.0 10.782 5.000
4870 86.0 10.748 4.997
4880 86.0 10.711 4.994
4890 86.0 10.702 4.993
4900 86.0 10.694 4.998
4910 86.0 10.694 4.997
4920 86.0 10.694 4.997
4930 86.0 10.699 5.001
4940 86.0 10.723 5.005
4950 86.0 10.734 5.008
4960 86.0 10.751 5.013
4970 86.0 10.770 5.014
4790 87.0 14.722 6.141
4800 87.0 14.026 6.203
4810 87.0 13.340 6.240
4820 87.0 12.693 6.179
4830 87.0 12.046 6.117
4840 87.0 11.390 6.033
4850 87.0 10.725 5.928
4860 87.0 10.060 5.823
4870 87.0 10.063 5.818
4880 87.0 10.008 5.812
4890 87.0 9.969 5.813
4900 87.0 9.930 5.811
4910 87.0 9.915 5.812
4920 87.0 9.909 5.817
4930 87.0 9.915 5.820
4940 87.0 9.917 5.823
4950 87.0 9.916 5.817
4960 87.0 9.916 5.824
4970 87.0 9.924 5.825
4980 87.0 9.931 5.824
4790 88.0 0.185 8.452
4800 88.0 0.512 8.364
4810 88.0 0.840 8.275
4820 88.0 1.176 8.155
4830 88.0 1.514 8.028
4840 88.0 1.852 7.900
4850 88.0 2.203 7.882
4860 88.0 2.554 7.864
4870 88.0 2.557 7.864
4880 88.0 2.561 7.883
4890 88.0 2.563 7.884
4900 88.0 2.549 7.888
4910 88.0 2.547 7.898
4920 88.0 2.542 7.902
4930 88.0 2.537 7.904
4940 88.0 2.527 7.907
4950 88.0 2.522 7.909
4960 88.0 2.512 7.903
4970 88.0 2.515 7.909
4980 88.0 2.508 7.911
4830 89.0 0.138 4.918
4840 89.0 0.618 4.928
4850 89.0 1.098 4.937
4860 89.0 1.541 4.983
4870 89.0 1.969 5.045
4880 89.0 2.397 5.107
4890 89.0 2.793 5.157
4900 89.0 3.169 5.199
4910 89.0 3.180 5.197
4920 89.0 3.194 5.206
4930 89.0 3.202 5.206
4940 89.0 3.208 5.198
4950 89.0 3.220 5.195
4960 89.0 3.212 5.190
4970 89.0 3.218 5.184
4980 89.0 3.223 5.180
4990 89.0 3.226 5.179
5000 89.0 3.218 5.181
5010 89.0 3.220 5.172
5020 89.0 3.220 5.170
4830 90.0 -0.097 4.128
4840 90.0 0.251 4.190
4850 90.0 0.598 4.252
4860 90.0 0.961 4.304
4870 90.0 1.359 4.330
4880 90.0 1.756 4.357
4890 90.0 2.187 4.330
4900 90.0 2.639 4.268
4910 90.0 2.656 4.263
4920 90.0 2.668 4.272
4930 90.0 2.682 4.271
4940 90.0 2.683 4.254
4950 90.0 2.690 4.251
4960 90.0 2.693 4.245
4970 90.0 2.698 4.233
4980 90.0 2.695 4.227
4990 90.0 2.692 4.220
5000 90.0 2.681 4.207
5010 90.0 2.687 4.206
5020 90.0 2.678 4.193
4890 91.0 15.030 3.396
4900 91.0 14.411 3.789
4910 91.0 13.799 4.130
4920 91.0 13.194 4.418
4930 91.0 12.586 4.700
4940 91.0 11.954 4.920
4950 91.0 11.323 5.140
4960 91.0 10.711 5.388
4970 91.0 10.733 5.387
4980 91.0 10.687 5.459
4990 91.0 10.642 5.507
5000 91.0 10.617 5.574
5010 91.0 10.615 5.613
5020 91.0 10.590 5.648
5030 91.0 10.570 5.701
5040 91.0 10.544 5.722
5050 91.0 10.505 5.768
5060 91.0 10.482 5.823
5070 91.0 10.426 5.868
5080 91.0 10.360 5.934
4900 92.0 14.886 4.272
4910 92.0 14.345 4.590
4920 92.0 13.779 4.890
4930 92.0 13.118 5.118
4940 92.0 12.463 5.343
4950 92.0 11.867 5.552
4960 92.0 11.270 5.761
4970 92.0 10.655 5.984
4980 92.0 10.666 5.996
4990 92.0 10.624 6.017
5000 92.0 10.592 6.054
5010 92.0 10.590 6.073
5020 92.0 10.589 6.097
5030 92.0 10.586 6.132
5040 92.0 10.582 6.152
5050 92.0 10.589 6.180
5060 92.0 10.612 6.192
5070 92.0 10.601 6.229
5080 92.0 10.590 6.258
5090 92.0 10.609 6.285
4860 93.0 0.031 5.040
4870 93.0 0.507 5.140
4880 93.0 0.984 5.240
4890 93.0 1.394 5.213
4900 93.0 1.796 5.172
4910 93.0 2.180 5.136
4920 93.0 2.552 5.104
4930 93.0 2.924 5.072
4940 93.0 2.924 5.069
4950 93.0 2.933 5.078
4960 93.0 2.930 5.074
4970 93.0 2.929 5.072
4980 93.0 2.915 5.062
4990 93.0 2.911 5.056
5000 93.0 2.911 5.051
5010 93.0 2.913 5.041
5020 93.0 2.909 5.030
5030 93.0 2.905 5.028
5040 93.0 2.891 5.026
5050 93.0 2.890 5.027
4870 94.0 0.147 4.469
4880 94.0 0.568 4.497
4890 94.0 0.989 4.522
4900 94.0 1.410 4.545
4910 94.0 1.823 4.549
4920 94.0 2.224 4.527
4930 94.0 2.580 4.434
4940 94.0 2.833 4.180
4950 94.0 2.822 4.181
4960 94.0 2.826 4.185
4970 94.0 2.820 4.184
4980 94.0 2.803 4.178
4990 94.0 2.793 4.173
5000 94.0 2.789 4.173
5010 94.0 2.785 4.170
5020 94.0 2.776 4.162
5030 94.0 2.766 4.171
5040 94.0 2.749 4.164
5050 94.0 2.738 4.160
5060 94.0 2.720 4.161
5180 98.0 15.031 10.223
5190 98.0 14.645 10.064
5200 98.0 14.256 9.885
5210 98.0 13.860 9.660
5220 98.0 13.508 9.389
5230 98.0 13.187 9.088
5240 98.0 12.976 8.738
5250 98.0 12.813 8.366
5260 98.0 12.819 8.368
5270 98.0 12.805 8.341
5280 98.0 12.797 8.337
5290 98.0 12.794 8.335
5300 98.0 12.806 8.341
5310 98.0 12.822 8.344
5320 98.0 12.825 8.349
5330 98.0 12.844 8.361
5340 98.0 12.854 8.365
5350 98.0 12.865 8.373
5360 98.0 12.873 8.384
5370 98.0 12.872 8.387
5200 99.0 14.948 9.049
5210 99.0 14.591 8.821
5220 99.0 14.236 8.587
5230 99.0 13.901 8.305
5240 99.0 13.566 8.023
5250 99.0 13.203 7.701
5260 99.0 12.837 7.374
5270 99.0 12.456 7.064
5280 99.0 12.467 7.061
5290 99.0 12.442 7.039
5300 99.0 12.434 7.028
5310 99.0 12.423 7.027
5320 99.0 12.411 7.024
5330 99.0 12.424 7.033
5340 99.0 12.440 7.051
5350 99.0 12.463 7.064
5360 99.0 12.482 7.074
5370 99.0 12.503 7.084
5380 99.0 12.519 7.100
5390 99.0 12.530 7.114
5290 100.0 -0.065 4.590
5300 100.0 0.363 4.565
5310 100.0 0.791 4.540
5320 100.0 1.219 4.516
5330 100.0 1.637 4.531
5340 100.0 2.053 4.556
5350 100.0 2.468 4.581
5360 100.0 2.883 4.606
5370 100.0 2.886 4.611
5380 100.0 2.900 4.630
5390 100.0 2.900 4.628
5400 100.0 2.897 4.636
5410 100.0 2.895 4.631
5420 100.0 2.883 4.619
5430 100.0 2.890 4.619
5440 100.0 2.893 4.619
5450 100.0 2.892 4.616
5460 100.0 2.902 4.617
5470 100.0 2.889 4.609
5480 100.0 2.887 4.605
5290 101.0 -0.245 5.752
5300 101.0 0.472 5.990
5310 101.0 1.190 6.229
5320 101.0 1.871 6.444
5330 101.0 2.496 6.623
5340 101.0 3.122 6.802
5350 101.0 3.748 6.981
5360 101.0 4.336 7.033
5370 101.0 4.357 7.040
5380 101.0 4.408 7.062
5390 101.0 4.446 7.079
5400 101.0 4.470 7.088
5410 101.0 4.482 7.091
5420 101.0 4.484 7.085
5430 101.0 4.496 7.084
5440 101.0 4.502 7.070
5450 101.0 4.496 7.059
5460 101.0 4.505 7.058
5470 101.0 4.496 7.031
5480 101.0 4.489 7.012
5300 102.0 -0.021 4.294
5310 102.0 0.400 4.301
5320 102.0 0.821 4.309
5330 102.0 1.242 4.316
5340 102.0 1.663 4.316
5350 102.0 2.084 4.309
5360 102.0 2.505 4.302
5370 102.0 2.927 4.291
5380 102.0 2.930 4.288
5390 102.0 2.938 4.296
5400 102.0 2.938 4.300
5410 102.0 2.935 4.299
5420 102.0 2.928 4.300
5430 102.0 2.918 4.297
5440 102.0 2.910 4.288
5450 102.0 2.905 4.295
5460 102.0 2.889 4.294
5470 102.0 2.892 4.292
5480 102.0 2.880 4.294
5490 102.0 2.868 4.289
5370 103.0 15.128 8.476
5380 103.0 14.823 8.407
5390 103.0 14.519 8.338
5400 103.0 14.214 8.269
5410 103.0 13.909 8.200
5420 103.0 13.554 8.073
5430 103.0 13.186 7.931
5440 103.0 12.817 7.789
5450 103.0 12.820 7.783
5460 103.0 12.822 7.777
5470 103.0 12.819 7.763
5480 103.0 12.818 7.757
5490 103.0 12.822 7.749
5500 103.0 12.826 7.747
5510 103.0 12.823 7.745
5520 103.0 12.826 7.739
5530 103.0 12.827 7.738
5540 103.0 12.834 7.740
5550 103.0 12.836 7.737
5560 103.0 12.833 7.734
5390 104.0 15.139 7.925
5400 104.0 14.894 7.798
5410 104.0 14.648 7.671
5420 104.0 14.403 7.543
5430 104.0 14.136 7.462
5440 104.0 13.864 7.392
5450 104.0 13.592 7.322
5460 104.0 13.320 7.252
5470 104.0 13.323 7.246
5480 104.0 13.338 7.244
5490 104.0 13.349 7.241
5500 104.0 13.360 7.243
5510 104.0 13.357 7.241
5520 104.0 13.363 7.241
5530 104.0 13.364 7.231
5540 104.0 13.369 7.233
5550 104.0 13.383 7.227
5560 104.0 13.385 7.225
5570 104.0 13.386 7.220
5580 104.0 13.390 7.222
5410 105.0 15.019 8.333
5420 105.0 14.768 8.234
5430 105.0 14.516 8.134
5440 105.0 14.265 8.035
5450 105.0 13.948 7.961
5460 105.0 13.588 7.905
5470 105.0 13.228 7.848
5480 105.0 12.868 7.792
5490 105.0 12.868 7.794
5500 105.0 12.877 7.791
5510 105.0 12.882 7.787
5520 105.0 12.881 7.784
5530 105.0 12.890 7.780
5540 105.0 12.896 7.785
5550 105.0 12.899 7.781
5560 105.0 12.911 7.776
5570 105.0 12.917 7.778
5580 105.0 12.924 7.785
5590 105.0 12.926 7.780
5600 105.0 12.934 7.781
5500 106.0 14.836 4.320
5510 106.0 14.270 4.320
5520 106.0 13.704 4.320
5530 106.0 13.127 4.282
5540 106.0 12.533 4.188
5550 106.0 11.939 4.095
5560 106.0 11.381 4.063
5570 106.0 10.846 4.073
5580 106.0 10.851 4.066
5590 106.0 10.822 4.083
5600 106.0 10.811 4.082
5610 106.0 10.809 4.083
5620 106.0 10.802 4.088
5630 106.0 10.812 4.087
5640 106.0 10.828 4.089
5650 106.0 10.846 4.089
5660 106.0 10.856 4.094
5670 106.0 10.861 4.094
5680 106.0 10.878 4.101
5690 106.0 10.889 4.098
5560 107.0 0.013 5.579
5570 107.0 0.518 5.635
5580 107.0 1.023 5.690
5590 107.0 1.528 5.746
5600 107.0 2.002 5.790
5610 107.0 2.472 5.832
5620 107.0 2.943 5.874
5630 107.0 3.375 5.984
5640 107.0 3.382 5.987
5650 107.0 3.417 6.002
5660 107.0 3.426 6.001
5670 107.0 3.436 5.992
5680 107.0 3.439 5.986
5690 107.0 3.439 5.980
5700 107.0 3.445 5.980
5710 107.0 3.437 5.966
5720 107.0 3.439 5.954
5730 107.0 3.442 5.954
5740 107.0 3.440 5.948
5750 107.0 3.439 5.939
5580 108.0 0.048 4.877
5590 108.0 0.544 4.954
5600 108.0 1.039 5.031
5610 108.0 1.535 5.108
5620 108.0 1.987 5.224
5630 108.0 2.419 5.356
5640 108.0 2.852 5.489
5650 108.0 3.276 5.627
5660 108.0 3.287 5.621
5670 108.0 3.305 5.630
5680 108.0 3.310 5.631
5690 108.0 3.318 5.625
5700 108.0 3.312 5.614
5710 108.0 3.311 5.602
5720 108.0 3.302 5.593
5730 108.0 3.297 5.583
5740 108.0 3.296 5.564
5750 108.0 3.298 5.553
5760 108.0 3.301 5.544
5770 108.0 3.299 5.531
5580 109.0 14.863 4.555
5590 109.0 14.347 4.485
5600 109.0 13.831 4.416
5610 109.0 13.320 4.375
5620 109.0 12.822 4.399
5630 109.0 12.324 4.422
5640 109.0 11.863 4.483
5650 109.0 11.487 4.627
5660 109.0 11.491 4.629
5670 109.0 11.476 4.633
5680 109.0 11.470 4.635
5690 109.0 11.475 4.642
5700 109.0 11.491 4.641
5710 109.0 11.505 4.649
5720 109.0 11.528 4.646
5730 109.0 11.541 4.643
5740 109.0 11.548 4.648
5750 109.0 11.562 4.647
5760 109.0 11.577 4.649
5770 109.0 11.584 4.650
5580 110.0 14.814 4.229
5590 110.0 14.334 4.181
5600 110.0 13.854 4.134
5610 110.0 13.367 4.144
5620 110.0 12.878 4.161
5630 110.0 12.391 4.188
5640 110.0 11.920 4.303
5650 110.0 11.448 4.417
5660 110.0 11.449 4.419
5670 110.0 11.451 4.423
5680 110.0 11.454 4.422
5690 110.0 11.460 4.427
5700 110.0 11.472 4.434
5710 110.0 11.483 4.435
5720 110.0 11.488 4.440
5730 110.0 11.507 4.443
5740 110.0 11.524 4.447
5750 110.0 11.544 4.449
5760 110.0 11.554 4.446
5770 110.0 11.566 4.452
5610 111.0 -0.097 4.465
5620 111.0 0.436 4.458
5630 111.0 0.969 4.450
5640 111.0 1.501 4.443
5650 111.0 2.016 4.397
5660 111.0 2.511 4.312
5670 111.0 3.007 4.227
5680 111.0 3.447 4.131
5690 111.0 3.445 4.136
5700 111.0 3.455 4.149
5710 111.0 3.459 4.161
5720 111.0 3.451 4.166
5730 111.0 3.438 4.155
5740 111.0 3.430 4.148
5750 111.0 3.421 4.136
5760 111.0 3.408 4.133
5770 111.0 3.391 4.129
5780 111.0 3.381 4.119
5790 111.0 3.371 4.106
5800 111.0 3.347 4.107
5630 112.0 0.314 5.207
5640 112.0 0.837 5.157
5650 112.0 1.359 5.108
5660 112.0 1.835 5.004
5670 112.0 2.264 4.845
5680 112.0 2.692 4.686
5690 112.0 3.071 4.554
5700 112.0 3.437 4.430
5710 112.0 3.457 4.422
5720 112.0 3.482 4.439
5730 112.0 3.484 4.439
5740 112.0 3.489 4.443
5750 112.0 3.483 4.449
5760 112.0 3.479 4.454
5770 112.0 3.460 4.459
5780 112.0 3.450 4.467
5790 112.0 3.439 4.466
5800 112.0 3.432 4.466
5810 112.0 3.422 4.466
5820 112.0 3.406 4.468
5640 113.0 15.160 9.629
5650 113.0 14.709 9.334
5660 113.0 14.258 9.038
5670 113.0 13.839 8.757
5680 113.0 13.434 8.481
5690 113.0 13.029 8.209
5700 113.0 12.617 7.960
5710 113.0 12.204 7.712
5720 113.0 12.194 7.705
5730 113.0 12.166 7.693
5740 113.0 12.148 7.689
5750 113.0 12.135 7.680
5760 113.0 12.128 7.686
5770 113.0 12.122 7.695
5780 113.0 12.134 7.713
5790 113.0 12.138 7.722
5800 113.0 12.143 7.729
5810 113.0 12.152 7.744
5820 113.0 12.166 7.760
5830 113.0 12.171 7.769
5830 114.0 0.160 4.672
5840 114.0 0.856 4.527
5850 114.0 1.551 4.382
5860 114.0 2.295 4.264
5870 114.0 3.044 4.150
5880 114.0 3.788 4.014
5890 114.0 4.525 3.844
5900 114.0 5.262 3.675
5910 114.0 5.259 3.680
5920 114.0 5.360 3.679
5930 114.0 5.413 3.682
5940 114.0 5.465 3.680
5950 114.0 5.520 3.697
5960 114.0 5.565 3.699
5970 114.0 5.654 3.702
5980 114.0 5.772 3.720
5990 114.0 5.960 3.721
6000 114.0 6.193 3.739
6010 114.0 6.491 3.740
6020 114.0 6.818 3.722
5830 115.0 0.072 10.116
5840 115.0 0.222 9.860
5850 115.0 0.373 9.604
5860 115.0 0.542 9.349
5870 115.0 0.739 9.096
5880 115.0 0.937 8.842
5890 115.0 1.153 8.595
5900 115.0 1.444 8.375
5910 115.0 1.449 8.370
5920 115.0 1.442 8.365
5930 115.0 1.431 8.352
5940 115.0 1.429 8.354
5950 115.0 1.416 8.344
5960 115.0 1.414 8.338
5970 115.0 1.404 8.338
5980 115.0 1.395 8.340
5990 115.0 1.387 8.338
6000 115.0 1.373 8.343
6010 115.0 1.358 8.340
6020 115.0 1.351 8.344
5900 116.0 0.421 4.471
5910 116.0 1.052 4.391
5920 116.0 1.686 4.326
5930 116.0 2.340 4.385
5940 116.0 2.994 4.445
5950 116.0 3.643 4.541
5960 116.0 4.282 4.719
5970 116.0 4.921 4.898
5980 116.0 4.925 4.903
5990 116.0 4.971 4.926
6000 116.0 4.986 4.941
6010 116.0 4.984 4.944
6020 116.0 4.999 4.941
6030 116.0 5.012 4.941
6040 116.0 5.016 4.934
6050 116.0 5.030 4.932
6060 116.0 5.041 4.932
6070 116.0 5.037 4.923
6080 116.0 5.030 4.913
6090 116.0 5.035 4.901
6020 117.0 14.724 7.890
6030 117.0 14.118 7.728
6040 117.0 13.512 7.566
6050 117.0 12.823 7.446
6060 117.0 12.134 7.327
6070 117.0 11.460 7.360
6080 117.0 10.790 7.430
6090 117.0 10.112 7.499
6100 117.0 10.113 7.492
6110 117.0 10.048 7.492
6120 117.0 9.993 7.493
6130 117.0 9.969 7.488
6140 117.0 9.949 7.487
6150 117.0 9.951 7.487
6160 117.0 9.942 7.482
6170 117.0 9.963 7.489
6180 117.0 9.954 7.485
6190 117.0 9.952 7.486
6200 117.0 9.960 7.489
6210 117.0 9.964 7.493
6010 118.0 0.350 9.887
6020 118.0 0.378 9.565
6030 118.0 0.422 9.270
6040 118.0 0.535 9.079
6050 118.0 0.647 8.888
6060 118.0 0.792 8.724
6070 118.0 1.067 8.669
6080 118.0 1.342 8.614
6090 118.0 1.342 8.606
6100 118.0 1.343 8.606
6110 118.0 1.332 8.603
6120 118.0 1.326 8.601
6130 118.0 1.321 8.596
6140 118.0 1.318 8.592
6150 118.0 1.308 8.591
6160 118.0 1.307 8.589
6170 118.0 1.305 8.589
6180 118.0 1.293 8.580
6190 118.0 1.296 8.574
6200 118.0 1.290 8.572
6060 119.0 0.011 8.391
6070 119.0 0.378 8.322
6080 119.0 0.744 8.252
6090 119.0 1.111 8.183
6100 119.0 1.491 8.162
6110 119.0 1.878 8.162
6120 119.0 2.265 8.162
6130 119.0 2.652 8.162
6140 119.0 2.646 8.165
6150 119.0 2.650 8.179
6160 119.0 2.640 8.178
6170 119.0 2.631 8.178
6180 119.0 2.621 8.181
6190 119.0 2.611 8.179
6200 119.0 2.604 8.180
6210 119.0 2.597 8.176
6220 119.0 2.588 8.169
6230 119.0 2.574 8.165
6240 119.0 2.567 8.167
6250 119.0 2.563 8.166
6140 120.0 15.183 4.360
6150 120.0 14.718 4.396
6160 120.0 14.252 4.433
6170 120.0 13.787 4.469
6180 120.0 13.308 4.511
6190 120.0 12.817 4.558
6200 120.0 12.326 4.606
6210 120.0 11.859 4.675
6220 120.0 11.870 4.680
6230 120.0 11.863 4.690
6240 120.0 11.860 4.696
6250 120.0 11.871 4.710
6260 120.0 11.890 4.714
6270 120.0 11.902 4.722
6280 120.0 11.918 4.729
6290 120.0 11.940 4.747
6300 120.0 11.964 4.760
6310 120.0 11.981 4.768
6320 120.0 12.010 4.777
6330 120.0 12.043 4.789
6170 121.0 14.903 4.747
6180 121.0 14.349 4.898
6190 121.0 13.795 5.049
6200 121.0 13.257 5.181
6210 121.0 12.760 5.268
6220 121.0 12.263 5.355
6230 121.0 11.765 5.441
6240 121.0 11.267 5.507
6250 121.0 11.275 5.509
6260 121.0 11.258 5.523
6270 121.0 11.255 5.517
6280 121.0 11.268 5.522
6290 121.0 11.286 5.517
6300 121.0 11.300 5.520
6310 121.0 11.315 5.517
6320 121.0 11.346 5.514
6330 121.0 11.369 5.518
6340 121.0 11.395 5.516
6350 121.0 11.420 5.521
6360 121.0 11.442 5.517
6250 122.0 0.161 8.698
6260 122.0 0.314 8.481
6270 122.0 0.467 8.264
6280 122.0 0.639 8.066
6290 122.0 0.889 7.942
6300 122.0 1.138 7.818
6310 122.0 1.387 7.721
6320 122.0 1.634 7.651
6330 122.0 1.636 7.640
6340 122.0 1.641 7.645
6350 122.0 1.637 7.641
6360 122.0 1.637 7.638
6370 122.0 1.633 7.633
6380 122.0 1.619 7.618
6390 122.0 1.615 7.612
6400 122.0 1.614 7.611
6410 122.0 1.613 7.602
6420 122.0 1.603 7.597
6430 122.0 1.593 7.584
6440 122.0 1.591 7.582
6270 123.0 0.204 7.711
6280 123.0 0.486 7.487
6290 123.0 0.769 7.261
6300 123.0 1.052 7.036
6310 123.0 1.349 6.880
6320 123.0 1.652 6.754
6330 123.0 1.955 6.628
6340 123.0 2.267 6.521
6350 123.0 2.267 6.524
6360 123.0 2.260 6.526
6370 123.0 2.251 6.522
6380 123.0 2.252 6.528
6390 123.0 2.248 6.536
6400 123.0 2.243 6.538
6410 123.0 2.232 6.541
6420 123.0 2.222 6.536
6430 123.0 2.211 6.541
6440 123.0 2.207 6.541
6450 123.0 2.197 6.545
6460 123.0 2.194 6.543
6530 127.0 0.238 5.018
6540 127.0 0.800 5.170
6550 127.0 1.361 5.322
6560 127.0 1.922 5.474
6570 127.0 2.463 5.615
6580 127.0 3.002 5.756
6590 127.0 3.540 5.896
6600 127.0 4.088 6.012
6610 127.0 4.084 6.004
6620 127.0 4.126 6.016
6630 127.0 4.134 6.008
6640 127.0 4.142 6.004
6650 127.0 4.140 5.995
6660 127.0 4.135 5.982
6670 127.0 4.137 5.972
6680 127.0 4.134 5.960
6690 127.0 4.124 5.951
6700 127.0 4.116 5.938
6710 127.0 4.106 5.921
6720 127.0 4.103 5.907
6530 128.0 0.101 4.191
6540 128.0 0.696 4.339
6550 128.0 1.290 4.486
6560 128.0 1.884 4.634
6570 128.0 2.444 4.793
6580 128.0 2.989 4.959
6590 128.0 3.534 5.124
6600 128.0 4.079 5.289
6610 128.0 4.078 5.289
6620 128.0 4.107 5.304
6630 128.0 4.122 5.303
6640 128.0 4.125 5.288
6650 128.0 4.117 5.274
6660 128.0 4.115 5.260
6670 128.0 4.110 5.249
6680 128.0 4.108 5.238
6690 128.0 4.103 5.226
6700 128.0 4.099 5.203
6710 128.0 4.096 5.184
6720 128.0 4.091 5.177
6570 129.0 -0.027 5.444
6580 129.0 0.633 5.790
6590 129.0 1.294 6.135
6600 129.0 1.954 6.481
6610 129.0 2.652 6.794
6620 129.0 3.353 7.103
6630 129.0 4.049 7.371
6640 129.0 4.721 7.472
6650 129.0 4.741 7.488
6660 129.0 4.823 7.522
6670 129.0 4.935 7.567
6680 129.0 5.019 7.587
6690 129.0 5.104 7.597
6700 129.0 5.215 7.637
6710 129.0 5.375 7.690
6720 129.0 5.544 7.745
6730 129.0 5.790 7.816
6740 129.0 6.133 7.914
6750 129.0 6.553 8.067
6760 129.0 6.863 8.187
6750 130.0 0.021 9.475
6760 130.0 0.177 9.192
6770 130.0 0.333 8.909
6780 130.0 0.513 8.670
6790 130.0 0.751 8.531
6800 130.0 0.989 8.392
6810 130.0 1.245 8.250
6820 130.0 1.578 8.091
6830 130.0 1.571 8.085
6840 130.0 1.563 8.082
6850 130.0 1.542 8.083
6860 130.0 1.527 8.078
6870 130.0 1.523 8.080
6880 130.0 1.502 8.079
6890 130.0 1.485 8.070
6900 130.0 1.472 8.070
6910 130.0 1.458 8.064
6920 130.0 1.446 8.066
6930 130.0 1.429 8.067
6940 130.0 1.415 8.070
6770 131.0 0.193 8.095
6780 131.0 0.452 7.866
6790 131.0 0.711 7.636
6800 131.0 1.031 7.502
6810 131.0 1.357 7.379
6820 131.0 1.684 7.255
6830 131.0 1.983 7.228
6840 131.0 2.283 7.200
6850 131.0 2.286 7.199
6860 131.0 2.295 7.215
6870 131.0 2.287 7.214
6880 131.0 2.282 7.212
6890 131.0 2.267 7.214
6900 131.0 2.254 7.212
6910 131.0 2.250 7.209
6920 131.0 2.245 7.205
6930 131.0 2.234 7.209
6940 131.0 2.235 7.210
6950 131.0 2.230 7.211
6960 131.0 2.220 7.203
6930 132.0 14.850 5.756
6940 132.0 14.248 5.768
6950 132.0 13.623 5.779
6960 132.0 12.940 5.791
6970 132.0 12.257 5.802
6980 132.0 11.575 5.814
6990 132.0 10.903 5.836
7000 132.0 10.277 5.900
7010 132.0 10.265 5.897
7020 132.0 10.192 5.902
7030 132.0 10.137 5.909
7040 132.0 10.111 5.915
7050 132.0 10.104 5.913
7060 132.0 10.106 5.918
7070 132.0 10.105 5.926
7080 132.0 10.110 5.921
7090 132.0 10.112 5.920
7100 132.0 10.120 5.918
7110 132.0 10.136 5.920
7120 132.0 10.162 5.922
6950 133.0 0.084 5.012
6960 133.0 0.630 5.124
6970 133.0 1.176 5.235
6980 133.0 1.722 5.347
6990 133.0 2.300 5.434
7000 133.0 2.887 5.513
7010 133.0 3.474 5.593
7020 133.0 4.032 5.667
7030 133.0 4.035 5.670
7040 133.0 4.065 5.685
7050 133.0 4.084 5.688
7060 133.0 4.093 5.689
7070 133.0 4.100 5.687
7080 133.0 4.093 5.680
7090 133.0 4.094 5.675
7100 133.0 4.091 5.672
7110 133.0 4.094 5.667
7120 133.0 4.094 5.672
7130 133.0 4.086 5.666
7140 133.0 4.077 5.654
6950 134.0 -0.145 5.937
6960 134.0 0.427 6.011
6970 134.0 1.000 6.086
6980 134.0 1.572 6.160
6990 134.0 2.147 6.218
7000 134.0 2.727 6.250
7010 134.0 3.308 6.282
7020 134.0 3.888 6.315
7030 134.0 3.888 6.319
7040 134.0 3.923 6.337
7050 134.0 3.939 6.341
7060 134.0 3.939 6.340
7070 134.0 3.932 6.337
7080 134.0 3.937 6.330
7090 134.0 3.928 6.322
7100 134.0 3.924 6.309
7110 134.0 3.918 6.305
7120 134.0 3.908 6.290
7130 134.0 3.905 6.284
7140 134.0 3.896 6.276
7000 135.0 0.212 5.746
7010 135.0 0.651 5.686
7020 135.0 1.089 5.626
7030 135.0 1.553 5.652
7040 135.0 2.029 5.713
7050 135.0 2.504 5.775
7060 135.0 2.986 5.902
7070 135.0 3.473 6.074
7080 135.0 3.485 6.071
7090 135.0 3.500 6.085
7100 135.0 3.513 6.086
7110 135.0 3.509 6.081
7120 135.0 3.509 6.080
7130 135.0 3.503 6.079
7140 135.0 3.500 6.077
7150 135.0 3.515 6.074
7160 135.0 3.517 6.069
7170 135.0 3.518 6.061
7180 135.0 3.511 6.055
7190 135.0 3.514 6.050
7030 136.0 15.073 7.885
7040 136.0 14.685 7.741
7050 136.0 14.297 7.596
7060 136.0 13.909 7.452
7070 136.0 13.497 7.323
7080 136.0 13.027 7.232
7090 136.0 12.556 7.141
7100 136.0 12.086 7.050
7110 136.0 12.081 7.047
7120 136.0 12.054 7.049
7130 136.0 12.044 7.052
7140 136.0 12.026 7.058
7150 136.0 12.023 7.058
7160 136.0 12.018 7.059
7170 136.0 12.009 7.059
7180 136.0 12.001 7.061
7190 136.0 12.001 7.059
7200 136.0 11.994 7.064
7210 136.0 11.995 7.066
7220 136.0 11.993 7.067
7140 137.0 0.256 4.387
7150 137.0 0.682 4.473
7160 137.0 1.109 4.559
7170 137.0 1.536 4.645
7180 137.0 1.889 4.849
7190 137.0 2.233 5.066
7200 137.0 2.690 5.223
7210 137.0 3.195 5.354
7220 137.0 3.188 5.359
7230 137.0 3.211 5.375
7240 137.0 3.228 5.374
7250 137.0 3.220 5.364
7260 137.0 3.225 5.350
7270 137.0 3.228 5.341
7280 137.0 3.233 5.336
7290 137.0 3.236 5.319
7300 137.0 3.239 5.309
7310 137.0 3.232 5.289
7320 137.0 3.222 5.276
7330 137.0 3.235 5.260
7160 138.0 0.331 5.646
7170 138.0 0.894 5.680
7180 138.0 1.458 5.714
7190 138.0 1.981 5.769
7200 138.0 2.477 5.837
7210 138.0 2.974 5.905
7220 138.0 3.499 5.957
7230 138.0 4.033 6.005
7240 138.0 4.034 6.006
7250 138.0 4.071 6.018
7260 138.0 4.071 6.015
7270 138.0 4.080 6.014
7280 138.0 4.081 6.014
7290 138.0 4.085 6.004
7300 138.0 4.089 5.993
7310 138.0 4.086 5.981
7320 138.0 4.074 5.972
7330 138.0 4.080 5.962
7340 138.0 4.089 5.956
7350 138.0 4.086 5.944
7170 139.0 14.026 12.163
7180 139.0 13.968 11.759
7190 139.0 13.910 11.356
7200 139.0 13.837 10.950
7210 139.0 13.729 10.538
7220 139.0 13.620 10.126
7230 139.0 13.512 9.713
7240 139.0 13.329 9.344
7250 139.0 13.325 9.336
7260 139.0 13.312 9.306
7270 139.0 13.310 9.282
7280 139.0 13.314 9.278
7290 139.0 13.326 9.273
7300 139.0 13.330 9.280
7310 139.0 13.350 9.283
7320 139.0 13.369 9.286
7330 139.0 13.383 9.297
7340 139.0 13.402 9.299
7350 139.0 13.421 9.292
7360 139.0 13.429 9.295
7200 140.0 14.058 12.153
7210 140.0 13.913 11.773
7220 140.0 13.768 11.392
7230 140.0 13.624 11.013
7240 140.0 13.478 10.646
7250 140.0 13.332 10.279
7260 140.0 13.186 9.912
7270 140.0 13.050 9.541
7280 140.0 13.041 9.535
7290 140.0 13.035 9.501
7300 140.0 13.033 9.491
7310 140.0 13.030 9.473
7320 140.0 13.027 9.465
7330 140.0 13.031 9.469
7340 140.0 13.036 9.479
7350 140.0 13.048 9.488
7360 140.0 13.054 9.498
7370 140.0 13.067 9.516
7380 140.0 13.080 9.521
7390 140.0 13.090 9.537
7350 141.0 0.311 4.902
7360 141.0 0.930 4.987
7370 141.0 1.549 5.071
7380 141.0 2.168 5.155
7390 141.0 2.765 5.239
7400 141.0 3.362 5.323
7410 141.0 3.960 5.407
7420 141.0 4.569 5.491
7430 141.0 4.568 5.489
7440 141.0 4.605 5.505
7450 141.0 4.631 5.515
7460 141.0 4.652 5.520
7470 141.0 4.653 5.514
7480 141.0 4.654 5.515
7490 141.0 4.642 5.501
7500 141.0 4.641 5.491
7510 141.0 4.643 5.478
7520 141.0 4.642 5.469
7530 141.0 4.630 5.454
7540 141.0 4.625 5.446
7360 142.0 -0.140 5.497
7370 142.0 0.526 5.597
7380 142.0 1.191 5.697
7390 142.0 1.856 5.797
7400 142.0 2.511 5.905
7410 142.0 3.156 6.020
7420 142.0 3.801 6.136
7430 142.0 4.452 6.208
7440 142.0 4.451 6.219
7450 142.0 4.510 6.251
7460 142.0 4.542 6.259
7470 142.0 4.562 6.260
7480 142.0 4.577 6.263
7490 142.0 4.581 6.257
7500 142.0 4.558 6.246
7510 142.0 4.555 6.242
7520 142.0 4.558 6.231
7530 142.0 4.556 6.228
7540 142.0 4.548 6.219
7550 142.0 4.536 6.204
7430 143.0 15.272 7.911
7440 143.0 14.807 7.714
7450 143.0 14.343 7.516
7460 143.0 13.878 7.319
7470 143.0 13.437 7.193
7480 143.0 13.002 7.087
7490 143.0 12.566 6.980
7500 143.0 12.055 6.962
7510 143.0 12.047 6.960
7520 143.0 12.035 6.962
7530 143.0 12.023 6.956
7540 143.0 12.022 6.964
7550 143.0 12.023 6.972
7560 143.0 12.021 6.977
7570 143.0 12.020 6.986
7580 143.0 12.026 6.994
7590 143.0 12.024 6.995
7600 143.0 12.025 7.004
7610 143.0 12.031 7.011
7620 143.0 12.041 7.016
7480 144.0 -0.054 4.562
7490 144.0 0.407 4.631
7500 144.0 0.869 4.700
7510 144.0 1.331 4.769
7520 144.0 1.784 4.846
7530 144.0 2.231 4.928
7540 144.0 2.678 5.010
7550 144.0 3.120 5.135
7560 144.0 3.123 5.141
7570 144.0 3.151 5.148
7580 144.0 3.168 5.145
7590 144.0 3.173 5.138
7600 144.0 3.176 5.134
7610 144.0 3.178 5.126
7620 144.0 3.180 5.118
7630 144.0 3.181 5.107
7640 144.0 3.189 5.095
7650 144.0 3.185 5.089
7660 144.0 3.178 5.081
7670 144.0 3.175 5.077
7490 145.0 0.211 5.567
7500 145.0 0.641 5.624
7510 145.0 1.070 5.681
7520 145.0 1.519 5.776
7530 145.0 1.980 5.895
7540 145.0 2.441 6.014
7550 145.0 2.913 6.072
7560 145.0 3.384 6.129
7570 145.0 3.398 6.131
7580 145.0 3.423 6.137
7590 145.0 3.430 6.140
7600 145.0 3.446 6.139
7610 145.0 3.443 6.127
7620 145.0 3.448 6.115
7630 145.0 3.441 6.107
7640 145.0 3.440 6.093
7650 145.0 3.438 6.082
7660 145.0 3.447 6.075
7670 145.0 3.452 6.068
7680 145.0 3.456 6.066
7490 146.0 14.886 7.936
7500 146.0 14.520 7.865
7510 146.0 14.153 7.794
7520 146.0 13.818 7.695
7530 146.0 13.491 7.589
7540 146.0 13.160 7.487
7550 146.0 12.796 7.422
7560 146.0 12.433 7.357
7570 146.0 12.429 7.357
7580 146.0 12.416 7.355
7590 146.0 12.411 7.359
7600 146.0 12.397 7.350
7610 146.0 12.389 7.354
7620 146.0 12.393 7.354
7630 146.0 12.389 7.357
7640 146.0 12.388 7.352
7650 146.0 12.389 7.354
7660 146.0 12.383 7.358
7670 146.0 12.386 7.358
7680 146.0 12.382 7.349
7510 147.0 0.238 4.188
7520 147.0 0.821 4.224
7530 147.0 1.404 4.261
7540 147.0 1.968 4.338
7550 147.0 2.524 4.431
7560 147.0 3.080 4.525
7570 147.0 3.551 4.694
7580 147.0 4.013 4.871
7590 147.0 4.035 4.869
7600 147.0 4.059 4.892
7610 147.0 4.074 4.895
7620 147.0 4.082 4.895
7630 147.0 4.084 4.879
7640 147.0 4.080 4.873
7650 147.0 4.063 4.859
7660 147.0 4.064 4.855
7670 147.0 4.059 4.842
7680 147.0 4.045 4.849
7690 147.0 4.045 4.840
7700 147.0 4.037 4.827
7520 148.0 15.031 7.783
7530 148.0 14.653 7.568
7540 148.0 14.268 7.360
7550 148.0 13.832 7.215
7560 148.0 13.396 7.070
7570 148.0 12.950 6.945
7580 148.0 12.478 6.866
7590 148.0 12.055 6.788
7600 148.0 12.050 6.789
7610 148.0 12.050 6.796
7620 148.0 12.044 6.800
7630 148.0 12.026 6.800
7640 148.0 12.012 6.802
7650 148.0 12.015 6.808
7660 148.0 12.016 6.821
7670 148.0 12.019 6.827
7680 148.0 12.016 6.836
7690 148.0 12.015 6.838
7700 148.0 12.006 6.840
7710 148.0 12.004 6.841
7630 150.0 0.042 5.441
7640 150.0 0.508 5.535
7650 150.0 0.974 5.629
7660 150.0 1.431 5.718
7670 150.0 1.852 5.788
7680 150.0 2.273 5.858
7690 150.0 2.694 5.929
7700 150.0 3.115 5.995
7710 150.0 3.113 5.989
7720 150.0 3.141 5.996
7730 150.0 3.153 6.001
7740 150.0 3.154 5.996
7750 150.0 3.152 5.982
7760 150.0 3.154 5.976
7770 150.0 3.160 5.968
7780 150.0 3.167 5.950
7790 150.0 3.174 5.930
7800 150.0 3.183 5.923
7810 150.0 3.192 5.921
7820 150.0 3.193 5.905
7630 151.0 0.324 4.809
7640 151.0 0.767 4.957
7650 151.0 1.210 5.105
7660 151.0 1.656 5.219
7670 151.0 2.105 5.298
7680 151.0 2.554 5.378
7690 151.0 2.978 5.462
7700 151.0 3.378 5.552
7710 151.0 3.378 5.541
7720 151.0 3.403 5.552
7730 151.0 3.412 5.550
7740 151.0 3.404 5.536
7750 151.0 3.410 5.532
7760 151.0 3.414 5.523
7770 151.0 3.403 5.513
7780 151.0 3.406 5.503
7790 151.0 3.398 5.489
7800 151.0 3.391 5.480
7810 151.0 3.386 5.465
7820 151.0 3.385 5.451
7680 152.0 15.163 4.127
7690 152.0 14.650 4.149
7700 152.0 14.137 4.171
7710 152.0 13.624 4.194
7720 152.0 13.153 4.251
7730 152.0 12.700 4.323
7740 152.0 12.247 4.396
7750 152.0 11.805 4.450
7760 152.0 11.801 4.464
7770 152.0 11.798 4.477
7780 152.0 11.796 4.488
7790 152.0 11.807 4.500
7800 152.0 11.820 4.511
7810 152.0 11.843 4.521
7820 152.0 11.854 4.528
7830 152.0 11.874 4.539
7840 152.0 11.891 4.540
7850 152.0 11.906 4.547
7860 152.0 11.929 4.554
7870 152.0 11.957 4.559
7690 153.0 14.988 4.876
7700 153.0 14.475 4.913
7710 153.0 13.962 4.951
7720 153.0 13.449 4.988
7730 153.0 12.947 4.997
7740 153.0 12.445 5.006
7750 153.0 11.984 5.027
7760 153.0 11.583 5.066
7770 153.0 11.581 5.072
7780 153.0 11.567 5.069
7790 153.0 11.573 5.073
7800 153.0 11.567 5.080
7810 153.0 11.592 5.090
7820 153.0 11.609 5.099
7830 153.0 11.632 5.113
7840 153.0 11.635 5.115
7850 153.0 11.647 5.118
7860 153.0 11.669 5.122
7870 153.0 11.683 5.130
7880 153.0 11.705 5.135
7720 154.0 -0.100 4.878
7730 154.0 0.624 4.974
7740 154.0 1.348 5.069
7750 154.0 2.067 5.172
7760 154.0 2.742 5.336
7770 154.0 3.417 5.501
7780 154.0 4.094 5.661
7790 154.0 4.782 5.804
7800 154.0 4.768 5.818
7810 154.0 4.839 5.850
7820 154.0 4.864 5.859
7830 154.0 4.883 5.870
7840 154.0 4.882 5.873
7850 154.0 4.879 5.870
7860 154.0 4.896 5.865
7870 154.0 4.904 5.857
7880 154.0 4.904 5.854
7890 154.0 4.909 5.852
7900 154.0 4.917 5.848
7910 154.0 4.928 5.857
7720 155.0 15.299 4.655
7730 155.0 14.777 4.593
7740 155.0 14.255 4.531
7750 155.0 13.732 4.469
7760 155.0 13.191 4.367
7770 155.0 12.647 4.262
7780 155.0 12.103 4.155
7790 155.0 11.555 4.059
7800 155.0 11.561 4.063
7810 155.0 11.526 4.061
7820 155.0 11.509 4.055
7830 155.0 11.496 4.059
7840 155.0 11.490 4.056
7850 155.0 11.488 4.061
7860 155.0 11.480 4.059
7870 155.0 11.488 4.056
7880 155.0 11.499 4.057
7890 155.0 11.508 4.061
7900 155.0 11.502 4.062
7910 155.0 11.510 4.067
7780 156.0 0.105 5.704
7790 156.0 0.539 5.786
7800 156.0 0.973 5.868
7810 156.0 1.407 5.950
7820 156.0 1.858 6.016
7830 156.0 2.313 6.077
7840 156.0 2.768 6.139
7850 156.0 3.231 6.246
7860 156.0 3.234 6.246
7870 156.0 3.248 6.247
7880 156.0 3.262 6.242
7890 156.0 3.259 6.241
7900 156.0 3.253 6.226
7910 156.0 3.263 6.223
7920 156.0 3.264 6.214
7930 156.0 3.266 6.208
7940 156.0 3.260 6.203
7950 156.0 3.268 6.204
7960 156.0 3.257 6.198
7970 156.0 3.247 6.181
7780 157.0 -0.080 4.626
7790 157.0 0.397 4.718
7800 157.0 0.875 4.810
7810 157.0 1.349 4.904
7820 157.0 1.794 5.019
7830 157.0 2.238 5.134
7840 157.0 2.670 5.224
7850 157.0 3.083 5.277
7860 157.0 3.079 5.269
7870 157.0 3.107 5.287
7880 157.0 3.116 5.286
7890 157.0 3.124 5.283
7900 157.0 3.121 5.270
7910 157.0 3.126 5.266
7920 157.0 3.135 5.260
7930 157.0 3.136 5.245
7940 157.0 3.140 5.235
7950 157.0 3.142 5.225
7960 157.0 3.135 5.220
7970 157.0 3.135 5.215
7780 158.0 0.201 4.824
7790 158.0 0.683 4.961
7800 158.0 1.164 5.097
7810 158.0 1.623 5.194
7820 158.0 2.051 5.233
7830 158.0 2.479 5.271
7840 158.0 2.910 5.332
7850 158.0 3.348 5.445
7860 158.0 3.356 5.436
7870 158.0 3.367 5.441
7880 158.0 3.367 5.436
7890 158.0 3.361 5.421
7900 158.0 3.366 5.412
7910 158.0 3.376 5.407
7920 158.0 3.384 5.405
7930 158.0 3.390 5.398
7940 158.0 3.384 5.384
7950 158.0 3.386 5.376
7960 158.0 3.388 5.373
7970 158.0 3.393 5.371
7900 159.0 14.981 4.982
7910 159.0 14.437 4.954
7920 159.0 13.892 4.926
7930 159.0 13.347 4.898
7940 159.0 12.830 4.977
7950 159.0 12.321 5.083
7960 159.0 11.811 5.189
7970 159.0 11.301 5.296
7980 159.0 11.309 5.305
7990 159.0 11.302 5.314
8000 159.0 11.310 5.321
8010 159.0 11.319 5.325
8020 159.0 11.329 5.328
8030 159.0 11.340 5.329
8040 159.0 11.366 5.342
8050 159.0 11.392 5.345
8060 159.0 11.415 5.350
8070 159.0 11.448 5.358
8080 159.0 11.464 5.367
8090 159.0 11.496 5.370
7990 160.0 14.899 4.866
8000 160.0 14.262 4.936
8010 160.0 13.624 5.006
8020 160.0 12.986 5.077
8030 160.0 12.389 5.148
8040 160.0 11.797 5.220
8050 160.0 11.205 5.293
8060 160.0 10.613 5.365
8070 160.0 10.607 5.383
8080 160.0 10.560 5.394
8090 160.0 10.543 5.406
8100 160.0 10.538 5.413
8110 160.0 10.539 5.426
8120 160.0 10.540 5.438
8130 160.0 10.545 5.452
8140 160.0 10.553 5.460
8150 160.0 10.580 5.464
8160 160.0 10.598 5.472
8170 160.0 10.621 5.477
8180 160.0 10.655 5.479
8150 161.0 9.706 12.299
8160 161.0 9.718 11.850
8170 161.0 9.731 11.401
8180 161.0 9.743 10.952
8190 161.0 9.756 10.502
8200 161.0 9.760 10.041
8210 161.0 9.731 9.531
8220 161.0 9.702 9.021
8230 161.0 9.699 9.015
8240 161.0 9.702 8.964
8250 161.0 9.700 8.927
8260 161.0 9.693 8.900
8270 161.0 9.688 8.884
8280 161.0 9.696 8.882
8290 161.0 9.703 8.855
8300 161.0 9.718 8.838
8310 161.0 9.736 8.823
8320 161.0 9.746 8.799
8330 161.0 9.752 8.780
8340 161.0 9.755 8.755
8180 162.0 0.146 4.256
8190 162.0 0.765 4.341
8200 162.0 1.384 4.425
8210 162.0 2.003 4.509
8220 162.0 2.589 4.655
8230 162.0 3.162 4.826
8240 162.0 3.734 4.998
8250 162.0 4.323 5.171
8260 162.0 4.316 5.164
8270 162.0 4.352 5.191
8280 162.0 4.370 5.196
8290 162.0 4.370 5.197
8300 162.0 4.372 5.193
8310 162.0 4.357 5.186
8320 162.0 4.355 5.188
8330 162.0 4.342 5.176
8340 162.0 4.350 5.165
8350 162.0 4.343 5.156
8360 162.0 4.329 5.146
8370 162.0 4.312 5.133
8190 163.0 0.370 4.794
8200 163.0 0.984 4.883
8210 163.0 1.597 4.981
8220 163.0 2.198 5.152
8230 163.0 2.799 5.322
8240 163.0 3.389 5.495
8250 163.0 3.953 5.672
8260 163.0 4.516 5.849
8270 163.0 4.523 5.849
8280 163.0 4.572 5.879
8290 163.0 4.594 5.873
8300 163.0 4.610 5.881
8310 163.0 4.614 5.868
8320 163.0 4.587 5.854
8330 163.0 4.579 5.848
8340 163.0 4.566 5.829
8350 163.0 4.567 5.825
8360 163.0 4.566 5.811
8370 163.0 4.556 5.794
8380 163.0 4.538 5.780
8250 164.0 14.841 5.937
8260 164.0 14.324 5.982
8270 164.0 13.806 6.027
8280 164.0 13.288 6.072
8290 164.0 12.799 6.247
8300 164.0 12.322 6.478
8310 164.0 11.845 6.709
8320 164.0 11.384 6.892
8330 164.0 11.375 6.876
8340 164.0 11.361 6.876
8350 164.0 11.364 6.873
8360 164.0 11.365 6.873
8370 164.0 11.392 6.868
8380 164.0 11.409 6.858
8390 164.0 11.431 6.857
8400 164.0 11.448 6.842
8410 164.0 11.471 6.837
8420 164.0 11.502 6.823
8430 164.0 11.520 6.817
8440 164.0 11.552 6.804
8270 165.0 14.939 2.586
8280 165.0 14.495 3.225
8290 165.0 14.051 3.865
8300 165.0 13.543 4.391
8310 165.0 12.938 4.749
8320 165.0 12.333 5.107
8330 165.0 11.789 5.436
8340 165.0 11.245 5.766
8350 165.0 11.289 5.738
8360 165.0 11.248 5.813
8370 165.0 11.208 5.838
8380 165.0 11.132 5.907
8390 165.0 11.063 5.984
8400 165.0 10.952 6.043
8410 165.0 10.824 6.145
8420 165.0 10.739 6.166
8430 165.0 10.584 6.255
8440 165.0 10.401 6.411
8450 165.0 10.255 6.445
8460 165.0 10.253 6.375
8300 166.0 13.021 13.480
8310 166.0 13.094 13.100
8320 166.0 13.166 12.719
8330 166.0 13.238 12.339
8340 166.0 13.270 11.955
8350 166.0 13.302 11.572
8360 166.0 13.334 11.189
8370 166.0 13.335 10.807
8380 166.0 13.336 10.801
8390 166.0 13.334 10.778
8400 166.0 13.341 10.764
8410 166.0 13.351 10.769
8420 166.0 13.367 10.772
8430 166.0 13.365 10.766
8440 166.0 13.371 10.771
8450 166.0 13.378 10.780
8460 166.0 13.387 10.781
8470 166.0 13.387 10.785
8480 166.0 13.390 10.796
8490 166.0 13.386 10.794
8310 167.0 14.185 12.315
8320 167.0 14.156 11.870
8330 167.0 14.127 11.426
8340 167.0 14.095 10.980
8350 167.0 14.039 10.518
8360 167.0 13.983 10.057
8370 167.0 13.925 9.594
8380 167.0 13.852 9.117
8390 167.0 13.856 9.110
8400 167.0 13.865 9.075
8410 167.0 13.877 9.048
8420 167.0 13.908 9.035
8430 167.0 13.917 9.019
8440 167.0 13.929 9.017
8450 167.0 13.947 9.010
8460 167.0 13.963 9.030
8470 167.0 13.974 9.023
8480 167.0 13.986 9.026
8490 167.0 13.996 9.020
8500 167.0 13.996 9.022
8310 168.0 15.053 7.960
8320 168.0 14.677 7.844
8330 168.0 14.302 7.727
8340 168.0 13.926 7.611
8350 168.0 13.536 7.505
8360 168.0 13.121 7.412
8370 168.0 12.707 7.320
8380 168.0 12.297 7.236
8390 168.0 12.290 7.224
8400 168.0 12.270 7.227
8410 168.0 12.255 7.221
8420 168.0 12.237 7.213
8430 168.0 12.229 7.210
8440 168.0 12.222 7.209
8450 168.0 12.208 7.203
8460 168.0 12.209 7.209
8470 168.0 12.196 7.203
8480 168.0 12.196 7.206
8490 168.0 12.188 7.201
8500 168.0 12.188 7.203
8300 169.0 15.113 3.800
8310 169.0 14.579 4.131
8320 169.0 14.045 4.461
8330 169.0 13.510 4.791
8340 169.0 12.977 5.117
8350 169.0 12.444 5.443
8360 169.0 11.917 5.756
8370 169.0 11.417 6.014
8380 169.0 11.431 6.010
8390 169.0 11.405 6.037
8400 169.0 11.371 6.065
8410 169.0 11.337 6.093
8420 169.0 11.330 6.113
8430 169.0 11.331 6.122
8440 169.0 11.332 6.138
8450 169.0 11.311 6.156
8460 169.0 11.302 6.173
8470 169.0 11.292 6.178
8480 169.0 11.292 6.187
8490 169.0 11.276 6.198
8310 170.0 -0.081 5.438
8320 170.0 0.400 5.609
8330 170.0 0.881 5.779
8340 170.0 1.362 5.950
8350 170.0 1.842 6.106
8360 170.0 2.317 6.206
8370 170.0 2.792 6.306
8380 170.0 3.270 6.395
8390 170.0 3.273 6.396
8400 170.0 3.293 6.396
8410 170.0 3.297 6.394
8420 170.0 3.300 6.380
8430 170.0 3.295 6.362
8440 170.0 3.297 6.350
8450 170.0 3.296 6.335
8460 170.0 3.290 6.330
8470 170.0 3.280 6.316
8480 170.0 3.282 6.305
8490 170.0 3.266 6.288
8500 170.0 3.260 6.285
8340 171.0 15.074 7.565
8350 171.0 14.603 7.335
8360 171.0 14.131 7.106
8370 171.0 13.640 6.893
8380 171.0 13.117 6.704
8390 171.0 12.594 6.515
8400 171.0 12.067 6.380
8410 171.0 11.533 6.301
8420 171.0 11.524 6.302
8430 171.0 11.509 6.301
8440 171.0 11.483 6.299
8450 171.0 11.470 6.309
8460 171.0 11.473 6.316
8470 171.0 11.478 6.331
8480 171.0 11.472 6.346
8490 171.0 11.475 6.358
8500 171.0 11.485 6.374
8510 171.0 11.493 6.383
8520 171.0 11.500 6.395
8530 171.0 11.517 6.404
8470 172.0 0.028 7.324
8480 172.0 0.415 7.218
8490 172.0 0.803 7.111
8500 172.0 1.191 7.004
8510 172.0 1.578 6.897
8520 172.0 1.999 6.848
8530 172.0 2.420 6.800
8540 172.0 2.841 6.751
8550 172.0 2.843 6.759
8560 172.0 2.848 6.783
8570 172.0 2.847 6.789
8580 172.0 2.838 6.783
8590 172.0 2.831 6.783
8600 172.0 2.815 6.778
8610 172.0 2.820 6.775
8620 172.0 2.808 6.770
8630 172.0 2.804 6.777
8640 172.0 2.797 6.770
8650 172.0 2.784 6.776
8660 172.0 2.770 6.768
8480 173.0 0.268 6.451
8490 173.0 0.634 6.274
8500 173.0 1.001 6.097
8510 173.0 1.391 5.944
8520 173.0 1.818 5.828
8530 173.0 2.245 5.712
8540 173.0 2.672 5.596
8550 173.0 3.142 5.623
8560 173.0 3.147 5.619
8570 173.0 3.165 5.638
8580 173.0 3.171 5.652
8590 173.0 3.174 5.652
8600 173.0 3.166 5.658
8610 173.0 3.162 5.651
8620 173.0 3.151 5.653
8630 173.0 3.139 5.658
8640 173.0 3.131 5.652
8650 173.0 3.129 5.661
8660 173.0 3.110 5.665
8670 173.0 3.110 5.663
8710 174.0 0.093 7.327
8720 174.0 0.245 7.208
8730 174.0 0.396 7.088
8740 174.0 0.547 6.969
8750 174.0 0.560 6.969
8760 174.0 0.573 6.969
8770 174.0 0.586 6.969
8780 174.0 0.599 6.969
8790 174.0 0.592 6.961
8800 174.0 0.585 6.951
8810 174.0 0.582 6.938
8820 174.0 0.579 6.927
8830 174.0 0.571 6.909
8840 174.0 0.568 6.900
8850 174.0 0.569 6.891
8860 174.0 0.565 6.875
8870 174.0 0.551 6.862
8880 174.0 0.544 6.849
8890 174.0 0.534 6.840
8900 174.0 0.526 6.836
8800 175.0 0.015 4.925
8810 175.0 0.493 4.841
8820 175.0 0.971 4.757
8830 175.0 1.449 4.673
8840 175.0 1.935 4.622
8850 175.0 2.455 4.699
8860 175.0 2.975 4.776
8870 175.0 3.495 4.853
8880 175.0 3.499 4.853
8890 175.0 3.515 4.877
8900 175.0 3.523 4.884
8910 175.0 3.522 4.881
8920 175.0 3.520 4.888
8930 175.0 3.521 4.884
8940 175.0 3.521 4.890
8950 175.0 3.516 4.876
8960 175.0 3.517 4.871
8970 175.0 3.507 4.866
8980 175.0 3.492 4.860
8990 175.0 3.479 4.853
8810 176.0 0.284 5.448
8820 176.0 0.861 5.359
8830 176.0 1.437 5.271
8840 176.0 1.989 5.256
8850 176.0 2.515 5.316
8860 176.0 3.041 5.376
8870 176.0 3.578 5.467
8880 176.0 4.139 5.633
8890 176.0 4.140 5.631
8900 176.0 4.173 5.654
8910 176.0 4.173 5.657
8920 176.0 4.176 5.661
8930 176.0 4.172 5.653
8940 176.0 4.176 5.653
8950 176.0 4.173 5.645
8960 176.0 4.171 5.643
8970 176.0 4.162 5.634
8980 176.0 4.163 5.621
8990 176.0 4.154 5.616
9000 176.0 4.139 5.607
8880 177.0 14.763 4.139
8890 177.0 14.191 4.207
8900 177.0 13.620 4.275
8910 177.0 13.049 4.344
8920 177.0 12.506 4.422
8930 177.0 12.029 4.526
8940 177.0 11.552 4.629
8950 177.0 11.090 4.722
8960 177.0 11.099 4.741
8970 177.0 11.088 4.750
8980 177.0 11.095 4.757
8990 177.0 11.116 4.767
9000 177.0 11.131 4.776
9010 177.0 11.143 4.790
9020 177.0 11.157 4.794
9030 177.0 11.180 4.793
9040 177.0 11.200 4.794
9050 177.0 11.233 4.800
9060 177.0 11.263 4.799
9070 177.0 11.279 4.805
8900 178.0 14.694 4.472
8910 178.0 14.029 4.634
8920 178.0 13.364 4.796
8930 178.0 12.731 4.925
8940 178.0 12.145 5.007
8950 178.0 11.560 5.089
8960 178.0 11.012 5.157
8970 178.0 10.617 5.167
8980 178.0 10.614 5.172
8990 178.0 10.606 5.179
9000 178.0 10.605 5.192
9010 178.0 10.622 5.202
9020 178.0 10.628 5.216
9030 178.0 10.641 5.223
9040 178.0 10.659 5.228
9050 178.0 10.689 5.227
9060 178.0 10.722 5.235
9070 178.0 10.747 5.241
9080 178.0 10.760 5.238
9090 178.0 10.782 5.241
9110 179.0 0.138 10.109
9120 179.0 0.291 9.921
9130 179.0 0.444 9.733
9140 179.0 0.597 9.545
9150 179.0 0.716 9.355
9160 179.0 0.800 9.165
9170 179.0 0.884 8.974
9180 179.0 1.070 8.834
9190 179.0 1.072 8.836
9200 179.0 1.077 8.835
9210 179.0 1.080 8.833
9220 179.0 1.079 8.833
9230 179.0 1.071 8.834
9240 179.0 1.067 8.832
9250 179.0 1.056 8.830
9260 179.0 1.045 8.822
9270 179.0 1.043 8.821
9280 179.0 1.044 8.822
9290 179.0 1.040 8.825
9300 179.0 1.032 8.819
9180 180.0 0.302 4.111
9190 180.0 0.780 4.124
9200 180.0 1.258 4.137
9210 180.0 1.735 4.150
9220 180.0 2.207 4.228
9230 180.0 2.677 4.323
9240 180.0 3.147 4.417
9250 180.0 3.617 4.511
9260 180.0 3.616 4.510
9270 180.0 3.638 4.529
9280 180.0 3.649 4.532
9290 180.0 3.665 4.532
9300 180.0 3.669 4.522
9310 180.0 3.664 4.509
9320 180.0 3.666 4.505
9330 180.0 3.669 4.495
9340 180.0 3.672 4.481
9350 180.0 3.671 4.482
9360 180.0 3.683 4.475
9370 180.0 3.675 4.461
9210 181.0 0.147 4.081
9220 181.0 0.579 4.094
9230 181.0 1.011 4.106
9240 181.0 1.443 4.119
9250 181.0 1.881 4.137
9260 181.0 2.344 4.179
9270 181.0 2.805 4.220
9280 181.0 3.268 4.262
9290 181.0 3.274 4.255
9300 181.0 3.289 4.255
9310 181.0 3.288 4.258
9320 181.0 3.287 4.249
9330 181.0 3.283 4.241
9340 181.0 3.285 4.243
9350 181.0 3.275 4.236
9360 181.0 3.267 4.237
9370 181.0 3.259 4.226
9380 181.0 3.264 4.227
9390 181.0 3.258 4.212
9400 181.0 3.249 4.197
9220 182.0 0.147 4.200
9230 182.0 0.583 4.217
9240 182.0 1.018 4.233
9250 182.0 1.453 4.245
9260 182.0 1.888 4.215
9270 182.0 2.322 4.185
9280 182.0 2.756 4.156
9290 182.0 3.193 4.246
9300 182.0 3.187 4.246
9310 182.0 3.195 4.256
9320 182.0 3.198 4.257
9330 182.0 3.207 4.270
9340 182.0 3.209 4.264
9350 182.0 3.208 4.254
9360 182.0 3.201 4.244
9370 182.0 3.191 4.235
9380 182.0 3.189 4.236
9390 182.0 3.178 4.235
9400 182.0 3.167 4.234
9410 182.0 3.159 4.232
9300 183.0 15.105 6.548
9310 183.0 14.718 6.625
9320 183.0 14.331 6.702
9330 183.0 13.944 6.779
9340 183.0 13.527 6.744
9350 183.0 13.098 6.661
9360 183.0 12.667 6.582
9370 183.0 12.219 6.528
9380 183.0 12.219 6.528
9390 183.0 12.210 6.525
9400 183.0 12.212 6.535
9410 183.0 12.218 6.534
9420 183.0 12.224 6.530
9430 183.0 12.228 6.530
9440 183.0 12.241 6.529
9450 183.0 12.258 6.529
9460 183.0 12.274 6.533
9470 183.0 12.291 6.532
9480 183.0 12.292 6.537
9490 183.0 12.299 6.540
9300 184.0 15.224 7.193
9310 184.0 14.785 7.229
9320 184.0 14.345 7.264
9330 184.0 13.906 7.299
9340 184.0 13.465 7.322
9350 184.0 13.023 7.297
9360 184.0 12.580 7.272
9370 184.0 12.138 7.231
9380 184.0 12.141 7.232
9390 184.0 12.136 7.238
9400 184.0 12.136 7.244
9410 184.0 12.150 7.251
9420 184.0 12.167 7.253
9430 184.0 12.177 7.257
9440 184.0 12.199 7.257
9450 184.0 12.205 7.258
9460 184.0 12.220 7.256
9470 184.0 12.235 7.253
9480 184.0 12.249 7.255
9490 184.0 12.254 7.252
9490 185.0 14.917 6.788
9500 185.0 14.341 6.903
9510 185.0 13.764 7.017
9520 185.0 13.238 7.099
9530 185.0 12.712 7.182
9540 185.0 12.189 7.228
9550 185.0 11.671 7.219
9560 185.0 11.153 7.209
9570 185.0 11.149 7.208
9580 185.0 11.120 7.220
9590 185.0 11.116 7.231
9600 185.0 11.127 7.239
9610 185.0 11.137 7.246
9620 185.0 11.155 7.261
9630 185.0 11.181 7.268
9640 185.0 11.206 7.286
9650 185.0 11.219 7.291
9660 185.0 11.233 7.295
9670 185.0 11.248 7.305
9680 185.0 11.287 7.317
9540 186.0 15.217 9.089
9550 186.0 14.953 8.979
9560 186.0 14.688 8.869
9570 186.0 14.424 8.759
9580 186.0 14.159 8.649
9590 186.0 13.853 8.521
9600 186.0 13.530 8.387
9610 186.0 13.206 8.252
9620 186.0 13.215 8.247
9630 186.0 13.223 8.250
9640 186.0 13.239 8.254
9650 186.0 13.245 8.252
9660 186.0 13.257 8.256
9670 186.0 13.272 8.257
9680 186.0 13.277 8.255
9690 186.0 13.275 8.254
9700 186.0 13.282 8.256
9710 186.0 13.293 8.258
9720 186.0 13.301 8.259
9730 186.0 13.316 8.262
9620 187.0 14.961 4.948
9630 187.0 14.526 4.985
9640 187.0 14.091 5.022
9650 187.0 13.656 5.059
9660 187.0 13.221 5.096
9670 187.0 12.873 5.006
9680 187.0 12.562 4.860
9690 187.0 12.200 4.725
9700 187.0 12.207 4.724
9710 187.0 12.208 4.722
9720 187.0 12.216 4.717
9730 187.0 12.218 4.718
9740 187.0 12.219 4.716
9750 187.0 12.213 4.719
9760 187.0 12.217 4.715
9770 187.0 12.223 4.719
9780 187.0 12.219 4.717
9790 187.0 12.222 4.722
9800 187.0 12.227 4.722
9810 187.0 12.232 4.728
9630 188.0 15.027 4.916
9640 188.0 14.599 4.972
9650 188.0 14.171 5.028
9660 188.0 13.743 5.083
9670 188.0 13.414 5.063
9680 188.0 13.085 5.042
9690 188.0 12.807 4.976
9700 188.0 12.491 4.898
9710 188.0 12.489 4.901
9720 188.0 12.491 4.899
9730 188.0 12.493 4.899
9740 188.0 12.499 4.897
9750 188.0 12.501 4.901
9760 188.0 12.514 4.908
9770 188.0 12.523 4.914
9780 188.0 12.526 4.920
9790 188.0 12.528 4.925
9800 188.0 12.536 4.927
9810 188.0 12.540 4.923
9820 188.0 12.550 4.934
9840 189.0 -0.008 5.892
9850 189.0 0.491 5.919
9860 189.0 0.990 5.947
9870 189.0 1.489 5.974
9880 189.0 1.980 5.983
9890 189.0 2.457 5.966
9900 189.0 2.935 5.948
9910 189.0 3.412 5.931
9920 189.0 3.414 5.933
9930 189.0 3.422 5.942
9940 189.0 3.419 5.948
9950 189.0 3.430 5.951
9960 189.0 3.427 5.939
9970 189.0 3.427 5.942
9980 189.0 3.427 5.932
9990 189.0 3.418 5.930
10000 189.0 3.404 5.929
10010 189.0 3.402 5.924
10020 189.0 3.384 5.914
10030 189.0 3.383 5.909
9850 190.0 0.327 6.534
9860 190.0 0.775 6.522
9870 190.0 1.224 6.509
9880 190.0 1.673 6.497
9890 190.0 2.175 6.492
9900 190.0 2.712 6.492
9910 190.0 3.249 6.492
9920 190.0 3.786 6.492
9930 190.0 3.781 6.501
9940 190.0 3.801 6.509
9950 190.0 3.803 6.519
9960 190.0 3.806 6.518
9970 190.0 3.794 6.517
9980 190.0 3.797 6.515
9990 190.0 3.794 6.516
10000 190.0 3.789 6.514
10010 190.0 3.785 6.511
10020 190.0 3.775 6.503
10030 190.0 3.758 6.504
10040 190.0 3.755 6.508
9900 191.0 15.145 5.104
9910 191.0 14.602 5.135
9920 191.0 14.059 5.167
9930 191.0 13.516 5.198
9940 191.0 12.970 5.233
9950 191.0 12.391 5.300
9960 191.0 11.812 5.366
9970 191.0 11.234 5.432
9980 191.0 11.237 5.432
9990 191.0 11.214 5.440
10000 191.0 11.210 5.446
10010 191.0 11.217 5.452
10020 191.0 11.224 5.463
10030 191.0 11.240 5.469
10040 191.0 11.255 5.471
10050 191.0 11.285 5.479
10060 191.0 11.308 5.486
10070 191.0 11.327 5.494
10080 191.0 11.355 5.494
10090 191.0 11.366 5.499
9900 192.0 15.124 5.632
9910 192.0 14.574 5.632
9920 192.0 14.024 5.632
9930 192.0 13.473 5.632
9940 192.0 12.923 5.632
9950 192.0 12.377 5.736
9960 192.0 11.833 5.840
9970 192.0 11.287 5.945
9980 192.0 11.280 5.942
9990 192.0 11.260 5.957
10000 192.0 11.264 5.962
10010 192.0 11.267 5.974
10020 192.0 11.275 5.983
10030 192.0 11.280 5.988
10040 192.0 11.295 5.993
10050 192.0 11.317 5.996
10060 192.0 11.337 6.014
10070 192.0 11.360 6.017
10080 192.0 11.367 6.017
10090 192.0 11.390 6.027
9910 193.0 -0.080 8.959
9920 193.0 0.330 8.518
9930 193.0 0.741 8.076
9940 193.0 1.243 7.798
9950 193.0 1.807 7.629
9960 193.0 2.370 7.459
9970 193.0 2.939 7.232
9980 193.0 3.514 6.948
9990 193.0 3.509 6.960
10000 193.0 3.536 6.953
10010 193.0 3.543 6.959
10020 193.0 3.553 6.960
10030 193.0 3.546 6.949
10040 193.0 3.535 6.944
10050 193.0 3.513 6.934
10060 193.0 3.499 6.925
10070 193.0 3.475 6.922
10080 193.0 3.445 6.909
10090 193.0 3.414 6.896
10100 193.0 3.391 6.865
9930 194.0 15.143 4.596
9940 194.0 14.565 4.528
9950 194.0 13.988 4.460
9960 194.0 13.411 4.391
9970 194.0 12.824 4.319
9980 194.0 12.214 4.237
9990 194.0 11.605 4.154
10000 194.0 10.989 4.102
10010 194.0 10.980 4.109
10020 194.0 10.938 4.108
10030 194.0 10.910 4.108
10040 194.0 10.890 4.104
10050 194.0 10.890 4.103
10060 194.0 10.881 4.104
10070 194.0 10.895 4.112
10080 194.0 10.901 4.114
10090 194.0 10.897 4.111
10100 194.0 10.901 4.107
10110 194.0 10.920 4.107
10120 194.0 10.926 4.102
9950 195.0 14.831 5.449
9960 195.0 14.234 5.410
9970 195.0 13.638 5.370
9980 195.0 13.030 5.307
9990 195.0 12.405 5.209
10000 195.0 11.780 5.110
10010 195.0 11.155 5.012
10020 195.0 10.582 4.773
10030 195.0 10.594 4.774
10040 195.0 10.530 4.760
10050 195.0 10.495 4.763
10060 195.0 10.468 4.761
10070 195.0 10.451 4.756
10080 195.0 10.434 4.759
10090 195.0 10.436 4.761
10100 195.0 10.420 4.758
10110 195.0 10.427 4.757
10120 195.0 10.430 4.766
10130 195.0 10.434 4.769
10140 195.0 10.439 4.776
10050 196.0 15.061 5.219
10060 196.0 14.556 5.387
10070 196.0 14.051 5.554
10080 196.0 13.542 5.716
10090 196.0 12.996 5.840
10100 196.0 12.450 5.964
10110 196.0 11.918 6.038
10120 196.0 11.406 6.038
10130 196.0 11.404 6.037
10140 196.0 11.378 6.044
10150 196.0 11.378 6.045
10160 196.0 11.383 6.045
10170 196.0 11.395 6.050
10180 196.0 11.409 6.044
10190 196.0 11.432 6.041
10200 196.0 11.461 6.037
10210 196.0 11.484 6.034
10220 196.0 11.504 6.032
10230 196.0 11.526 6.028
10240 196.0 11.545 6.027
10130 197.0 0.176 8.297
10140 197.0 0.512 8.155
10150 197.0 0.847 8.013
10160 197.0 1.186 7.911
10170 197.0 1.539 7.967
10180 197.0 1.892 8.023
10190 197.0 2.245 8.079
10200 197.0 2.586 8.102
10210 197.0 2.579 8.099
10220 197.0 2.583 8.112
10230 197.0 2.570 8.104
10240 197.0 2.554 8.103
10250 197.0 2.534 8.099
10260 197.0 2.517 8.094
10270 197.0 2.514 8.097
10280 197.0 2.512 8.096
10290 197.0 2.511 8.099
10300 197.0 2.508 8.094
10310 197.0 2.502 8.093
10320 197.0 2.493 8.089
10150 198.0 0.143 8.461
10160 198.0 0.525 8.346
10170 198.0 0.907 8.231
10180 198.0 1.314 8.189
10190 198.0 1.757 8.258
10200 198.0 2.201 8.326
10210 198.0 2.631 8.382
10220 198.0 3.052 8.429
10230 198.0 3.053 8.439
10240 198.0 3.062 8.452
10250 198.0 3.058 8.451
10260 198.0 3.056 8.455
10270 198.0 3.048 8.455
10280 198.0 3.052 8.451
10290 198.0 3.041 8.447
10300 198.0 3.039 8.445
10310 198.0 3.025 8.439
10320 198.0 3.019 8.431
10330 198.0 3.007 8.427
10340 198.0 2.995 8.422
10160 199.0 0.358 5.183
10170 199.0 0.937 5.193
10180 199.0 1.515 5.203
10190 199.0 2.087 5.216
10200 199.0 2.658 5.230
10210 199.0 3.229 5.244
10220 199.0 3.822 5.225
10230 199.0 4.437 5.175
10240 199.0 4.437 5.176
10250 199.0 4.463 5.187
10260 199.0 4.478 5.200
10270 199.0 4.468 5.200
10280 199.0 4.460 5.202
10290 199.0 4.455 5.205
10300 199.0 4.441 5.196
10310 199.0 4.438 5.196
10320 199.0 4.424 5.190
10330 199.0 4.410 5.181
10340 199.0 4.404 5.187
10350 199.0 4.412 5.186
10170 200.0 0.108 8.317
10180 200.0 0.515 8.141
10190 200.0 0.922 7.966
10200 200.0 1.329 7.792
10210 200.0 1.796 7.713
10220 200.0 2.278 7.660
10230 200.0 2.760 7.606
10240 200.0 3.288 7.594
10250 200.0 3.301 7.596
10260 200.0 3.317 7.607
10270 200.0 3.327 7.631
10280 200.0 3.320 7.635
10290 200.0 3.309 7.638
10300 200.0 3.294 7.635
10310 200.0 3.286 7.633
10320 200.0 3.275 7.632
10330 200.0 3.272 7.630
10340 200.0 3.258 7.620
10350 200.0 3.253 7.619
10360 200.0 3.240 7.623
10240 202.0 0.236 8.491
10250 202.0 0.571 8.226
10260 202.0 0.906 7.961
10270 202.0 1.298 7.766
10280 202.0 1.746 7.643
10290 202.0 2.194 7.520
10300 202.0 2.655 7.412
10310 202.0 3.135 7.326
10320 202.0 3.146 7.320
10330 202.0 3.173 7.335
10340 202.0 3.180 7.336
10350 202.0 3.181 7.341
10360 202.0 3.173 7.340
10370 202.0 3.176 7.354
10380 202.0 3.176 7.354
10390 202.0 3.166 7.360
10400 202.0 3.170 7.363
10410 202.0 3.170 7.372
10420 202.0 3.160 7.379
10430 202.0 3.160 7.390
