0 1.0 13.449 3.938
10 1.0 12.935 3.938
20 1.0 12.422 3.938
30 1.0 11.919 3.958
40 1.0 11.428 3.998
50 1.0 10.937 4.037
60 1.0 10.467 3.992
70 1.0 10.019 3.861
80 1.0 10.033 3.867
90 1.0 10.034 3.870
100 1.0 10.031 3.878
110 1.0 10.032 3.891
120 1.0 10.049 3.904
130 1.0 10.064 3.911
140 1.0 10.066 3.919
150 1.0 10.074 3.916
160 1.0 10.086 3.925
170 1.0 10.100 3.933
180 1.0 10.115 3.935
190 1.0 10.127 3.939
0 2.0 13.343 4.439
10 2.0 12.825 4.430
20 2.0 12.307 4.421
30 2.0 11.814 4.434
40 2.0 11.360 4.480
50 2.0 10.905 4.526
60 2.0 10.438 4.526
70 2.0 9.945 4.419
80 2.0 9.949 4.429
90 2.0 9.937 4.432
100 2.0 9.937 4.438
110 2.0 9.943 4.450
120 2.0 9.956 4.459
130 2.0 9.972 4.463
140 2.0 9.985 4.462
150 2.0 9.998 4.461
160 2.0 10.018 4.466
170 2.0 10.026 4.475
180 2.0 10.038 4.481
190 2.0 10.040 4.493
0 3.0 11.912 4.439
10 3.0 11.505 4.514
20 3.0 11.097 4.588
30 3.0 10.689 4.663
40 3.0 10.280 4.709
50 3.0 9.871 4.749
60 3.0 9.462 4.789
70 3.0 9.051 4.830
80 3.0 9.051 4.838
90 3.0 9.045 4.840
100 3.0 9.047 4.842
110 3.0 9.051 4.838
120 3.0 9.058 4.837
130 3.0 9.079 4.839
140 3.0 9.092 4.835
150 3.0 9.098 4.835
160 3.0 9.112 4.835
170 3.0 9.130 4.825
180 3.0 9.145 4.823
190 3.0 9.154 4.813
0 4.0 11.828 5.155
10 4.0 11.382 5.211
20 4.0 10.937 5.267
30 4.0 10.491 5.324
40 4.0 10.071 5.346
50 4.0 9.668 5.346
60 4.0 9.265 5.346
70 4.0 8.862 5.346
80 4.0 8.870 5.356
90 4.0 8.871 5.359
100 4.0 8.875 5.360
110 4.0 8.886 5.370
120 4.0 8.898 5.368
130 4.0 8.910 5.371
140 4.0 8.918 5.369
150 4.0 8.929 5.369
160 4.0 8.949 5.368
170 4.0 8.962 5.363
180 4.0 8.972 5.367
190 4.0 8.989 5.364
0 5.0 8.713 4.415
10 5.0 8.361 4.364
20 5.0 8.008 4.312
30 5.0 7.655 4.260
40 5.0 7.301 4.186
50 5.0 6.942 4.060
60 5.0 6.583 3.934
70 5.0 6.224 3.807
80 5.0 6.219 3.809
90 5.0 6.209 3.822
100 5.0 6.213 3.826
110 5.0 6.217 3.845
120 5.0 6.226 3.852
130 5.0 6.226 3.859
140 5.0 6.229 3.868
150 5.0 6.236 3.878
160 5.0 6.239 3.889
170 5.0 6.238 3.903
180 5.0 6.236 3.912
190 5.0 6.235 3.920
0 6.0 8.124 3.461
10 6.0 8.611 3.416
20 6.0 9.097 3.371
30 6.0 9.584 3.326
40 6.0 9.990 3.325
50 6.0 10.376 3.335
60 6.0 10.729 3.399
70 6.0 11.033 3.546
80 6.0 11.028 3.542
90 6.0 11.026 3.550
100 6.0 11.024 3.537
110 6.0 11.015 3.543
120 6.0 11.004 3.551
130 6.0 11.005 3.542
140 6.0 10.997 3.540
150 6.0 10.990 3.543
160 6.0 10.985 3.540
170 6.0 10.981 3.538
180 6.0 10.975 3.530
190 6.0 10.968 3.520
0 8.0 4.336 7.351
10 8.0 4.554 7.274
20 8.0 4.773 7.198
30 8.0 4.955 7.171
40 8.0 5.101 7.194
50 8.0 5.246 7.217
60 8.0 5.391 7.239
70 8.0 5.542 7.259
80 8.0 5.538 7.263
90 8.0 5.533 7.267
100 8.0 5.540 7.265
110 8.0 5.536 7.272
120 8.0 5.537 7.273
130 8.0 5.534 7.269
140 8.0 5.525 7.265
150 8.0 5.519 7.273
160 8.0 5.516 7.285
170 8.0 5.510 7.286
180 8.0 5.515 7.285
190 8.0 5.520 7.286
20 9.0 15.242 3.668
30 9.0 14.666 3.533
40 9.0 14.089 3.398
50 9.0 13.545 3.310
60 9.0 13.048 3.291
70 9.0 12.551 3.272
80 9.0 12.099 3.314
90 9.0 11.652 3.364
100 9.0 11.655 3.367
110 9.0 11.650 3.367
120 9.0 11.663 3.360
130 9.0 11.674 3.368
140 9.0 11.683 3.367
150 9.0 11.687 3.364
160 9.0 11.700 3.360
170 9.0 11.701 3.359
180 9.0 11.717 3.351
190 9.0 11.724 3.344
200 9.0 11.732 3.343
210 9.0 11.736 3.343
120 10.0 0.345 6.983
130 10.0 0.635 6.884
140 10.0 0.925 6.785
150 10.0 1.255 6.689
160 10.0 1.744 6.605
170 10.0 2.233 6.521
180 10.0 2.722 6.437
190 10.0 3.207 6.373
200 10.0 3.202 6.366
210 10.0 3.191 6.380
220 10.0 3.186 6.392
230 10.0 3.180 6.401
240 10.0 3.183 6.415
250 10.0 3.173 6.431
260 10.0 3.162 6.445
270 10.0 3.168 6.454
280 10.0 3.157 6.473
290 10.0 3.146 6.486
300 10.0 3.140 6.500
310 10.0 3.128 6.515
200 11.0 0.474 7.303
210 11.0 1.000 7.064
220 11.0 1.562 6.883
230 11.0 2.211 6.835
240 11.0 2.859 6.787
250 11.0 3.539 6.631
260 11.0 4.227 6.447
270 11.0 4.915 6.255
280 11.0 4.914 6.251
290 11.0 4.982 6.242
300 11.0 5.035 6.242
310 11.0 5.066 6.250
320 11.0 5.095 6.258
330 11.0 5.132 6.269
340 11.0 5.151 6.282
350 11.0 5.181 6.293
360 11.0 5.205 6.310
370 11.0 5.251 6.328
380 11.0 5.307 6.338
390 11.0 5.354 6.357
330 12.0 15.037 3.799
340 12.0 14.501 3.842
350 12.0 13.965 3.886
360 12.0 13.430 3.929
370 12.0 12.870 3.971
380 12.0 12.304 4.012
390 12.0 11.737 4.053
400 12.0 11.207 4.157
410 12.0 11.206 4.165
420 12.0 11.184 4.188
430 12.0 11.165 4.197
440 12.0 11.171 4.203
450 12.0 11.170 4.219
460 12.0 11.179 4.228
470 12.0 11.197 4.232
480 12.0 11.197 4.243
490 12.0 11.215 4.244
500 12.0 11.241 4.251
510 12.0 11.252 4.260
520 12.0 11.259 4.268
330 13.0 14.895 3.245
340 13.0 14.324 3.253
350 13.0 13.752 3.262
360 13.0 13.183 3.271
370 13.0 12.635 3.288
380 13.0 12.086 3.305
390 13.0 11.540 3.360
400 13.0 11.000 3.504
410 13.0 10.991 3.517
420 13.0 10.960 3.536
430 13.0 10.955 3.554
440 13.0 10.947 3.568
450 13.0 10.958 3.574
460 13.0 10.950 3.591
470 13.0 10.952 3.601
480 13.0 10.954 3.603
490 13.0 10.949 3.607
500 13.0 10.956 3.621
510 13.0 10.963 3.629
520 13.0 10.961 3.639
460 14.0 14.690 3.248
470 14.0 14.059 3.313
480 14.0 13.428 3.378
490 14.0 12.799 3.445
500 14.0 12.192 3.529
510 14.0 11.585 3.614
520 14.0 10.979 3.698
530 14.0 10.388 3.844
540 14.0 10.396 3.844
550 14.0 10.342 3.865
560 14.0 10.326 3.882
570 14.0 10.327 3.887
580 14.0 10.319 3.896
590 14.0 10.346 3.893
600 14.0 10.352 3.905
610 14.0 10.371 3.901
620 14.0 10.380 3.907
630 14.0 10.388 3.914
640 14.0 10.400 3.916
650 14.0 10.417 3.909
460 15.0 15.069 4.009
470 15.0 14.455 4.048
480 15.0 13.840 4.086
490 15.0 13.217 4.163
500 15.0 12.586 4.278
510 15.0 11.954 4.394
520 15.0 11.356 4.501
530 15.0 10.808 4.595
540 15.0 10.812 4.611
550 15.0 10.789 4.626
560 15.0 10.771 4.649
570 15.0 10.770 4.658
580 15.0 10.772 4.669
590 15.0 10.778 4.682
600 15.0 10.778 4.690
610 15.0 10.801 4.685
620 15.0 10.818 4.686
630 15.0 10.818 4.689
640 15.0 10.843 4.695
650 15.0 10.870 4.697
490 16.0 0.261 7.244
500 16.0 0.350 7.131
510 16.0 0.439 7.018
520 16.0 0.527 6.905
530 16.0 0.612 6.826
540 16.0 0.687 6.826
550 16.0 0.762 6.826
560 16.0 0.849 6.814
570 16.0 0.845 6.809
580 16.0 0.845 6.804
590 16.0 0.839 6.797
600 16.0 0.834 6.796
610 16.0 0.836 6.792
620 16.0 0.834 6.787
630 16.0 0.835 6.784
640 16.0 0.833 6.780
650 16.0 0.833 6.776
660 16.0 0.833 6.773
670 16.0 0.831 6.771
680 16.0 0.825 6.767
520 17.0 0.218 6.456
530 17.0 0.504 6.342
540 17.0 0.791 6.227
550 17.0 1.022 6.224
560 17.0 1.217 6.294
570 17.0 1.412 6.365
580 17.0 1.560 6.448
590 17.0 1.702 6.533
600 17.0 1.703 6.532
610 17.0 1.704 6.532
620 17.0 1.701 6.532
630 17.0 1.708 6.533
640 17.0 1.712 6.533
650 17.0 1.706 6.529
660 17.0 1.716 6.530
670 17.0 1.730 6.529
680 17.0 1.728 6.532
690 17.0 1.727 6.529
700 17.0 1.723 6.536
710 17.0 1.723 6.535
580 18.0 0.352 6.937
590 18.0 0.409 6.775
600 18.0 0.467 6.612
610 18.0 0.661 6.418
620 18.0 0.942 6.229
630 18.0 1.336 6.110
640 18.0 1.659 6.037
650 18.0 1.934 5.996
660 18.0 1.937 5.999
670 18.0 1.932 6.001
680 18.0 1.931 6.011
690 18.0 1.935 6.014
700 18.0 1.938 6.011
710 18.0 1.937 6.013
720 18.0 1.951 6.017
730 18.0 1.959 6.013
740 18.0 1.965 6.011
750 18.0 1.974 6.009
760 18.0 1.972 6.010
770 18.0 1.974 6.015
610 19.0 0.271 8.299
620 19.0 0.350 8.097
630 19.0 0.429 7.894
640 19.0 0.508 7.691
650 19.0 0.681 7.488
660 19.0 0.949 7.286
670 19.0 1.217 7.083
680 19.0 1.513 6.909
690 19.0 1.504 6.912
700 19.0 1.490 6.924
710 19.0 1.487 6.923
720 19.0 1.483 6.925
730 19.0 1.482 6.933
740 19.0 1.477 6.938
750 19.0 1.476 6.943
760 19.0 1.471 6.951
770 19.0 1.470 6.962
780 19.0 1.468 6.969
790 19.0 1.451 6.975
800 19.0 1.442 6.986
630 20.0 0.164 6.414
640 20.0 0.439 6.249
650 20.0 0.714 6.084
660 20.0 0.989 5.919
670 20.0 1.115 5.644
680 20.0 1.242 5.370
690 20.0 1.283 5.389
700 20.0 1.324 5.409
710 20.0 1.324 5.414
720 20.0 1.322 5.420
730 20.0 1.323 5.421
740 20.0 1.323 5.420
750 20.0 1.321 5.418
760 20.0 1.321 5.420
770 20.0 1.323 5.420
780 20.0 1.318 5.423
790 20.0 1.313 5.428
800 20.0 1.305 5.428
810 20.0 1.305 5.428
820 20.0 1.303 5.431
860 21.0 13.997 10.937
870 21.0 13.946 10.476
880 21.0 13.895 10.016
890 21.0 13.795 9.600
900 21.0 13.646 9.231
910 21.0 13.496 8.861
920 21.0 13.322 8.507
930 21.0 13.112 8.174
940 21.0 13.113 8.159
950 21.0 13.117 8.131
960 21.0 13.122 8.101
970 21.0 13.118 8.070
980 21.0 13.124 8.053
990 21.0 13.123 8.028
1000 21.0 13.127 8.006
1010 21.0 13.131 7.974
1020 21.0 13.131 7.967
1030 21.0 13.131 7.946
1040 21.0 13.144 7.915
1050 21.0 13.151 7.894
850 22.0 0.359 8.737
860 22.0 0.468 8.509
870 22.0 0.578 8.281
880 22.0 0.688 8.052
890 22.0 0.798 7.824
900 22.0 1.001 7.531
910 22.0 1.266 7.195
920 22.0 1.531 6.859
930 22.0 1.539 6.856
940 22.0 1.552 6.848
950 22.0 1.556 6.843
960 22.0 1.553 6.838
970 22.0 1.566 6.833
980 22.0 1.566 6.827
990 22.0 1.570 6.824
1000 22.0 1.571 6.818
1010 22.0 1.569 6.806
1020 22.0 1.568 6.801
1030 22.0 1.564 6.801
1040 22.0 1.554 6.800
1080 23.0 14.863 6.605
1090 23.0 14.400 6.471
1100 23.0 13.937 6.338
1110 23.0 13.410 6.309
1120 23.0 12.877 6.292
1130 23.0 12.352 6.263
1140 23.0 11.905 6.129
1150 23.0 11.457 5.995
1160 23.0 11.466 6.003
1170 23.0 11.445 6.013
1180 23.0 11.446 6.025
1190 23.0 11.451 6.042
1200 23.0 11.469 6.047
1210 23.0 11.476 6.048
1220 23.0 11.492 6.055
1230 23.0 11.505 6.056
1240 23.0 11.516 6.058
1250 23.0 11.523 6.062
1260 23.0 11.526 6.075
1270 23.0 11.546 6.084
1090 24.0 15.313 2.909
1100 24.0 14.756 2.916
1110 24.0 14.200 2.924
1120 24.0 13.643 2.932
1130 24.0 13.099 2.898
1140 24.0 12.567 2.822
1150 24.0 12.035 2.747
1160 24.0 11.504 2.672
1170 24.0 11.516 2.666
1180 24.0 11.509 2.669
1190 24.0 11.504 2.671
1200 24.0 11.522 2.673
1210 24.0 11.525 2.680
1220 24.0 11.531 2.681
1230 24.0 11.546 2.672
1240 24.0 11.553 2.669
1250 24.0 11.561 2.670
1260 24.0 11.577 2.668
1270 24.0 11.597 2.663
1280 24.0 11.604 2.656
1100 25.0 15.048 3.437
1110 25.0 14.438 3.461
1120 25.0 13.828 3.484
1130 25.0 13.217 3.508
1140 25.0 12.654 3.560
1150 25.0 12.091 3.611
1160 25.0 11.528 3.663
1170 25.0 10.980 3.709
1180 25.0 10.972 3.721
1190 25.0 10.934 3.732
1200 25.0 10.911 3.748
1210 25.0 10.903 3.764
1220 25.0 10.901 3.772
1230 25.0 10.886 3.779
1240 25.0 10.881 3.788
1250 25.0 10.885 3.800
1260 25.0 10.882 3.810
1270 25.0 10.886 3.813
1280 25.0 10.892 3.821
1290 25.0 10.902 3.829
1160 26.0 0.411 3.290
1170 26.0 1.010 3.437
1180 26.0 1.609 3.583
1190 26.0 2.171 3.787
1200 26.0 2.716 4.015
1210 26.0 3.294 4.206
1220 26.0 3.904 4.362
1230 26.0 4.480 4.540
1240 26.0 4.465 4.543
1250 26.0 4.492 4.556
1260 26.0 4.515 4.560
1270 26.0 4.523 4.562
1280 26.0 4.535 4.570
1290 26.0 4.535 4.574
1300 26.0 4.539 4.581
1310 26.0 4.562 4.589
1320 26.0 4.580 4.589
1330 26.0 4.592 4.600
1340 26.0 4.607 4.602
1350 26.0 4.610 4.608
1300 27.0 15.227 6.947
1310 27.0 14.676 6.822
1320 27.0 14.124 6.697
1330 27.0 13.560 6.562
1340 27.0 12.984 6.417
1350 27.0 12.392 6.273
1360 27.0 11.738 6.135
1370 27.0 11.092 6.022
1380 27.0 11.108 6.025
1390 27.0 11.072 6.027
1400 27.0 11.060 6.035
1410 27.0 11.025 6.043
1420 27.0 11.020 6.050
1430 27.0 11.015 6.059
1440 27.0 11.016 6.065
1450 27.0 10.995 6.064
1460 27.0 10.999 6.073
1470 27.0 10.978 6.078
1480 27.0 10.982 6.081
1490 27.0 10.967 6.091
1550 28.0 0.117 4.893
1560 28.0 0.631 4.884
1570 28.0 1.144 4.874
1580 28.0 1.650 4.856
1590 28.0 2.146 4.825
1600 28.0 2.642 4.795
1610 28.0 3.145 4.777
1620 28.0 3.665 4.790
1630 28.0 3.665 4.788
1640 28.0 3.672 4.794
1650 28.0 3.674 4.800
1660 28.0 3.672 4.795
1670 28.0 3.667 4.794
1680 28.0 3.659 4.801
1690 28.0 3.650 4.804
1700 28.0 3.648 4.807
1710 28.0 3.646 4.815
1720 28.0 3.644 4.822
1730 28.0 3.635 4.824
1740 28.0 3.629 4.815
1550 29.0 0.119 5.756
1560 29.0 0.612 5.715
1570 29.0 1.105 5.674
1580 29.0 1.598 5.633
1590 29.0 2.097 5.606
1600 29.0 2.606 5.600
1610 29.0 3.114 5.594
1620 29.0 3.622 5.589
1630 29.0 3.624 5.595
1640 29.0 3.624 5.598
1650 29.0 3.623 5.605
1660 29.0 3.625 5.600
1670 29.0 3.622 5.603
1680 29.0 3.612 5.614
1690 29.0 3.609 5.622
1700 29.0 3.601 5.634
1710 29.0 3.600 5.634
1720 29.0 3.585 5.646
1730 29.0 3.587 5.655
1740 29.0 3.583 5.661
1560 30.0 15.010 4.559
1570 30.0 14.343 4.549
1580 30.0 13.677 4.540
1590 30.0 13.036 4.568
1600 30.0 12.422 4.635
1610 30.0 11.807 4.702
1620 30.0 11.193 4.712
1630 30.0 10.579 4.721
1640 30.0 10.568 4.738
1650 30.0 10.526 4.751
1660 30.0 10.491 4.768
1670 30.0 10.471 4.775
1680 30.0 10.452 4.778
1690 30.0 10.439 4.781
1700 30.0 10.417 4.784
1710 30.0 10.390 4.793
1720 30.0 10.379 4.801
1730 30.0 10.366 4.806
1740 30.0 10.347 4.812
1750 30.0 10.349 4.808
1570 31.0 14.612 3.778
1580 31.0 13.943 3.854
1590 31.0 13.274 3.931
1600 31.0 12.623 3.962
1610 31.0 11.984 3.962
1620 31.0 11.345 3.962
1630 31.0 10.720 3.938
1640 31.0 10.096 3.911
1650 31.0 10.082 3.909
1660 31.0 10.041 3.930
1670 31.0 10.015 3.950
1680 31.0 9.987 3.966
1690 31.0 9.971 3.974
1700 31.0 9.953 3.982
1710 31.0 9.945 3.994
1720 31.0 9.934 4.007
1730 31.0 9.926 4.011
1740 31.0 9.919 4.015
1750 31.0 9.897 4.020
1760 31.0 9.867 4.027
1660 32.0 0.039 4.026
1670 32.0 0.540 4.051
1680 32.0 1.041 4.075
1690 32.0 1.541 4.100
1700 32.0 2.029 4.130
1710 32.0 2.513 4.162
1720 32.0 2.997 4.194
1730 32.0 3.374 4.373
1740 32.0 3.390 4.369
1750 32.0 3.394 4.365
1760 32.0 3.396 4.362
1770 32.0 3.406 4.354
1780 32.0 3.413 4.357
1790 32.0 3.410 4.357
1800 32.0 3.404 4.357
1810 32.0 3.405 4.358
1820 32.0 3.402 4.348
1830 32.0 3.404 4.348
1840 32.0 3.401 4.342
1850 32.0 3.401 4.342
1660 33.0 -0.016 4.842
1670 33.0 0.459 4.851
1680 33.0 0.935 4.860
1690 33.0 1.410 4.869
1700 33.0 1.899 4.903
1710 33.0 2.387 4.937
1720 33.0 2.866 4.997
1730 33.0 3.305 5.163
1740 33.0 3.314 5.156
1750 33.0 3.320 5.155
1760 33.0 3.323 5.150
1770 33.0 3.331 5.142
1780 33.0 3.336 5.139
1790 33.0 3.340 5.143
1800 33.0 3.347 5.140
1810 33.0 3.343 5.137
1820 33.0 3.351 5.136
1830 33.0 3.356 5.141
1840 33.0 3.356 5.132
1850 33.0 3.355 5.129
1820 34.0 0.208 7.031
1830 34.0 0.395 6.934
1840 34.0 0.582 6.836
1850 34.0 0.774 6.714
1860 34.0 0.973 6.555
1870 34.0 1.172 6.396
1880 34.0 1.370 6.237
1890 34.0 1.535 6.166
1900 34.0 1.536 6.171
1910 34.0 1.536 6.168
1920 34.0 1.544 6.171
1930 34.0 1.550 6.174
1940 34.0 1.556 6.172
1950 34.0 1.560 6.180
1960 34.0 1.570 6.182
1970 34.0 1.581 6.184
1980 34.0 1.588 6.189
1990 34.0 1.597 6.199
2000 34.0 1.603 6.201
2010 34.0 1.611 6.202
1850 35.0 0.168 5.767
1860 35.0 0.379 5.668
1870 35.0 0.589 5.570
1880 35.0 0.800 5.471
1890 35.0 1.010 5.372
1900 35.0 1.231 5.326
1910 35.0 1.463 5.334
1920 35.0 1.694 5.342
1930 35.0 1.684 5.339
1940 35.0 1.683 5.351
1950 35.0 1.678 5.358
1960 35.0 1.673 5.360
1970 35.0 1.677 5.371
1980 35.0 1.674 5.379
1990 35.0 1.682 5.378
2000 35.0 1.686 5.380
2010 35.0 1.687 5.386
2020 35.0 1.689 5.386
2030 35.0 1.680 5.389
2040 35.0 1.675 5.390
2030 36.0 0.410 5.267
2040 36.0 1.147 5.061
2050 36.0 1.865 4.881
2060 36.0 2.538 4.761
2070 36.0 3.213 4.651
2080 36.0 3.891 4.563
2090 36.0 4.569 4.474
2100 36.0 5.275 4.393
2110 36.0 5.284 4.395
2120 36.0 5.338 4.397
2130 36.0 5.416 4.402
2140 36.0 5.494 4.398
2150 36.0 5.551 4.399
2160 36.0 5.625 4.405
2170 36.0 5.721 4.399
2180 36.0 5.840 4.405
2190 36.0 6.001 4.402
2200 36.0 6.197 4.399
2210 36.0 6.460 4.394
2220 36.0 6.797 4.380
2080 37.0 14.714 4.725
2090 37.0 14.045 4.964
2100 37.0 13.445 5.151
2110 37.0 12.861 5.324
2120 37.0 12.272 5.498
2130 37.0 11.679 5.672
2140 37.0 11.086 5.812
2150 37.0 10.495 5.903
2160 37.0 10.492 5.920
2170 37.0 10.449 5.939
2180 37.0 10.410 5.963
2190 37.0 10.376 5.988
2200 37.0 10.357 6.006
2210 37.0 10.355 6.021
2220 37.0 10.351 6.025
2230 37.0 10.348 6.030
2240 37.0 10.329 6.053
2250 37.0 10.327 6.057
2260 37.0 10.325 6.066
2270 37.0 10.331 6.065
2520 38.0 14.971 4.481
2530 38.0 14.478 4.539
2540 38.0 13.984 4.596
2550 38.0 13.491 4.654
2560 38.0 12.928 4.678
2570 38.0 12.365 4.702
2580 38.0 11.802 4.725
2590 38.0 11.239 4.749
2600 38.0 11.256 4.752
2610 38.0 11.229 4.774
2620 38.0 11.221 4.801
2630 38.0 11.211 4.819
2640 38.0 11.219 4.835
2650 38.0 11.222 4.842
2660 38.0 11.208 4.852
2670 38.0 11.217 4.857
2680 38.0 11.232 4.864
2690 38.0 11.236 4.861
2700 38.0 11.239 4.860
2710 38.0 11.235 4.863
2530 39.0 14.721 5.039
2540 39.0 14.217 5.107
2550 39.0 13.713 5.176
2560 39.0 13.140 5.253
2570 39.0 12.521 5.338
2580 39.0 11.902 5.422
2590 39.0 11.303 5.497
2600 39.0 10.782 5.537
2610 39.0 10.786 5.554
2620 39.0 10.766 5.572
2630 39.0 10.757 5.605
2640 39.0 10.757 5.617
2650 39.0 10.773 5.621
2660 39.0 10.785 5.618
2670 39.0 10.804 5.620
2680 39.0 10.816 5.618
2690 39.0 10.831 5.618
2700 39.0 10.855 5.617
2710 39.0 10.863 5.627
2720 39.0 10.884 5.629
2870 40.0 15.036 3.836
2880 40.0 14.528 3.902
2890 40.0 14.020 3.967
2900 40.0 13.512 4.033
2910 40.0 13.053 4.099
2920 40.0 12.593 4.163
2930 40.0 12.134 4.229
2940 40.0 11.634 4.280
2950 40.0 11.637 4.289
2960 40.0 11.613 4.302
2970 40.0 11.611 4.314
2980 40.0 11.615 4.325
2990 40.0 11.624 4.334
3000 40.0 11.636 4.339
3010 40.0 11.656 4.340
3020 40.0 11.665 4.342
3030 40.0 11.680 4.345
3040 40.0 11.689 4.354
3050 40.0 11.700 4.356
3060 40.0 11.713 4.357
2880 41.0 15.024 4.255
2890 41.0 14.568 4.327
2900 41.0 14.112 4.399
2910 41.0 13.653 4.473
2920 41.0 13.173 4.570
2930 41.0 12.693 4.667
2940 41.0 12.213 4.763
2950 41.0 11.777 4.832
2960 41.0 11.774 4.839
2970 41.0 11.769 4.850
2980 41.0 11.782 4.859
2990 41.0 11.783 4.867
3000 41.0 11.784 4.864
3010 41.0 11.791 4.867
3020 41.0 11.790 4.857
3030 41.0 11.802 4.863
3040 41.0 11.811 4.866
3050 41.0 11.818 4.866
3060 41.0 11.828 4.866
3070 41.0 11.834 4.855
2930 42.0 -0.093 5.761
2940 42.0 0.455 5.737
2950 42.0 1.002 5.714
2960 42.0 1.549 5.690
2970 42.0 2.069 5.697
2980 42.0 2.570 5.725
2990 42.0 3.072 5.753
3000 42.0 3.568 5.777
3010 42.0 3.558 5.784
3020 42.0 3.570 5.782
3030 42.0 3.577 5.784
3040 42.0 3.579 5.780
3050 42.0 3.592 5.781
3060 42.0 3.600 5.775
3070 42.0 3.594 5.775
3080 42.0 3.588 5.776
3090 42.0 3.596 5.776
3100 42.0 3.593 5.780
3110 42.0 3.600 5.769
3120 42.0 3.603 5.764
3030 43.0 14.736 4.602
3040 43.0 14.061 4.651
3050 43.0 13.386 4.701
3060 43.0 12.733 4.686
3070 43.0 12.102 4.606
3080 43.0 11.470 4.527
3090 43.0 10.813 4.504
3100 43.0 10.129 4.538
3110 43.0 10.124 4.547
3120 43.0 10.051 4.569
3130 43.0 10.036 4.591
3140 43.0 10.005 4.600
3150 43.0 9.985 4.620
3160 43.0 9.986 4.619
3170 43.0 9.970 4.632
3180 43.0 9.953 4.641
3190 43.0 9.944 4.645
3200 43.0 9.920 4.659
3210 43.0 9.891 4.675
3220 43.0 9.866 4.688
3040 44.0 0.301 4.866
3050 44.0 0.782 4.840
3060 44.0 1.263 4.815
3070 44.0 1.756 4.782
3080 44.0 2.279 4.731
3090 44.0 2.802 4.681
3100 44.0 3.325 4.630
3110 44.0 3.864 4.574
3120 44.0 3.859 4.576
3130 44.0 3.855 4.575
3140 44.0 3.851 4.582
3150 44.0 3.847 4.584
3160 44.0 3.836 4.592
3170 44.0 3.826 4.598
3180 44.0 3.814 4.605
3190 44.0 3.807 4.609
3200 44.0 3.796 4.610
3210 44.0 3.793 4.605
3220 44.0 3.781 4.605
3230 44.0 3.774 4.610
3040 45.0 0.113 4.163
3050 45.0 0.669 4.061
3060 45.0 1.225 3.958
3070 45.0 1.774 3.864
3080 45.0 2.262 3.844
3090 45.0 2.749 3.823
3100 45.0 3.236 3.803
3110 45.0 3.751 3.762
3120 45.0 3.752 3.767
3130 45.0 3.751 3.770
3140 45.0 3.753 3.774
3150 45.0 3.753 3.779
3160 45.0 3.745 3.787
3170 45.0 3.744 3.799
3180 45.0 3.734 3.805
3190 45.0 3.721 3.814
3200 45.0 3.713 3.816
3210 45.0 3.708 3.825
3220 45.0 3.705 3.829
3230 45.0 3.704 3.833
3130 46.0 0.535 4.003
3140 46.0 1.084 4.045
3150 46.0 1.633 4.088
3160 46.0 2.158 4.146
3170 46.0 2.667 4.216
3180 46.0 3.176 4.285
3190 46.0 3.671 4.317
3200 46.0 4.151 4.311
3210 46.0 4.167 4.307
3220 46.0 4.187 4.294
3230 46.0 4.193 4.283
3240 46.0 4.199 4.275
3250 46.0 4.215 4.266
3260 46.0 4.220 4.257
3270 46.0 4.234 4.244
3280 46.0 4.249 4.239
3290 46.0 4.258 4.239
3300 46.0 4.278 4.233
3310 46.0 4.290 4.229
3320 46.0 4.297 4.233
3130 47.0 0.447 3.272
3140 47.0 0.881 3.337
3150 47.0 1.314 3.402
3160 47.0 1.754 3.461
3170 47.0 2.241 3.461
3180 47.0 2.729 3.461
3190 47.0 3.217 3.461
3200 47.0 3.704 3.461
3210 47.0 3.710 3.459
3220 47.0 3.722 3.450
3230 47.0 3.726 3.444
3240 47.0 3.720 3.441
3250 47.0 3.717 3.442
3260 47.0 3.719 3.447
3270 47.0 3.727 3.453
3280 47.0 3.724 3.447
3290 47.0 3.731 3.445
3300 47.0 3.733 3.435
3310 47.0 3.735 3.423
3320 47.0 3.733 3.432
3190 48.0 0.295 3.437
3200 48.0 0.798 3.394
3210 48.0 1.302 3.351
3220 48.0 1.797 3.316
3230 48.0 2.259 3.309
3240 48.0 2.721 3.303
3250 48.0 3.183 3.296
3260 48.0 3.661 3.286
3270 48.0 3.664 3.285
3280 48.0 3.664 3.289
3290 48.0 3.665 3.294
3300 48.0 3.649 3.290
3310 48.0 3.642 3.288
3320 48.0 3.637 3.287
3330 48.0 3.641 3.295
3340 48.0 3.628 3.296
3350 48.0 3.622 3.296
3360 48.0 3.623 3.296
3370 48.0 3.620 3.295
3380 48.0 3.615 3.293
3210 49.0 14.773 3.586
3220 49.0 14.206 3.687
3230 49.0 13.640 3.788
3240 49.0 13.067 3.912
3250 49.0 12.491 4.045
3260 49.0 11.915 4.179
3270 49.0 11.363 4.312
3280 49.0 10.867 4.447
3290 49.0 10.872 4.451
3300 49.0 10.848 4.459
3310 49.0 10.848 4.471
3320 49.0 10.843 4.477
3330 49.0 10.840 4.483
3340 49.0 10.844 4.480
3350 49.0 10.847 4.489
3360 49.0 10.852 4.492
3370 49.0 10.864 4.495
3380 49.0 10.876 4.495
3390 49.0 10.877 4.496
3400 49.0 10.892 4.494
3210 50.0 14.913 4.469
3220 50.0 14.338 4.621
3230 50.0 13.764 4.773
3240 50.0 13.242 4.844
3250 50.0 12.720 4.915
3260 50.0 12.206 4.999
3270 50.0 11.711 5.115
3280 50.0 11.216 5.231
3290 50.0 11.207 5.234
3300 50.0 11.198 5.250
3310 50.0 11.189 5.256
3320 50.0 11.195 5.254
3330 50.0 11.205 5.249
3340 50.0 11.214 5.255
3350 50.0 11.220 5.256
3360 50.0 11.232 5.263
3370 50.0 11.244 5.260
3380 50.0 11.258 5.264
3390 50.0 11.260 5.261
3400 50.0 11.282 5.256
3340 51.0 0.430 3.242
3350 51.0 1.030 3.233
3360 51.0 1.630 3.225
3370 51.0 2.174 3.196
3380 51.0 2.693 3.158
3390 51.0 3.213 3.121
3400 51.0 3.749 3.077
3410 51.0 4.300 3.025
3420 51.0 4.297 3.033
3430 51.0 4.316 3.039
3440 51.0 4.326 3.032
3450 51.0 4.328 3.047
3460 51.0 4.324 3.048
3470 51.0 4.328 3.061
3480 51.0 4.317 3.065
3490 51.0 4.305 3.061
3500 51.0 4.299 3.069
3510 51.0 4.286 3.079
3520 51.0 4.279 3.086
3530 51.0 4.288 3.095
3370 52.0 0.008 4.074
3380 52.0 0.566 4.032
3390 52.0 1.125 3.991
3400 52.0 1.682 3.946
3410 52.0 2.237 3.896
3420 52.0 2.792 3.845
3430 52.0 3.346 3.795
3440 52.0 3.941 3.759
3450 52.0 3.938 3.749
3460 52.0 3.958 3.742
3470 52.0 3.958 3.748
3480 52.0 3.957 3.743
3490 52.0 3.959 3.739
3500 52.0 3.964 3.742
3510 52.0 3.951 3.747
3520 52.0 3.952 3.749
3530 52.0 3.937 3.750
3540 52.0 3.941 3.748
3550 52.0 3.923 3.753
3560 52.0 3.919 3.751
3370 53.0 0.273 6.794
3380 53.0 0.761 6.689
3390 53.0 1.249 6.584
3400 53.0 1.794 6.556
3410 53.0 2.352 6.547
3420 53.0 2.902 6.533
3430 53.0 3.418 6.502
3440 53.0 3.934 6.471
3450 53.0 3.926 6.472
3460 53.0 3.937 6.464
3470 53.0 3.928 6.463
3480 53.0 3.921 6.461
3490 53.0 3.922 6.467
3500 53.0 3.904 6.474
3510 53.0 3.891 6.472
3520 53.0 3.874 6.479
3530 53.0 3.860 6.493
3540 53.0 3.859 6.495
3550 53.0 3.845 6.504
3560 53.0 3.831 6.495
3570 54.0 15.102 3.915
3580 54.0 14.833 4.030
3590 54.0 14.563 4.144
3600 54.0 14.356 4.256
3610 54.0 14.295 4.364
3620 54.0 14.234 4.472
3630 54.0 14.115 4.564
3640 54.0 13.764 4.594
3650 54.0 13.782 4.594
3660 54.0 13.785 4.598
3670 54.0 13.786 4.596
3680 54.0 13.786 4.597
3690 54.0 13.788 4.596
3700 54.0 13.801 4.591
3710 54.0 13.801 4.601
3720 54.0 13.801 4.602
3730 54.0 13.801 4.605
3740 54.0 13.806 4.603
3750 54.0 13.807 4.610
3760 54.0 13.809 4.622
3580 55.0 15.043 4.673
3590 55.0 14.950 4.505
3600 55.0 14.858 4.337
3610 55.0 14.765 4.168
3620 55.0 14.610 4.003
3630 55.0 14.208 3.851
3640 55.0 13.807 3.699
3650 55.0 13.268 3.737
3660 55.0 13.270 3.746
3670 55.0 13.268 3.749
3680 55.0 13.261 3.753
3690 55.0 13.250 3.765
3700 55.0 13.251 3.763
3710 55.0 13.246 3.767
3720 55.0 13.247 3.771
3730 55.0 13.249 3.781
3740 55.0 13.248 3.777
3750 55.0 13.255 3.783
3760 55.0 13.251 3.793
3770 55.0 13.250 3.798
3580 56.0 0.153 8.464
3590 56.0 0.296 8.127
3600 56.0 0.438 7.790
3610 56.0 0.581 7.453
3620 56.0 0.780 7.140
3630 56.0 1.209 6.919
3640 56.0 1.638 6.698
3650 56.0 2.086 6.538
3660 56.0 2.080 6.536
3670 56.0 2.083 6.531
3680 56.0 2.076 6.528
3690 56.0 2.070 6.517
3700 56.0 2.072 6.505
3710 56.0 2.076 6.500
3720 56.0 2.069 6.489
3730 56.0 2.062 6.473
3740 56.0 2.052 6.459
3750 56.0 2.042 6.452
3760 56.0 2.038 6.442
3770 56.0 2.035 6.435
3660 57.0 0.211 6.311
3670 57.0 0.639 5.941
3680 57.0 1.067 5.571
3690 57.0 1.519 5.237
3700 57.0 2.063 5.048
3710 57.0 2.606 4.859
3720 57.0 3.110 4.579
3730 57.0 3.604 4.276
3740 57.0 3.604 4.266
3750 57.0 3.622 4.241
3760 57.0 3.635 4.210
3770 57.0 3.642 4.192
3780 57.0 3.652 4.170
3790 57.0 3.650 4.156
3800 57.0 3.649 4.136
3810 57.0 3.655 4.125
3820 57.0 3.652 4.109
3830 57.0 3.645 4.089
3840 57.0 3.643 4.070
3850 57.0 3.657 4.051
3630 58.0 14.857 4.746
3640 58.0 14.474 4.930
3650 58.0 14.042 5.111
3660 58.0 13.495 5.283
3670 58.0 12.948 5.455
3680 58.0 12.441 5.551
3690 58.0 11.945 5.627
3700 58.0 11.449 5.704
3710 58.0 11.449 5.709
3720 58.0 11.425 5.722
3730 58.0 11.408 5.729
3740 58.0 11.412 5.737
3750 58.0 11.408 5.738
3760 58.0 11.409 5.737
3770 58.0 11.417 5.732
3780 58.0 11.420 5.733
3790 58.0 11.437 5.734
3800 58.0 11.448 5.733
3810 58.0 11.449 5.735
3820 58.0 11.449 5.730
3650 59.0 14.998 4.387
3660 59.0 14.490 4.584
3670 59.0 13.982 4.780
3680 59.0 13.475 4.977
3690 59.0 12.954 5.074
3700 59.0 12.428 5.128
3710 59.0 11.921 5.174
3720 59.0 11.432 5.212
3730 59.0 11.427 5.209
3740 59.0 11.399 5.218
3750 59.0 11.398 5.221
3760 59.0 11.417 5.221
3770 59.0 11.427 5.215
3780 59.0 11.439 5.212
3790 59.0 11.441 5.210
3800 59.0 11.451 5.202
3810 59.0 11.458 5.195
3820 59.0 11.465 5.187
3830 59.0 11.476 5.183
3840 59.0 11.491 5.188
3760 60.0 0.385 4.076
3770 60.0 0.837 4.049
3780 60.0 1.289 4.023
3790 60.0 1.735 4.009
3800 60.0 2.175 4.009
3810 60.0 2.615 4.009
3820 60.0 3.057 4.006
3830 60.0 3.505 3.991
3840 60.0 3.506 3.990
3850 60.0 3.503 4.000
3860 60.0 3.512 3.997
3870 60.0 3.508 3.999
3880 60.0 3.503 4.004
3890 60.0 3.504 4.005
3900 60.0 3.498 4.010
3910 60.0 3.484 4.012
3920 60.0 3.487 4.018
3930 60.0 3.479 4.017
3940 60.0 3.471 4.017
3950 60.0 3.469 4.022
3760 61.0 0.153 3.566
3770 61.0 0.625 3.533
3780 61.0 1.097 3.500
3790 61.0 1.568 3.467
3800 61.0 2.008 3.436
3810 61.0 2.440 3.404
3820 61.0 2.872 3.373
3830 61.0 3.304 3.341
3840 61.0 3.299 3.343
3850 61.0 3.296 3.342
3860 61.0 3.289 3.346
3870 61.0 3.268 3.361
3880 61.0 3.255 3.364
3890 61.0 3.247 3.369
3900 61.0 3.241 3.370
3910 61.0 3.228 3.376
3920 61.0 3.214 3.379
3930 61.0 3.197 3.391
3940 61.0 3.184 3.392
3950 61.0 3.167 3.402
3760 62.0 0.225 2.904
3770 62.0 0.668 2.930
3780 62.0 1.112 2.955
3790 62.0 1.555 2.981
3800 62.0 2.018 2.909
3810 62.0 2.482 2.827
3820 62.0 2.947 2.745
3830 62.0 3.405 2.745
3840 62.0 3.403 2.735
3850 62.0 3.400 2.734
3860 62.0 3.394 2.726
3870 62.0 3.390 2.735
3880 62.0 3.382 2.735
3890 62.0 3.380 2.735
3900 62.0 3.371 2.731
3910 62.0 3.363 2.731
3920 62.0 3.354 2.739
3930 62.0 3.339 2.741
3940 62.0 3.325 2.744
3950 62.0 3.318 2.750
4010 65.0 12.623 12.343
4020 65.0 12.710 12.011
4030 65.0 12.797 11.679
4040 65.0 12.885 11.347
4050 65.0 12.972 11.016
4060 65.0 13.004 10.734
4070 65.0 13.000 10.486
4080 65.0 12.996 10.237
4090 65.0 13.006 10.237
4100 65.0 13.015 10.232
4110 65.0 13.029 10.229
4120 65.0 13.035 10.234
4130 65.0 13.031 10.243
4140 65.0 13.031 10.256
4150 65.0 13.038 10.266
4160 65.0 13.045 10.270
4170 65.0 13.048 10.273
4180 65.0 13.061 10.278
4190 65.0 13.061 10.280
4200 65.0 13.065 10.278
4010 66.0 13.381 12.284
4020 66.0 13.396 12.068
4030 66.0 13.411 11.851
4040 66.0 13.425 11.635
4050 66.0 13.440 11.418
4060 66.0 13.471 11.166
4070 66.0 13.526 10.860
4080 66.0 13.580 10.554
4090 66.0 13.585 10.548
4100 66.0 13.590 10.547
4110 66.0 13.591 10.545
4120 66.0 13.600 10.557
4130 66.0 13.600 10.564
4140 66.0 13.601 10.577
4150 66.0 13.600 10.590
4160 66.0 13.602 10.598
4170 66.0 13.599 10.611
4180 66.0 13.600 10.619
4190 66.0 13.604 10.632
4200 66.0 13.605 10.639
4310 67.0 15.159 6.899
4320 67.0 14.719 6.813
4330 67.0 14.279 6.726
4340 67.0 13.839 6.639
4350 67.0 13.403 6.514
4360 67.0 12.974 6.333
4370 67.0 12.545 6.152
4380 67.0 12.070 6.050
4390 67.0 12.058 6.049
4400 67.0 12.036 6.046
4410 67.0 12.038 6.056
4420 67.0 12.025 6.060
4430 67.0 12.015 6.071
4440 67.0 12.013 6.077
4450 67.0 12.000 6.085
4460 67.0 11.996 6.090
4470 67.0 11.998 6.097
4480 67.0 11.982 6.097
4490 67.0 11.986 6.105
4500 67.0 11.981 6.109
4350 68.0 0.082 3.933
4360 68.0 0.522 3.985
4370 68.0 0.961 4.036
4380 68.0 1.403 4.047
4390 68.0 1.846 4.030
4400 68.0 2.290 4.013
4410 68.0 2.727 3.990
4420 68.0 3.162 3.965
4430 68.0 3.164 3.960
4440 68.0 3.162 3.954
4450 68.0 3.155 3.947
4460 68.0 3.146 3.946
4470 68.0 3.144 3.949
4480 68.0 3.143 3.946
4490 68.0 3.146 3.941
4500 68.0 3.141 3.945
4510 68.0 3.141 3.954
4520 68.0 3.129 3.960
4530 68.0 3.122 3.963
4540 68.0 3.113 3.962
4360 69.0 0.638 2.784
4370 69.0 1.410 2.816
4380 69.0 2.182 2.848
4390 69.0 2.924 2.887
4400 69.0 3.636 2.933
4410 69.0 4.349 2.979
4420 69.0 5.077 2.983
4430 69.0 5.807 2.983
4440 69.0 5.815 2.982
4450 69.0 5.906 2.964
4460 69.0 6.013 2.938
4470 69.0 6.098 2.923
4480 69.0 6.235 2.901
4490 69.0 6.428 2.885
4500 69.0 6.657 2.874
4510 69.0 6.965 2.862
4520 69.0 7.333 2.841
4530 69.0 7.692 2.824
4540 69.0 8.135 2.806
4550 69.0 8.330 2.804
4460 70.0 5.127 4.551
4470 70.0 5.572 4.537
4480 70.0 6.018 4.523
4490 70.0 6.460 4.511
4500 70.0 6.870 4.518
4510 70.0 7.279 4.524
4520 70.0 7.689 4.531
4530 70.0 8.085 4.546
4540 70.0 8.087 4.538
4550 70.0 8.079 4.538
4560 70.0 8.067 4.546
4570 70.0 8.065 4.548
4580 70.0 8.060 4.547
4590 70.0 8.055 4.541
4600 70.0 8.049 4.545
4610 70.0 8.051 4.551
4620 70.0 8.050 4.560
4630 70.0 8.040 4.564
4640 70.0 8.026 4.567
4650 70.0 8.017 4.564
4670 72.0 0.524 4.111
4680 72.0 1.109 4.171
4690 72.0 1.693 4.230
4700 72.0 2.278 4.290
4710 72.0 2.821 4.201
4720 72.0 3.359 4.096
4730 72.0 3.898 3.991
4740 72.0 4.438 3.955
4750 72.0 4.442 3.960
4760 72.0 4.454 3.958
4770 72.0 4.454 3.965
4780 72.0 4.465 3.961
4790 72.0 4.474 3.965
4800 72.0 4.464 3.975
4810 72.0 4.475 3.974
4820 72.0 4.481 3.972
4830 72.0 4.486 3.980
4840 72.0 4.486 3.993
4850 72.0 4.491 4.001
4860 72.0 4.490 4.011
4750 73.0 14.721 4.652
4760 73.0 14.107 4.600
4770 73.0 13.509 4.541
4780 73.0 12.969 4.453
4790 73.0 12.429 4.366
4800 73.0 11.882 4.321
4810 73.0 11.309 4.447
4820 73.0 10.736 4.573
4830 73.0 10.730 4.589
4840 73.0 10.704 4.619
4850 73.0 10.681 4.637
4860 73.0 10.674 4.656
4870 73.0 10.671 4.663
4880 73.0 10.662 4.677
4890 73.0 10.651 4.689
4900 73.0 10.656 4.698
4910 73.0 10.660 4.703
4920 73.0 10.655 4.707
4930 73.0 10.654 4.719
4940 73.0 10.655 4.728
4750 74.0 15.048 5.179
4760 74.0 14.502 5.209
4770 74.0 13.957 5.239
4780 74.0 13.411 5.268
4790 74.0 12.832 5.299
4800 74.0 12.245 5.331
4810 74.0 11.657 5.362
4820 74.0 11.070 5.394
4830 74.0 11.061 5.403
4840 74.0 11.039 5.416
4850 74.0 11.019 5.429
4860 74.0 11.011 5.446
4870 74.0 11.010 5.457
4880 74.0 11.013 5.459
4890 74.0 11.016 5.467
4900 74.0 11.012 5.475
4910 74.0 11.002 5.491
4920 74.0 10.999 5.502
4930 74.0 10.992 5.514
4940 74.0 10.992 5.526
4820 75.0 15.271 4.353
4830 75.0 14.556 4.449
4840 75.0 13.840 4.544
4850 75.0 13.130 4.644
4860 75.0 12.471 4.779
4870 75.0 11.811 4.914
4880 75.0 11.155 5.047
4890 75.0 10.530 5.159
4900 75.0 10.555 5.159
4910 75.0 10.509 5.171
4920 75.0 10.474 5.187
4930 75.0 10.455 5.203
4940 75.0 10.439 5.213
4950 75.0 10.418 5.216
4960 75.0 10.394 5.225
4970 75.0 10.373 5.230
4980 75.0 10.364 5.233
4990 75.0 10.348 5.247
5000 75.0 10.328 5.251
5010 75.0 10.322 5.260
5000 76.0 15.024 3.889
5010 76.0 14.634 3.896
5020 76.0 14.244 3.904
5030 76.0 13.854 3.910
5040 76.0 13.600 3.903
5050 76.0 13.482 3.880
5060 76.0 13.363 3.858
5070 76.0 13.236 3.842
5080 76.0 13.238 3.844
5090 76.0 13.241 3.846
5100 76.0 13.241 3.843
5110 76.0 13.237 3.841
5120 76.0 13.231 3.847
5130 76.0 13.232 3.843
5140 76.0 13.232 3.845
5150 76.0 13.230 3.845
5160 76.0 13.225 3.844
5170 76.0 13.220 3.843
5180 76.0 13.219 3.840
5190 76.0 13.213 3.843
5030 77.0 14.917 7.485
5040 77.0 14.587 7.163
5050 77.0 14.270 6.855
5060 77.0 14.059 6.665
5070 77.0 13.849 6.476
5080 77.0 13.645 6.292
5090 77.0 13.471 6.128
5100 77.0 13.297 5.964
5110 77.0 13.302 5.962
5120 77.0 13.295 5.958
5130 77.0 13.289 5.957
5140 77.0 13.284 5.958
5150 77.0 13.285 5.960
5160 77.0 13.288 5.964
5170 77.0 13.283 5.965
5180 77.0 13.271 5.966
5190 77.0 13.269 5.963
5200 77.0 13.264 5.961
5210 77.0 13.256 5.972
5220 77.0 13.254 5.968
5040 78.0 15.144 7.370
5050 78.0 14.905 7.023
5060 78.0 14.666 6.676
5070 78.0 14.432 6.345
5080 78.0 14.209 6.037
5090 78.0 13.984 5.729
5100 78.0 13.742 5.462
5110 78.0 13.456 5.291
5120 78.0 13.457 5.298
5130 78.0 13.452 5.291
5140 78.0 13.448 5.279
5150 78.0 13.440 5.281
5160 78.0 13.442 5.288
5170 78.0 13.443 5.289
5180 78.0 13.434 5.291
5190 78.0 13.427 5.283
5200 78.0 13.433 5.288
5210 78.0 13.426 5.290
5220 78.0 13.414 5.300
5230 78.0 13.408 5.308
5060 79.0 0.183 3.930
5070 79.0 0.671 4.007
5080 79.0 1.160 4.084
5090 79.0 1.643 4.150
5100 79.0 2.074 4.126
5110 79.0 2.506 4.103
5120 79.0 2.937 4.079
5130 79.0 3.372 4.050
5140 79.0 3.386 4.041
5150 79.0 3.389 4.039
5160 79.0 3.385 4.038
5170 79.0 3.389 4.037
5180 79.0 3.392 4.034
5190 79.0 3.395 4.030
5200 79.0 3.402 4.035
5210 79.0 3.393 4.031
5220 79.0 3.387 4.026
5230 79.0 3.383 4.031
5240 79.0 3.378 4.025
5250 79.0 3.370 4.026
5090 80.0 0.003 3.856
5100 80.0 0.522 3.941
5110 80.0 1.040 4.026
5120 80.0 1.559 4.112
5130 80.0 2.050 4.163
5140 80.0 2.535 4.207
5150 80.0 3.020 4.250
5160 80.0 3.500 4.278
5170 80.0 3.510 4.280
5180 80.0 3.524 4.276
5190 80.0 3.526 4.261
5200 80.0 3.528 4.254
5210 80.0 3.528 4.244
5220 80.0 3.537 4.236
5230 80.0 3.537 4.231
5240 80.0 3.549 4.231
5250 80.0 3.550 4.226
5260 80.0 3.555 4.221
5270 80.0 3.562 4.211
5280 80.0 3.562 4.212
5090 81.0 15.168 6.987
5100 81.0 14.839 6.927
5110 81.0 14.510 6.867
5120 81.0 14.181 6.808
5130 81.0 13.906 6.744
5140 81.0 13.683 6.676
5150 81.0 13.461 6.608
5160 81.0 13.238 6.539
5170 81.0 13.247 6.546
5180 81.0 13.248 6.562
5190 81.0 13.246 6.565
5200 81.0 13.240 6.566
5210 81.0 13.250 6.570
5220 81.0 13.243 6.582
5230 81.0 13.244 6.588
5240 81.0 13.243 6.593
5250 81.0 13.243 6.603
5260 81.0 13.238 6.609
5270 81.0 13.233 6.619
5280 81.0 13.232 6.630
5100 82.0 15.069 6.110
5110 82.0 14.817 6.126
5120 82.0 14.564 6.141
5130 82.0 14.312 6.157
5140 82.0 14.077 6.028
5150 82.0 13.843 5.898
5160 82.0 13.608 5.769
5170 82.0 13.289 5.630
5180 82.0 13.286 5.633
5190 82.0 13.276 5.635
5200 82.0 13.281 5.642
5210 82.0 13.279 5.646
5220 82.0 13.269 5.647
5230 82.0 13.260 5.651
5240 82.0 13.256 5.657
5250 82.0 13.257 5.660
5260 82.0 13.251 5.660
5270 82.0 13.246 5.667
5280 82.0 13.246 5.674
5290 82.0 13.242 5.678
5130 83.0 0.147 6.730
5140 83.0 0.491 6.452
5150 83.0 0.835 6.173
5160 83.0 1.179 5.895
5170 83.0 1.575 5.790
5180 83.0 1.971 5.684
5190 83.0 2.367 5.579
5200 83.0 2.806 5.443
5210 83.0 2.807 5.438
5220 83.0 2.813 5.443
5230 83.0 2.801 5.446
5240 83.0 2.786 5.454
5250 83.0 2.765 5.466
5260 83.0 2.743 5.482
5270 83.0 2.741 5.486
5280 83.0 2.738 5.493
5290 83.0 2.732 5.507
5300 83.0 2.712 5.517
5310 83.0 2.707 5.527
5320 83.0 2.700 5.536
5150 84.0 0.189 5.799
5160 84.0 0.649 5.587
5170 84.0 1.109 5.375
5180 84.0 1.557 5.212
5190 84.0 1.978 5.162
5200 84.0 2.399 5.113
5210 84.0 2.831 5.000
5220 84.0 3.279 4.793
5230 84.0 3.286 4.796
5240 84.0 3.285 4.806
5250 84.0 3.281 4.813
5260 84.0 3.279 4.820
5270 84.0 3.271 4.838
5280 84.0 3.262 4.852
5290 84.0 3.249 4.864
5300 84.0 3.236 4.875
5310 84.0 3.220 4.888
5320 84.0 3.220 4.904
5330 84.0 3.213 4.917
5340 84.0 3.205 4.926
5120 85.0 0.341 2.907
5130 85.0 0.687 2.899
5140 85.0 1.033 2.890
5150 85.0 1.164 2.893
5160 85.0 1.203 2.900
5170 85.0 1.241 2.908
5180 85.0 1.280 2.915
5190 85.0 1.319 2.922
5200 85.0 1.322 2.916
5210 85.0 1.322 2.913
5220 85.0 1.319 2.907
5230 85.0 1.320 2.895
5240 85.0 1.323 2.892
5250 85.0 1.325 2.889
5260 85.0 1.320 2.888
5270 85.0 1.320 2.877
5280 85.0 1.322 2.870
5290 85.0 1.320 2.869
5300 85.0 1.327 2.862
5310 85.0 1.324 2.859
5290 86.0 0.414 3.612
5300 86.0 0.948 3.629
5310 86.0 1.481 3.646
5320 86.0 1.957 3.616
5330 86.0 2.408 3.565
5340 86.0 2.859 3.513
5350 86.0 3.329 3.469
5360 86.0 3.801 3.426
5370 86.0 3.799 3.420
5380 86.0 3.802 3.418
5390 86.0 3.800 3.416
5400 86.0 3.789 3.422
5410 86.0 3.773 3.429
5420 86.0 3.767 3.428
5430 86.0 3.760 3.428
5440 86.0 3.755 3.430
5450 86.0 3.737 3.431
5460 86.0 3.735 3.433
5470 86.0 3.733 3.436
5480 86.0 3.731 3.440
5320 87.0 0.441 3.751
5330 87.0 0.943 3.758
5340 87.0 1.445 3.766
5350 87.0 1.944 3.762
5360 87.0 2.437 3.740
5370 87.0 2.931 3.717
5380 87.0 3.410 3.678
5390 87.0 3.830 3.574
5400 87.0 3.828 3.570
5410 87.0 3.831 3.572
5420 87.0 3.820 3.571
5430 87.0 3.815 3.573
5440 87.0 3.797 3.578
5450 87.0 3.776 3.581
5460 87.0 3.779 3.589
5470 87.0 3.766 3.595
5480 87.0 3.760 3.595
5490 87.0 3.754 3.601
5500 87.0 3.754 3.604
5510 87.0 3.752 3.610
5320 88.0 0.517 4.335
5330 88.0 1.087 4.366
5340 88.0 1.657 4.397
5350 88.0 2.184 4.399
5360 88.0 2.646 4.360
5370 88.0 3.108 4.320
5380 88.0 3.570 4.280
5390 88.0 3.986 4.147
5400 88.0 3.981 4.147
5410 88.0 3.975 4.148
5420 88.0 3.969 4.151
5430 88.0 3.959 4.156
5440 88.0 3.946 4.155
5450 88.0 3.944 4.164
5460 88.0 3.943 4.166
5470 88.0 3.929 4.161
5480 88.0 3.923 4.165
5490 88.0 3.917 4.168
5500 88.0 3.914 4.172
5510 88.0 3.905 4.177
5320 89.0 14.920 6.824
5330 89.0 14.385 6.694
5340 89.0 13.850 6.565
5350 89.0 13.277 6.400
5360 89.0 12.693 6.227
5370 89.0 12.116 6.093
5380 89.0 11.542 5.986
5390 89.0 10.969 5.879
5400 89.0 10.971 5.876
5410 89.0 10.924 5.876
5420 89.0 10.918 5.877
5430 89.0 10.895 5.883
5440 89.0 10.893 5.896
5450 89.0 10.874 5.904
5460 89.0 10.870 5.922
5470 89.0 10.851 5.931
5480 89.0 10.845 5.936
5490 89.0 10.842 5.933
5500 89.0 10.836 5.929
5510 89.0 10.823 5.933
5340 90.0 12.081 12.386
5350 90.0 12.070 12.148
5360 90.0 12.060 11.909
5370 90.0 12.050 11.670
5380 90.0 12.040 11.432
5390 90.0 12.036 11.288
5400 90.0 12.033 11.155
5410 90.0 12.031 11.022
5420 90.0 12.033 11.017
5430 90.0 12.040 11.018
5440 90.0 12.040 11.024
5450 90.0 12.045 11.021
5460 90.0 12.047 11.020
5470 90.0 12.052 11.023
5480 90.0 12.056 11.031
5490 90.0 12.058 11.036
5500 90.0 12.056 11.034
5510 90.0 12.058 11.034
5520 90.0 12.061 11.036
5530 90.0 12.066 11.047
5370 91.0 15.050 4.230
5380 91.0 14.624 4.291
5390 91.0 14.197 4.352
5400 91.0 13.771 4.413
5410 91.0 13.345 4.475
5420 91.0 12.865 4.562
5430 91.0 12.372 4.656
5440 91.0 11.879 4.751
5450 91.0 11.879 4.751
5460 91.0 11.873 4.760
5470 91.0 11.874 4.772
5480 91.0 11.875 4.778
5490 91.0 11.881 4.782
5500 91.0 11.884 4.784
5510 91.0 11.892 4.778
5520 91.0 11.900 4.783
5530 91.0 11.901 4.778
5540 91.0 11.913 4.772
5550 91.0 11.920 4.770
5560 91.0 11.930 4.776
5370 92.0 15.148 3.094
5380 92.0 14.676 3.202
5390 92.0 14.204 3.311
5400 92.0 13.732 3.419
5410 92.0 13.268 3.505
5420 92.0 12.817 3.556
5430 92.0 12.366 3.607
5440 92.0 11.915 3.658
5450 92.0 11.920 3.674
5460 92.0 11.906 3.686
5470 92.0 11.909 3.687
5480 92.0 11.925 3.691
5490 92.0 11.930 3.679
5500 92.0 11.940 3.683
5510 92.0 11.951 3.671
5520 92.0 11.952 3.666
5530 92.0 11.966 3.665
5540 92.0 11.976 3.655
5550 92.0 11.996 3.648
5560 92.0 12.005 3.649
5380 93.0 15.006 3.842
5390 93.0 14.564 3.834
5400 93.0 14.121 3.826
5410 93.0 13.680 3.831
5420 93.0 13.253 3.953
5430 93.0 12.826 4.076
5440 93.0 12.400 4.199
5450 93.0 11.975 4.291
5460 93.0 11.974 4.300
5470 93.0 11.981 4.299
5480 93.0 11.995 4.299
5490 93.0 11.999 4.301
5500 93.0 12.011 4.301
5510 93.0 12.016 4.299
5520 93.0 12.019 4.298
5530 93.0 12.024 4.291
5540 93.0 12.049 4.293
5550 93.0 12.060 4.292
5560 93.0 12.070 4.289
5570 93.0 12.081 4.289
5410 94.0 14.920 3.331
5420 94.0 14.476 3.467
5430 94.0 14.033 3.604
5440 94.0 13.604 3.736
5450 94.0 13.210 3.859
5460 94.0 12.817 3.983
5470 94.0 12.420 4.099
5480 94.0 12.011 4.188
5490 94.0 12.011 4.192
5500 94.0 12.010 4.208
5510 94.0 12.005 4.214
5520 94.0 12.011 4.226
5530 94.0 12.006 4.232
5540 94.0 12.018 4.236
5550 94.0 12.019 4.249
5560 94.0 12.023 4.260
5570 94.0 12.045 4.262
5580 94.0 12.057 4.270
5590 94.0 12.072 4.276
5600 94.0 12.082 4.285
5420 95.0 14.768 4.157
5430 95.0 14.334 4.262
5440 95.0 13.900 4.366
5450 95.0 13.477 4.465
5460 95.0 13.079 4.551
5470 95.0 12.682 4.637
5480 95.0 12.284 4.724
5490 95.0 11.882 4.820
5500 95.0 11.883 4.822
5510 95.0 11.869 4.826
5520 95.0 11.865 4.817
5530 95.0 11.860 4.819
5540 95.0 11.857 4.821
5550 95.0 11.863 4.814
5560 95.0 11.870 4.804
5570 95.0 11.875 4.788
5580 95.0 11.882 4.781
5590 95.0 11.883 4.775
5600 95.0 11.893 4.764
5610 95.0 11.894 4.756
5430 96.0 0.316 2.630
5440 96.0 0.846 2.653
5450 96.0 1.375 2.676
5460 96.0 1.904 2.697
5470 96.0 2.425 2.697
5480 96.0 2.947 2.697
5490 96.0 3.468 2.697
5500 96.0 3.989 2.697
5510 96.0 3.991 2.701
5520 96.0 4.007 2.694
5530 96.0 4.020 2.683
5540 96.0 4.028 2.683
5550 96.0 4.040 2.681
5560 96.0 4.041 2.674
5570 96.0 4.052 2.677
5580 96.0 4.049 2.682
5590 96.0 4.049 2.688
5600 96.0 4.042 2.688
5610 96.0 4.054 2.685
5620 96.0 4.074 2.692
5430 97.0 0.316 3.580
5440 97.0 0.807 3.553
5450 97.0 1.298 3.527
5460 97.0 1.789 3.500
5470 97.0 2.273 3.479
5480 97.0 2.747 3.466
5490 97.0 3.220 3.453
5500 97.0 3.694 3.439
5510 97.0 3.688 3.436
5520 97.0 3.696 3.442
5530 97.0 3.694 3.448
5540 97.0 3.692 3.449
5550 97.0 3.688 3.452
5560 97.0 3.679 3.465
5570 97.0 3.667 3.474
5580 97.0 3.671 3.481
5590 97.0 3.669 3.481
5600 97.0 3.664 3.491
5610 97.0 3.658 3.494
5620 97.0 3.652 3.503
5710 98.0 14.964 2.530
5720 98.0 14.486 2.631
5730 98.0 14.008 2.732
5740 98.0 13.529 2.834
5750 98.0 13.062 2.860
5760 98.0 12.600 2.855
5770 98.0 12.138 2.850
5780 98.0 11.676 2.845
5790 98.0 11.674 2.858
5800 98.0 11.664 2.870
5810 98.0 11.665 2.877
5820 98.0 11.681 2.884
5830 98.0 11.690 2.892
5840 98.0 11.707 2.895
5850 98.0 11.725 2.901
5860 98.0 11.740 2.904
5870 98.0 11.759 2.903
5880 98.0 11.766 2.907
5890 98.0 11.788 2.909
5900 98.0 11.799 2.912
5860 99.0 0.479 5.797
5870 99.0 0.888 5.790
5880 99.0 1.297 5.783
5890 99.0 1.706 5.776
5900 99.0 2.105 5.744
5910 99.0 2.503 5.710
5920 99.0 2.901 5.675
5930 99.0 3.299 5.640
5940 99.0 3.293 5.638
5950 99.0 3.271 5.646
5960 99.0 3.260 5.653
5970 99.0 3.249 5.657
5980 99.0 3.237 5.653
5990 99.0 3.223 5.652
6000 99.0 3.211 5.650
6010 99.0 3.200 5.651
6020 99.0 3.185 5.651
6030 99.0 3.179 5.653
6040 99.0 3.182 5.659
6050 99.0 3.177 5.662
5860 100.0 0.262 4.935
5870 100.0 0.623 4.911
5880 100.0 0.985 4.886
5890 100.0 1.346 4.862
5900 100.0 1.733 4.833
5910 100.0 2.178 4.795
5920 100.0 2.623 4.757
5930 100.0 3.068 4.719
5940 100.0 3.053 4.726
5950 100.0 3.048 4.733
5960 100.0 3.044 4.742
5970 100.0 3.042 4.752
5980 100.0 3.037 4.748
5990 100.0 3.035 4.752
6000 100.0 3.030 4.758
6010 100.0 3.020 4.763
6020 100.0 3.017 4.769
6030 100.0 3.018 4.777
6040 100.0 3.010 4.780
6050 100.0 3.003 4.783
5920 101.0 14.562 3.954
5930 101.0 13.843 3.939
5940 101.0 13.123 3.923
5950 101.0 12.416 3.866
5960 101.0 11.730 3.747
5970 101.0 11.043 3.628
5980 101.0 10.356 3.508
5990 101.0 9.645 3.433
6000 101.0 9.638 3.451
6010 101.0 9.547 3.465
6020 101.0 9.489 3.471
6030 101.0 9.444 3.476
6040 101.0 9.416 3.483
6050 101.0 9.381 3.484
6060 101.0 9.312 3.495
6070 101.0 9.263 3.484
6080 101.0 9.198 3.480
6090 101.0 9.142 3.479
6100 101.0 9.046 3.480
6110 101.0 8.947 3.476
5980 102.0 14.685 3.531
5990 102.0 13.875 3.625
6000 102.0 13.065 3.720
6010 102.0 12.281 3.785
6020 102.0 11.597 3.739
6030 102.0 10.913 3.693
6040 102.0 10.229 3.646
6050 102.0 9.537 3.642
6060 102.0 9.522 3.648
6070 102.0 9.433 3.676
6080 102.0 9.366 3.692
6090 102.0 9.272 3.712
6100 102.0 9.216 3.714
6110 102.0 9.155 3.736
6120 102.0 9.077 3.759
6130 102.0 8.992 3.780
6140 102.0 8.897 3.795
6150 102.0 8.751 3.813
6160 102.0 8.593 3.819
6170 102.0 8.456 3.836
6070 103.0 0.132 7.060
6080 103.0 0.500 6.864
6090 103.0 0.868 6.668
6100 103.0 1.250 6.468
6110 103.0 1.749 6.236
6120 103.0 2.248 6.005
6130 103.0 2.747 5.773
6140 103.0 3.246 5.654
6150 103.0 3.237 5.645
6160 103.0 3.243 5.645
6170 103.0 3.250 5.646
6180 103.0 3.249 5.652
6190 103.0 3.240 5.652
6200 103.0 3.235 5.657
6210 103.0 3.230 5.660
6220 103.0 3.209 5.673
6230 103.0 3.202 5.685
6240 103.0 3.185 5.693
6250 103.0 3.167 5.697
6260 103.0 3.158 5.704
6070 104.0 0.363 8.044
6080 104.0 0.730 7.796
6090 104.0 1.096 7.549
6100 104.0 1.477 7.317
6110 104.0 1.916 7.149
6120 104.0 2.356 6.980
6130 104.0 2.795 6.812
6140 104.0 3.279 6.687
6150 104.0 3.275 6.682
6160 104.0 3.291 6.682
6170 104.0 3.285 6.685
6180 104.0 3.281 6.692
6190 104.0 3.279 6.703
6200 104.0 3.265 6.706
6210 104.0 3.266 6.711
6220 104.0 3.253 6.716
6230 104.0 3.244 6.718
6240 104.0 3.216 6.733
6250 104.0 3.202 6.738
6260 104.0 3.191 6.745
6130 105.0 15.153 4.063
6140 105.0 14.522 4.155
6150 105.0 13.891 4.246
6160 105.0 13.262 4.316
6170 105.0 12.641 4.297
6180 105.0 12.021 4.278
6190 105.0 11.400 4.259
6200 105.0 10.772 4.242
6210 105.0 10.757 4.261
6220 105.0 10.702 4.265
6230 105.0 10.671 4.278
6240 105.0 10.638 4.285
6250 105.0 10.628 4.297
6260 105.0 10.623 4.307
6270 105.0 10.609 4.305
6280 105.0 10.597 4.310
6290 105.0 10.600 4.302
6300 105.0 10.584 4.302
6310 105.0 10.573 4.308
6320 105.0 10.560 4.317
6140 106.0 14.785 3.214
6150 106.0 14.125 3.254
6160 106.0 13.466 3.294
6170 106.0 12.817 3.324
6180 106.0 12.186 3.341
6190 106.0 11.555 3.357
6200 106.0 10.923 3.374
6210 106.0 10.293 3.390
6220 106.0 10.297 3.389
6230 106.0 10.218 3.408
6240 106.0 10.178 3.421
6250 106.0 10.161 3.441
6260 106.0 10.148 3.444
6270 106.0 10.119 3.447
6280 106.0 10.106 3.468
6290 106.0 10.089 3.474
6300 106.0 10.076 3.490
6310 106.0 10.046 3.499
6320 106.0 10.053 3.502
6330 106.0 10.024 3.508
6280 107.0 0.142 2.481
6290 107.0 0.721 2.466
6300 107.0 1.300 2.451
6310 107.0 1.878 2.436
6320 107.0 2.412 2.452
6330 107.0 2.940 2.471
6340 107.0 3.468 2.491
6350 107.0 3.997 2.510
6360 107.0 4.006 2.512
6370 107.0 4.034 2.500
6380 107.0 4.052 2.494
6390 107.0 4.061 2.488
6400 107.0 4.073 2.478
6410 107.0 4.081 2.479
6420 107.0 4.081 2.488
6430 107.0 4.093 2.494
6440 107.0 4.096 2.491
6450 107.0 4.114 2.485
6460 107.0 4.130 2.491
6470 107.0 4.143 2.490
6290 108.0 0.223 3.078
6300 108.0 0.766 3.070
6310 108.0 1.309 3.062
6320 108.0 1.852 3.055
6330 108.0 2.406 3.089
6340 108.0 2.960 3.123
6350 108.0 3.514 3.157
6360 108.0 4.069 3.191
6370 108.0 4.079 3.179
6380 108.0 4.102 3.179
6390 108.0 4.113 3.170
6400 108.0 4.127 3.157
6410 108.0 4.127 3.157
6420 108.0 4.133 3.161
6430 108.0 4.151 3.153
6440 108.0 4.167 3.140
6450 108.0 4.179 3.137
6460 108.0 4.184 3.140
6470 108.0 4.188 3.142
6480 108.0 4.203 3.135
6400 109.0 0.448 3.413
6410 109.0 0.937 3.413
6420 109.0 1.426 3.413
6430 109.0 1.920 3.417
6440 109.0 2.425 3.431
6450 109.0 2.931 3.445
6460 109.0 3.436 3.459
6470 109.0 3.942 3.473
6480 109.0 3.946 3.471
6490 109.0 3.959 3.466
6500 109.0 3.964 3.460
6510 109.0 3.969 3.457
6520 109.0 3.979 3.456
6530 109.0 3.968 3.459
6540 109.0 3.966 3.458
6550 109.0 3.974 3.459
6560 109.0 3.973 3.459
6570 109.0 3.968 3.459
6580 109.0 3.975 3.460
6590 109.0 3.973 3.464
6400 110.0 0.399 2.562
6410 110.0 0.919 2.606
6420 110.0 1.440 2.650
6430 110.0 1.961 2.694
6440 110.0 2.475 2.724
6450 110.0 2.981 2.734
6460 110.0 3.487 2.743
6470 110.0 3.993 2.752
6480 110.0 4.001 2.744
6490 110.0 4.012 2.737
6500 110.0 4.014 2.720
6510 110.0 4.032 2.712
6520 110.0 4.052 2.711
6530 110.0 4.043 2.715
6540 110.0 4.047 2.718
6550 110.0 4.056 2.714
6560 110.0 4.054 2.712
6570 110.0 4.063 2.708
6580 110.0 4.079 2.705
6590 110.0 4.080 2.704
6480 111.0 14.943 5.274
6490 111.0 14.486 5.414
6500 111.0 14.029 5.554
6510 111.0 13.577 5.682
6520 111.0 13.176 5.705
6530 111.0 12.775 5.727
6540 111.0 12.373 5.750
6550 111.0 12.144 5.731
6560 111.0 12.137 5.730
6570 111.0 12.135 5.719
6580 111.0 12.128 5.728
6590 111.0 12.140 5.727
6600 111.0 12.160 5.717
6610 111.0 12.178 5.714
6620 111.0 12.186 5.712
6630 111.0 12.190 5.713
6640 111.0 12.205 5.701
6650 111.0 12.220 5.694
6660 111.0 12.229 5.694
6670 111.0 12.240 5.689
6510 112.0 14.877 4.441
6520 112.0 14.449 4.624
6530 112.0 14.021 4.807
6540 112.0 13.558 4.905
6550 112.0 13.041 4.876
6560 112.0 12.525 4.847
6570 112.0 12.013 4.817
6580 112.0 11.549 4.781
6590 112.0 11.559 4.787
6600 112.0 11.551 4.794
6610 112.0 11.552 4.797
6620 112.0 11.555 4.799
6630 112.0 11.571 4.800
6640 112.0 11.585 4.799
6650 112.0 11.591 4.800
6660 112.0 11.606 4.809
6670 112.0 11.622 4.813
6680 112.0 11.629 4.815
6690 112.0 11.633 4.821
6700 112.0 11.640 4.821
6520 113.0 15.009 5.192
6530 113.0 14.615 5.323
6540 113.0 14.221 5.454
6550 113.0 13.828 5.585
6560 113.0 13.386 5.569
6570 113.0 12.944 5.553
6580 113.0 12.502 5.537
6590 113.0 11.968 5.494
6600 113.0 11.981 5.499
6610 113.0 11.975 5.499
6620 113.0 11.989 5.502
6630 113.0 11.996 5.503
6640 113.0 12.008 5.507
6650 113.0 12.015 5.508
6660 113.0 12.023 5.509
6670 113.0 12.045 5.509
6680 113.0 12.055 5.504
6690 113.0 12.064 5.509
6700 113.0 12.070 5.509
6710 113.0 12.085 5.502
6530 114.0 0.316 6.229
6540 114.0 0.751 6.180
6550 114.0 1.187 6.130
6560 114.0 1.624 6.082
6570 114.0 2.079 6.050
6580 114.0 2.534 6.018
6590 114.0 2.989 5.986
6600 114.0 3.445 5.966
6610 114.0 3.445 5.972
6620 114.0 3.439 5.980
6630 114.0 3.424 5.991
6640 114.0 3.419 5.995
6650 114.0 3.413 5.988
6660 114.0 3.404 5.998
6670 114.0 3.396 6.005
6680 114.0 3.379 6.001
6690 114.0 3.369 6.011
6700 114.0 3.361 6.020
6710 114.0 3.348 6.022
6720 114.0 3.337 6.030
6530 115.0 0.210 6.945
6540 115.0 0.760 6.924
6550 115.0 1.308 6.903
6560 115.0 1.827 6.864
6570 115.0 2.332 6.816
6580 115.0 2.837 6.768
6590 115.0 3.293 6.749
6600 115.0 3.726 6.741
6610 115.0 3.725 6.738
6620 115.0 3.725 6.746
6630 115.0 3.721 6.753
6640 115.0 3.706 6.756
6650 115.0 3.700 6.764
6660 115.0 3.702 6.764
6670 115.0 3.702 6.769
6680 115.0 3.694 6.776
6690 115.0 3.695 6.786
6700 115.0 3.675 6.798
6710 115.0 3.682 6.805
6720 115.0 3.685 6.805
6530 116.0 0.274 3.675
6540 116.0 0.695 3.729
6550 116.0 1.115 3.783
6560 116.0 1.536 3.836
6570 116.0 1.957 3.890
6580 116.0 2.384 3.965
6590 116.0 2.811 4.040
6600 116.0 3.238 4.115
6610 116.0 3.243 4.106
6620 116.0 3.242 4.111
6630 116.0 3.244 4.102
6640 116.0 3.241 4.102
6650 116.0 3.221 4.100
6660 116.0 3.211 4.097
6670 116.0 3.206 4.094
6680 116.0 3.198 4.088
6690 116.0 3.198 4.088
6700 116.0 3.201 4.090
6710 116.0 3.193 4.090
6720 116.0 3.191 4.088
6600 117.0 0.527 4.677
6610 117.0 0.953 4.671
6620 117.0 1.379 4.665
6630 117.0 1.805 4.659
6640 117.0 2.234 4.649
6650 117.0 2.687 4.600
6660 117.0 3.141 4.551
6670 117.0 3.594 4.502
6680 117.0 3.596 4.500
6690 117.0 3.580 4.501
6700 117.0 3.572 4.502
6710 117.0 3.564 4.502
6720 117.0 3.546 4.504
6730 117.0 3.540 4.506
6740 117.0 3.530 4.506
6750 117.0 3.526 4.510
6760 117.0 3.510 4.514
6770 117.0 3.500 4.519
6780 117.0 3.487 4.522
6790 117.0 3.479 4.519
6610 118.0 0.556 3.836
6620 118.0 0.996 3.871
6630 118.0 1.436 3.906
6640 118.0 1.878 3.933
6650 118.0 2.345 3.887
6660 118.0 2.812 3.840
6670 118.0 3.279 3.793
6680 118.0 3.746 3.747
6690 118.0 3.745 3.747
6700 118.0 3.743 3.749
6710 118.0 3.734 3.761
6720 118.0 3.722 3.763
6730 118.0 3.716 3.763
6740 118.0 3.708 3.760
6750 118.0 3.707 3.759
6760 118.0 3.700 3.766
6770 118.0 3.690 3.779
6780 118.0 3.683 3.783
6790 118.0 3.674 3.792
6800 118.0 3.666 3.794
6770 119.0 14.987 3.722
6780 119.0 14.372 3.713
6790 119.0 13.758 3.703
6800 119.0 13.162 3.536
6810 119.0 12.578 3.265
6820 119.0 12.021 3.051
6830 119.0 11.505 2.920
6840 119.0 10.971 2.808
6850 119.0 10.965 2.812
6860 119.0 10.922 2.816
6870 119.0 10.887 2.812
6880 119.0 10.881 2.822
6890 119.0 10.870 2.828
6900 119.0 10.850 2.841
6910 119.0 10.847 2.848
6920 119.0 10.846 2.854
6930 119.0 10.832 2.861
6940 119.0 10.820 2.867
6950 119.0 10.814 2.878
6960 119.0 10.815 2.885
6810 120.0 0.708 3.954
6820 120.0 0.965 4.006
6830 120.0 1.221 4.058
6840 120.0 1.496 4.106
6850 120.0 1.930 4.113
6860 120.0 2.365 4.121
6870 120.0 2.799 4.129
6880 120.0 3.220 4.141
6890 120.0 3.214 4.129
6900 120.0 3.210 4.127
6910 120.0 3.199 4.118
6920 120.0 3.192 4.105
6930 120.0 3.183 4.104
6940 120.0 3.169 4.099
6950 120.0 3.165 4.101
6960 120.0 3.156 4.101
6970 120.0 3.150 4.096
6980 120.0 3.145 4.094
6990 120.0 3.131 4.093
7000 120.0 3.119 4.093
6810 121.0 0.160 3.225
6820 121.0 0.548 3.217
6830 121.0 0.937 3.210
6840 121.0 1.325 3.203
6850 121.0 1.762 3.196
6860 121.0 2.275 3.189
6870 121.0 2.788 3.183
6880 121.0 3.301 3.177
6890 121.0 3.304 3.173
6900 121.0 3.297 3.167
6910 121.0 3.301 3.172
6920 121.0 3.294 3.170
6930 121.0 3.285 3.175
6940 121.0 3.286 3.177
6950 121.0 3.276 3.172
6960 121.0 3.264 3.171
6970 121.0 3.259 3.169
6980 121.0 3.259 3.164
6990 121.0 3.253 3.168
7000 121.0 3.244 3.173
6980 122.0 0.232 3.174
6990 122.0 0.737 3.346
7000 122.0 1.242 3.518
7010 122.0 1.743 3.671
7020 122.0 2.241 3.807
7030 122.0 2.740 3.942
7040 122.0 3.241 4.049
7050 122.0 3.744 4.129
7060 122.0 3.736 4.129
7070 122.0 3.737 4.141
7080 122.0 3.733 4.148
7090 122.0 3.723 4.143
7100 122.0 3.715 4.140
7110 122.0 3.708 4.141
7120 122.0 3.695 4.144
7130 122.0 3.686 4.153
7140 122.0 3.678 4.145
7150 122.0 3.664 4.144
7160 122.0 3.661 4.146
7170 122.0 3.666 4.148
6980 123.0 -0.050 4.267
6990 123.0 0.496 4.399
7000 123.0 1.041 4.532
7010 123.0 1.587 4.664
7020 123.0 2.103 4.749
7030 123.0 2.615 4.829
7040 123.0 3.127 4.909
7050 123.0 3.660 4.984
7060 123.0 3.667 4.979
7070 123.0 3.685 4.979
7080 123.0 3.707 4.962
7090 123.0 3.721 4.955
7100 123.0 3.730 4.943
7110 123.0 3.737 4.943
7120 123.0 3.748 4.928
7130 123.0 3.760 4.916
7140 123.0 3.758 4.917
7150 123.0 3.770 4.912
7160 123.0 3.785 4.911
7170 123.0 3.784 4.904
7010 124.0 0.404 3.908
7020 124.0 0.908 3.965
7030 124.0 1.411 4.023
7040 124.0 1.915 4.081
7050 124.0 2.422 4.204
7060 124.0 2.930 4.326
7070 124.0 3.437 4.448
7080 124.0 3.949 4.566
7090 124.0 3.955 4.562
7100 124.0 3.953 4.572
7110 124.0 3.956 4.571
7120 124.0 3.958 4.555
7130 124.0 3.972 4.546
7140 124.0 3.975 4.538
7150 124.0 3.968 4.529
7160 124.0 3.969 4.522
7170 124.0 3.963 4.529
7180 124.0 3.976 4.524
7190 124.0 3.971 4.515
7200 124.0 3.973 4.517
7010 125.0 0.149 3.286
7020 125.0 0.705 3.311
7030 125.0 1.261 3.337
7040 125.0 1.818 3.362
7050 125.0 2.347 3.477
7060 125.0 2.873 3.602
7070 125.0 3.399 3.727
7080 125.0 3.925 3.852
7090 125.0 3.923 3.856
7100 125.0 3.941 3.854
7110 125.0 3.953 3.845
7120 125.0 3.960 3.837
7130 125.0 3.965 3.834
7140 125.0 3.974 3.827
7150 125.0 3.985 3.828
7160 125.0 3.999 3.827
7170 125.0 4.005 3.831
7180 125.0 4.023 3.827
7190 125.0 4.031 3.815
7200 125.0 4.047 3.820
7300 126.0 14.989 5.582
7310 126.0 14.695 5.590
7320 126.0 14.400 5.598
7330 126.0 14.105 5.606
7340 126.0 13.802 5.609
7350 126.0 13.495 5.609
7360 126.0 13.188 5.609
7370 126.0 12.880 5.609
7380 126.0 12.889 5.609
7390 126.0 12.893 5.599
7400 126.0 12.890 5.608
7410 126.0 12.894 5.607
7420 126.0 12.891 5.608
7430 126.0 12.883 5.613
7440 126.0 12.881 5.613
7450 126.0 12.879 5.610
7460 126.0 12.877 5.611
7470 126.0 12.877 5.615
7480 126.0 12.869 5.614
7490 126.0 12.868 5.616
7330 127.0 14.770 3.062
7340 127.0 14.326 3.214
7350 127.0 13.881 3.367
7360 127.0 13.437 3.519
7370 127.0 12.994 3.554
7380 127.0 12.551 3.511
7390 127.0 12.109 3.468
7400 127.0 11.666 3.426
7410 127.0 11.667 3.432
7420 127.0 11.665 3.438
7430 127.0 11.670 3.445
7440 127.0 11.676 3.448
7450 127.0 11.683 3.459
7460 127.0 11.691 3.458
7470 127.0 11.697 3.465
7480 127.0 11.701 3.461
7490 127.0 11.715 3.466
7500 127.0 11.738 3.465
7510 127.0 11.755 3.461
7520 127.0 11.767 3.464
7340 128.0 14.671 4.590
7350 128.0 14.306 4.551
7360 128.0 13.941 4.511
7370 128.0 13.548 4.480
7380 128.0 13.112 4.462
7390 128.0 12.675 4.445
7400 128.0 12.239 4.427
7410 128.0 11.804 4.403
7420 128.0 11.807 4.407
7430 128.0 11.807 4.405
7440 128.0 11.808 4.411
7450 128.0 11.813 4.420
7460 128.0 11.822 4.425
7470 128.0 11.840 4.422
7480 128.0 11.850 4.429
7490 128.0 11.852 4.426
7500 128.0 11.868 4.428
7510 128.0 11.871 4.430
7520 128.0 11.882 4.431
7530 128.0 11.889 4.430
7330 129.0 14.998 5.396
7340 129.0 14.651 5.331
7350 129.0 14.304 5.267
7360 129.0 13.957 5.202
7370 129.0 13.610 5.138
7380 129.0 13.157 5.131
7390 129.0 12.691 5.131
7400 129.0 12.227 5.131
7410 129.0 12.229 5.140
7420 129.0 12.214 5.142
7430 129.0 12.215 5.150
7440 129.0 12.220 5.152
7450 129.0 12.223 5.159
7460 129.0 12.231 5.165
7470 129.0 12.238 5.169
7480 129.0 12.239 5.170
7490 129.0 12.248 5.172
7500 129.0 12.248 5.182
7510 129.0 12.261 5.181
7520 129.0 12.264 5.187
7360 130.0 14.922 4.177
7370 130.0 14.444 4.009
7380 130.0 13.966 3.841
7390 130.0 13.488 3.673
7400 130.0 12.996 3.528
7410 130.0 12.470 3.435
7420 130.0 11.944 3.343
7430 130.0 11.418 3.250
7440 130.0 11.415 3.250
7450 130.0 11.392 3.253
7460 130.0 11.374 3.260
7470 130.0 11.370 3.270
7480 130.0 11.368 3.273
7490 130.0 11.365 3.281
7500 130.0 11.361 3.289
7510 130.0 11.350 3.290
7520 130.0 11.341 3.295
7530 130.0 11.345 3.299
7540 130.0 11.344 3.307
7550 130.0 11.331 3.318
7500 131.0 15.006 4.224
7510 131.0 14.480 4.296
7520 131.0 13.954 4.367
7530 131.0 13.428 4.439
7540 131.0 12.852 4.474
7550 131.0 12.276 4.509
7560 131.0 11.701 4.544
7570 131.0 11.186 4.582
7580 131.0 11.178 4.585
7590 131.0 11.147 4.588
7600 131.0 11.133 4.599
7610 131.0 11.137 4.609
7620 131.0 11.147 4.618
7630 131.0 11.147 4.626
7640 131.0 11.147 4.630
7650 131.0 11.145 4.646
7660 131.0 11.144 4.650
7670 131.0 11.160 4.652
7680 131.0 11.169 4.660
7690 131.0 11.173 4.667
7630 132.0 0.081 3.313
7640 132.0 0.583 3.327
7650 132.0 1.084 3.341
7660 132.0 1.585 3.355
7670 132.0 2.103 3.374
7680 132.0 2.659 3.402
7690 132.0 3.214 3.431
7700 132.0 3.770 3.460
7710 132.0 3.772 3.462
7720 132.0 3.789 3.463
7730 132.0 3.803 3.463
7740 132.0 3.802 3.463
7750 132.0 3.803 3.462
7760 132.0 3.821 3.455
7770 132.0 3.831 3.455
7780 132.0 3.836 3.451
7790 132.0 3.833 3.449
7800 132.0 3.840 3.446
7810 132.0 3.843 3.439
7820 132.0 3.852 3.437
7670 133.0 15.131 4.621
7680 133.0 14.644 4.651
7690 133.0 14.158 4.681
7700 133.0 13.671 4.710
7710 133.0 13.181 4.691
7720 133.0 12.688 4.623
7730 133.0 12.195 4.555
7740 133.0 11.702 4.487
7750 133.0 11.714 4.487
7760 133.0 11.701 4.484
7770 133.0 11.702 4.486
7780 133.0 11.720 4.486
7790 133.0 11.737 4.484
7800 133.0 11.752 4.480
7810 133.0 11.773 4.479
7820 133.0 11.785 4.482
7830 133.0 11.799 4.475
7840 133.0 11.801 4.482
7850 133.0 11.817 4.485
7860 133.0 11.830 4.488
7700 134.0 14.932 3.519
7710 134.0 14.354 3.571
7720 134.0 13.775 3.623
7730 134.0 13.196 3.675
7740 134.0 12.713 3.731
7750 134.0 12.231 3.788
7760 134.0 11.748 3.844
7770 134.0 11.235 3.894
7780 134.0 11.242 3.900
7790 134.0 11.225 3.917
7800 134.0 11.217 3.933
7810 134.0 11.212 3.951
7820 134.0 11.205 3.965
7830 134.0 11.211 3.965
7840 134.0 11.226 3.981
7850 134.0 11.232 3.991
7860 134.0 11.249 3.998
7870 134.0 11.263 4.004
7880 134.0 11.267 4.009
7890 134.0 11.275 4.013
7760 135.0 0.141 2.857
7770 135.0 0.489 2.893
7780 135.0 0.837 2.930
7790 135.0 1.185 2.967
7800 135.0 1.533 3.004
7810 135.0 1.881 3.040
7820 135.0 2.273 3.062
7830 135.0 2.694 3.073
7840 135.0 2.692 3.059
7850 135.0 2.688 3.051
7860 135.0 2.684 3.043
7870 135.0 2.679 3.045
7880 135.0 2.673 3.037
7890 135.0 2.676 3.029
7900 135.0 2.670 3.028
7910 135.0 2.661 3.030
7920 135.0 2.649 3.032
7930 135.0 2.647 3.033
7940 135.0 2.635 3.036
7950 135.0 2.624 3.031
7770 136.0 -0.049 3.810
7780 136.0 0.390 3.831
7790 136.0 0.829 3.851
7800 136.0 1.268 3.872
7810 136.0 1.704 3.891
7820 136.0 2.111 3.901
7830 136.0 2.519 3.911
7840 136.0 2.927 3.921
7850 136.0 2.934 3.906
7860 136.0 2.930 3.912
7870 136.0 2.929 3.907
7880 136.0 2.930 3.911
7890 136.0 2.927 3.909
7900 136.0 2.930 3.908
7910 136.0 2.925 3.910
7920 136.0 2.923 3.914
7930 136.0 2.931 3.914
7940 136.0 2.927 3.913
7950 136.0 2.932 3.914
7960 136.0 2.926 3.912
8360 139.0 0.245 3.588
8370 139.0 0.796 3.672
8380 139.0 1.348 3.756
8390 139.0 1.900 3.840
8400 139.0 2.447 3.897
8410 139.0 2.989 3.914
8420 139.0 3.530 3.931
8430 139.0 4.071 3.948
8440 139.0 4.067 3.945
8450 139.0 4.087 3.942
8460 139.0 4.103 3.928
8470 139.0 4.111 3.914
8480 139.0 4.127 3.907
8490 139.0 4.130 3.910
8500 139.0 4.143 3.902
8510 139.0 4.153 3.894
8520 139.0 4.154 3.891
8530 139.0 4.159 3.897
8540 139.0 4.165 3.893
8550 139.0 4.166 3.888
8400 140.0 15.225 6.579
8410 140.0 14.637 6.447
8420 140.0 14.049 6.315
8430 140.0 13.461 6.184
8440 140.0 12.850 6.065
8450 140.0 12.233 5.950
8460 140.0 11.616 5.835
8470 140.0 11.009 5.720
8480 140.0 10.991 5.720
8490 140.0 10.928 5.727
8500 140.0 10.899 5.729
8510 140.0 10.879 5.734
8520 140.0 10.890 5.741
8530 140.0 10.869 5.749
8540 140.0 10.854 5.754
8550 140.0 10.849 5.768
8560 140.0 10.838 5.769
8570 140.0 10.841 5.775
8580 140.0 10.830 5.782
8590 140.0 10.826 5.784
8580 141.0 7.183 -0.375
8590 141.0 6.941 0.305
8600 141.0 6.699 0.986
8610 141.0 6.367 1.865
8620 141.0 6.013 2.795
8630 141.0 5.732 3.166
8640 141.0 5.459 3.476
8650 141.0 5.235 3.767
8660 141.0 5.205 3.797
8670 141.0 5.198 3.867
8680 141.0 5.174 3.966
8690 141.0 5.129 4.097
8700 141.0 5.109 4.188
8710 141.0 5.102 4.242
8720 141.0 5.088 4.288
8730 141.0 5.070 4.367
8740 141.0 5.029 4.461
8750 141.0 4.968 4.619
8760 141.0 4.866 4.792
8770 141.0 4.795 4.857
8600 142.0 7.726 -0.290
8610 142.0 7.610 -0.035
8620 142.0 7.494 0.221
8630 142.0 7.378 0.476
8640 142.0 7.053 0.856
8650 142.0 6.705 1.251
8660 142.0 6.351 1.642
8670 142.0 5.985 2.021
8680 142.0 5.992 2.016
8690 142.0 5.993 2.037
8700 142.0 5.989 2.048
8710 142.0 6.001 2.049
8720 142.0 6.011 2.048
8730 142.0 6.027 2.033
8740 142.0 6.041 2.029
8750 142.0 6.049 2.033
8760 142.0 6.067 2.017
8770 142.0 6.089 1.996
8780 142.0 6.109 1.981
8790 142.0 6.117 1.974
8620 143.0 15.186 4.796
8630 143.0 14.727 4.959
8640 143.0 14.268 5.121
8650 143.0 13.799 5.223
8660 143.0 13.319 5.265
8670 143.0 12.840 5.306
8680 143.0 12.371 5.242
8690 143.0 11.908 5.108
8700 143.0 11.911 5.123
8710 143.0 11.902 5.134
8720 143.0 11.906 5.134
8730 143.0 11.916 5.137
8740 143.0 11.925 5.138
8750 143.0 11.934 5.141
8760 143.0 11.941 5.144
8770 143.0 11.951 5.155
8780 143.0 11.951 5.152
8790 143.0 11.976 5.159
8800 143.0 11.980 5.161
8810 143.0 11.988 5.166
8650 144.0 14.926 4.597
8660 144.0 14.527 4.671
8670 144.0 14.128 4.745
8680 144.0 13.707 4.792
8690 144.0 13.235 4.776
8700 144.0 12.764 4.759
8710 144.0 12.327 4.733
8720 144.0 11.942 4.692
8730 144.0 11.944 4.700
8740 144.0 11.947 4.711
8750 144.0 11.963 4.716
8760 144.0 11.976 4.719
8770 144.0 11.997 4.726
8780 144.0 12.005 4.727
8790 144.0 12.020 4.733
8800 144.0 12.032 4.733
8810 144.0 12.044 4.732
8820 144.0 12.058 4.735
8830 144.0 12.068 4.739
8840 144.0 12.071 4.740
8660 145.0 14.863 2.381
8670 145.0 14.247 2.440
8680 145.0 13.631 2.500
8690 145.0 13.021 2.524
8700 145.0 12.417 2.511
8710 145.0 11.813 2.498
8720 145.0 11.210 2.486
8730 145.0 10.603 2.511
8740 145.0 10.599 2.519
8750 145.0 10.543 2.533
8760 145.0 10.519 2.550
8770 145.0 10.505 2.554
8780 145.0 10.487 2.563
8790 145.0 10.460 2.570
8800 145.0 10.448 2.577
8810 145.0 10.440 2.579
8820 145.0 10.436 2.581
8830 145.0 10.426 2.576
8840 145.0 10.430 2.582
8850 145.0 10.431 2.582
8660 146.0 15.027 3.150
8670 146.0 14.444 3.194
8680 146.0 13.860 3.237
8690 146.0 13.233 3.289
8700 146.0 12.596 3.344
8710 146.0 11.959 3.399
8720 146.0 11.324 3.447
8730 146.0 10.698 3.482
8740 146.0 10.696 3.491
8750 146.0 10.649 3.510
8760 146.0 10.642 3.519
8770 146.0 10.629 3.538
8780 146.0 10.642 3.543
8790 146.0 10.639 3.545
8800 146.0 10.646 3.544
8810 146.0 10.640 3.556
8820 146.0 10.634 3.568
8830 146.0 10.637 3.580
8840 146.0 10.634 3.583
8850 146.0 10.625 3.587
8660 147.0 15.060 5.432
8670 147.0 14.519 5.523
8680 147.0 13.978 5.614
8690 147.0 13.527 5.673
8700 147.0 13.099 5.724
8710 147.0 12.670 5.776
8720 147.0 12.207 5.744
8730 147.0 11.744 5.712
8740 147.0 11.749 5.724
8750 147.0 11.737 5.740
8760 147.0 11.751 5.748
8770 147.0 11.762 5.756
8780 147.0 11.774 5.756
8790 147.0 11.778 5.758
8800 147.0 11.805 5.760
8810 147.0 11.820 5.761
8820 147.0 11.826 5.768
8830 147.0 11.824 5.778
8840 147.0 11.836 5.780
8850 147.0 11.853 5.781
