800 2 13.64 5.8
810 2 12.09 5.75
820 2 11.37 5.8
830 2 10.31 5.97
840 2 9.57 6.24
850 2 8.73 6.34
860 2 7.94 6.5
870 2 7.17 6.62
880 2 6.47 6.68
890 2 5.86 6.82
900 2 5.24 6.98
910 2 4.87 7.16
920 2 4.51 7.58
930 2 4.2 7.3
940 2 3.95 7.71
950 2 3.47 7.86
960 2 2.82 8.0
970 2 2.01 8.0
980 2 1.28 7.82
990 2 0.54 7.4
830 3 12.49 6.6
840 3 11.94 6.77
850 3 11.03 6.84
860 3 10.21 6.81
870 3 9.36 6.85
880 3 8.59 6.85
890 3 7.78 6.84
900 3 6.96 6.84
910 3 6.29 7.0
920 3 5.62 7.1
930 3 5.06 7.04
940 3 4.69 7.0
950 3 4.35 7.01
960 3 3.76 6.99
970 3 3.19 6.89
980 3 2.62 7.13
990 3 1.78 7.15
1000 3 1.01 6.96
1010 3 0.07 6.91
1020 3 -0.72 6.66
1050 11 12.51 6.19
1060 11 11.54 6.03
1070 11 10.96 5.97
1080 11 10.29 6.12
1090 11 9.88 6.21
1100 11 9.54 6.09
1110 11 8.87 5.99
1120 11 8.04 5.66
1130 11 7.17 5.45
1140 11 6.43 5.23
1150 11 5.67 5.16
1160 11 4.94 4.95
1170 11 4.26 4.71
1180 11 3.54 4.54
1190 11 2.82 4.35
1200 11 2.16 4.19
1210 11 1.39 3.97
1220 11 0.71 3.72
1230 11 0.01 3.41
1240 11 -0.63 3.08
1050 12 12.09 6.95
1060 12 11.4 6.93
1070 12 10.7 6.87
1080 12 10.07 6.73
1090 12 9.45 6.51
1100 12 8.9 6.33
1110 12 8.21 6.23
1120 12 7.49 6.06
1130 12 6.73 5.97
1140 12 5.98 5.8
1150 12 5.21 5.74
1160 12 4.45 5.61
1170 12 3.76 5.6
1180 12 3.03 5.39
1190 12 2.28 5.24
1200 12 1.57 5.06
1210 12 0.83 4.87
1220 12 0.11 4.68
1230 12 -0.65 4.3
1240 12 -1.48 3.9
2860 51 7.05 8.44
2870 51 7.05 8.44
2880 51 7.05 8.44
2890 51 7.05 8.44
2900 51 7.05 8.44
2910 51 7.05 8.44
2920 51 7.05 8.44
2930 51 7.05 8.44
2940 51 7.05 8.44
2950 51 7.05 8.44
2960 51 7.05 8.44
2970 51 7.05 8.44
2980 51 7.05 8.44
2990 51 7.05 8.44
3000 51 7.05 8.44
3010 51 6.93 8.26
3020 51 6.87 8.09
3030 51 7.02 7.91
3040 51 7.07 7.78
3050 51 7.1 7.82
2860 52 8.09 8.84
2870 52 8.09 8.84
2880 52 8.09 8.84
2890 52 8.09 8.84
2900 52 8.09 8.84
2910 52 8.09 8.84
2920 52 8.09 8.84
2930 52 8.09 8.84
2940 52 8.09 8.84
2950 52 8.09 8.84
2960 52 8.09 8.84
2970 52 8.09 8.84
2980 52 8.09 8.84
2990 52 8.09 8.84
3000 52 8.09 8.84
3010 52 8.09 8.84
3020 52 8.09 8.84
3030 52 8.09 8.84
3040 52 8.09 8.84
3050 52 8.09 8.84
2860 56 12.32 3.35
2870 56 12.42 3.22
2880 56 12.49 3.21
2890 56 12.65 3.36
2900 56 12.79 3.45
2910 56 12.79 3.47
2920 56 12.79 3.38
2930 56 12.78 3.16
2940 56 12.78 3.08
2950 56 12.78 3.08
2960 56 12.78 3.08
2970 56 12.78 3.08
2980 56 12.78 3.08
2990 56 12.78 3.15
3000 56 12.82 3.24
3010 56 12.82 3.24
3020 56 12.82 3.24
3030 56 12.82 3.2
3040 56 12.82 3.11
3050 56 12.82 3.01
4330 79 -3.78 5.15
4340 79 -3.09 5.12
4350 79 -2.34 5.19
4360 79 -1.61 5.17
4370 79 -0.84 5.31
4380 79 -0.13 5.27
4390 79 0.61 5.36
4400 79 1.38 5.43
4410 79 2.19 5.68
4420 79 2.94 5.83
4430 79 3.73 5.95
4440 79 4.53 6.04
4450 79 5.37 6.03
4460 79 6.19 6.0
4470 79 7.09 6.0
4480 79 7.95 5.99
4490 79 8.8 6.04
4500 79 9.68 6.04
4510 79 10.51 5.99
4520 79 11.33 5.98
6420 126 -5.19 6.38
6430 126 -4.3 6.5
6440 126 -3.36 6.56
6450 126 -2.42 6.51
6460 126 -1.39 6.39
6470 126 -0.56 6.38
6480 126 0.26 6.18
6490 126 1.27 6.02
6500 126 2.25 5.84
6510 126 3.14 5.65
6520 126 4.08 5.47
6530 126 5.0 5.31
6540 126 5.9 5.29
6550 126 6.75 5.23
6560 126 7.65 5.14
6570 126 8.49 5.03
6580 126 9.31 4.97
6590 126 10.08 5.01
6600 126 10.86 4.96
6610 126 11.57 4.74
6420 127 -5.45 7.31
6430 127 -4.56 7.42
6440 127 -3.66 7.48
6450 127 -2.72 7.42
6460 127 -1.59 7.31
6470 127 -0.59 7.22
6480 127 0.36 7.14
6490 127 1.32 7.05
6500 127 2.28 6.9
6510 127 3.16 6.66
6520 127 4.1 6.43
6530 127 5.01 6.31
6540 127 5.92 6.23
6550 127 6.84 6.22
6560 127 7.72 6.19
6570 127 8.67 6.17
6580 127 9.53 6.23
6590 127 10.39 6.23
6600 127 11.2 6.25
6610 127 12.02 6.08
8120 171 -0.68 8.4
8130 171 -0.71 8.35
8140 171 -0.91 8.42
8150 171 -1.08 8.47
8160 171 -1.24 8.36
8170 171 -1.53 8.27
8180 171 -1.87 8.41
8190 171 -1.91 8.44
8200 171 -2.31 8.41
8210 171 -2.66 8.63
8220 171 -2.66 8.63
8230 171 -2.66 8.63
8240 171 -2.66 8.63
8250 171 -2.69 8.56
8260 171 -2.69 8.52
8270 171 -2.39 8.73
8280 171 -2.1 8.77
8290 171 -1.72 8.74
8300 171 -1.55 8.62
8310 171 -1.52 8.59
8890 195 12.71 4.95
8900 195 11.82 4.59
8910 195 10.96 4.34
8920 195 9.86 4.25
8930 195 9.11 4.13
8940 195 8.16 3.99
8950 195 7.27 3.93
8960 195 6.39 3.81
8970 195 5.51 3.66
8980 195 4.64 3.51
8990 195 3.69 3.38
9000 195 2.82 3.19
9010 195 1.98 2.77
9020 195 1.2 2.43
9030 195 0.29 2.04
9040 195 -0.52 1.69
9050 195 -1.13 1.29
9060 195 -2.0 0.59
9070 195 -2.64 0.11
9080 195 -3.5 -0.44
8900 196 13.43 5.21
8910 196 12.66 5.11
8920 196 11.82 4.85
8930 196 10.98 4.75
8940 196 10.18 4.55
8950 196 9.41 4.41
8960 196 8.72 4.26
8970 196 7.99 4.03
8980 196 7.2 3.96
8990 196 6.39 3.77
9000 196 5.5 3.53
9010 196 4.65 3.36
9020 196 3.73 3.12
9030 196 2.76 2.95
9040 196 1.92 2.82
9050 196 1.01 2.52
9060 196 0.07 2.2
9070 196 -0.89 1.79
9080 196 -1.65 1.35
9090 196 -2.33 0.88
8910 197 12.43 6.04
8920 197 11.5 6.03
8930 197 10.81 5.8
8940 197 10.28 5.52
8950 197 9.8 5.22
8960 197 8.97 4.98
8970 197 8.18 4.88
8980 197 7.24 4.8
8990 197 6.35 4.58
9000 197 5.42 4.35
9010 197 4.42 4.2
9020 197 3.5 4.0
9030 197 2.6 3.85
9040 197 1.68 3.68
9050 197 0.78 3.47
9060 197 -0.11 3.23
9070 197 -0.93 2.87
9080 197 -1.75 2.32
9090 197 -3.09 1.52
9100 197 -3.83 0.91
9300 216 -4.26 8.11
9310 216 -3.98 8.01
9320 216 -3.84 7.96
9330 216 -3.31 8.21
9340 216 -2.9 8.26
9350 216 -2.79 8.41
9360 216 -2.51 8.43
9370 216 -2.23 8.46
9380 216 -2.01 8.44
9390 216 -1.86 8.34
9400 216 -1.65 8.28
9410 216 -1.65 8.28
9420 216 -1.65 8.28
9430 216 -2.21 8.09
9440 216 -2.21 8.09
9450 216 -2.23 8.18
9460 216 -2.25 8.28
9470 216 -2.25 8.28
9480 216 -2.25 8.28
9490 216 -2.25 8.28
9680 230 -3.11 5.32
9690 230 -2.09 5.21
9700 230 -1.28 5.33
9710 230 -0.44 5.26
9720 230 0.45 5.28
9730 230 1.34 5.34
9740 230 2.28 5.27
9750 230 3.18 5.2
9760 230 4.11 5.16
9770 230 5.03 5.09
9780 230 6.02 5.04
9790 230 7.01 5.03
9800 230 8.05 4.96
9810 230 8.94 4.89
9820 230 9.88 4.84
9830 230 10.74 4.75
9840 230 11.7 4.6
9850 230 12.52 4.3
9860 230 13.01 4.26
9870 230 13.05 4.4
9680 231 -3.38 4.31
9690 231 -2.48 4.25
9700 231 -1.51 4.28
9710 231 -0.43 4.34
9720 231 0.48 4.39
9730 231 1.36 4.49
9740 231 2.24 4.5
9750 231 3.05 4.41
9760 231 3.89 4.27
9770 231 4.7 4.11
9780 231 5.54 4.15
9790 231 6.36 4.2
9800 231 7.17 4.25
9810 231 8.09 4.24
9820 231 8.97 4.1
9830 231 9.76 4.21
9840 231 10.5 4.2
9850 231 11.12 4.05
9860 231 11.67 4.0
9870 231 12.02 3.8
9920 238 -2.36 6.64
9930 238 -1.3 6.46
9940 238 -0.52 6.38
9950 238 0.43 6.41
9960 238 1.29 6.33
9970 238 2.26 6.48
9980 238 3.12 6.62
9990 238 4.01 6.58
10000 238 4.87 6.44
10010 238 5.7 6.4
10020 238 6.56 6.34
10030 238 7.4 6.31
10040 238 8.18 6.3
10050 238 8.79 6.2
10060 238 9.4 6.11
10070 238 9.77 5.93
10080 238 10.15 5.81
10090 238 10.53 5.52
10100 238 10.95 5.31
10110 238 11.39 5.02
9920 239 -1.57 5.57
9930 239 -0.74 5.53
9940 239 0.07 5.49
9950 239 1.01 5.49
9960 239 1.95 5.41
9970 239 2.87 5.33
9980 239 3.75 5.37
9990 239 4.62 5.47
10000 239 5.44 5.48
10010 239 6.19 5.49
10020 239 6.97 5.46
10030 239 7.74 5.47
10040 239 8.51 5.47
10050 239 9.12 5.37
10060 239 9.74 5.31
10070 239 10.47 5.34
10080 239 11.28 5.18
10090 239 12.01 5.09
10100 239 12.74 5.32
10110 239 13.43 5.4
