0 1.0 -18.493 -3.879
10 1.0 -17.987 -3.572
20 1.0 -17.485 -3.763
30 1.0 -16.948 -3.657
40 1.0 -16.564 -3.698
50 1.0 -16.107 -4.115
60 1.0 -15.677 -3.836
70 1.0 -14.967 -3.904
80 1.0 -20.643 -4.551
90 1.0 -18.356 -3.204
100 1.0 -18.904 -3.920
110 1.0 -20.173 -2.296
120 1.0 -17.258 -3.839
130 1.0 -18.267 -2.827
140 1.0 -17.506 -3.265
150 1.0 -20.022 -4.424
160 1.0 -20.409 -4.252
170 1.0 -18.130 -4.561
180 1.0 -18.045 -3.780
190 1.0 -18.815 -3.954
0 3.0 -23.163 -6.471
10 3.0 -22.519 -6.500
20 3.0 -21.798 -6.631
30 3.0 -21.266 -6.417
40 3.0 -20.483 -6.282
50 3.0 -19.867 -6.372
60 3.0 -19.187 -6.345
70 3.0 -18.610 -6.424
80 3.0 -23.049 -7.704
90 3.0 -22.203 -6.730
100 3.0 -23.692 -6.095
110 3.0 -23.384 -8.646
120 3.0 -23.861 -7.568
130 3.0 -23.631 -6.006
140 3.0 -23.059 -5.571
150 3.0 -22.054 -6.191
160 3.0 -22.036 -5.692
170 3.0 -24.001 -6.924
180 3.0 -23.004 -5.593
190 3.0 -24.511 -6.864
0 6.0 -23.477 -6.003
10 6.0 -23.483 -6.138
20 6.0 -23.434 -6.178
30 6.0 -23.452 -6.226
40 6.0 -23.198 -6.531
50 6.0 -23.282 -6.550
60 6.0 -23.035 -6.400
70 6.0 -22.660 -6.486
80 6.0 -22.876 -4.245
90 6.0 -22.603 -6.395
100 6.0 -24.512 -6.352
110 6.0 -23.944 -5.040
120 6.0 -23.242 -5.969
130 6.0 -23.426 -7.686
140 6.0 -24.512 -6.108
150 6.0 -23.956 -6.921
160 6.0 -24.256 -5.976
170 6.0 -22.384 -6.376
180 6.0 -24.267 -5.233
190 6.0 -22.967 -7.483
0 9.0 -17.734 -2.930
10 9.0 -17.216 -3.142
20 9.0 -16.970 -3.068
30 9.0 -16.397 -3.087
40 9.0 -15.989 -3.133
50 9.0 -15.632 -3.189
60 9.0 -15.446 -3.203
70 9.0 -14.870 -3.236
80 9.0 -17.246 -1.678
90 9.0 -16.903 -2.090
100 9.0 -18.461 0.345
110 9.0 -17.673 -2.700
120 9.0 -18.570 -2.286
130 9.0 -17.505 -2.731
140 9.0 -16.823 -4.058
150 9.0 -19.208 -2.076
160 9.0 -17.738 -3.059
170 9.0 -16.204 -2.807
180 9.0 -18.017 -3.589
190 9.0 -19.153 -1.712
0 10.0 -16.722 -2.183
10 10.0 -16.510 -2.222
20 10.0 -16.076 -2.283
30 10.0 -15.602 -2.082
40 10.0 -15.269 -2.267
50 10.0 -14.915 -2.317
60 10.0 -14.622 -2.288
70 10.0 -14.219 -2.408
80 10.0 -17.837 -2.110
90 10.0 -17.628 -3.230
100 10.0 -18.362 -5.423
110 10.0 -16.169 -2.205
120 10.0 -15.426 -3.956
130 10.0 -16.419 -2.272
140 10.0 -17.432 -2.509
150 10.0 -18.149 -1.237
160 10.0 -16.918 -1.585
170 10.0 -16.949 -2.402
180 10.0 -16.403 -3.118
190 10.0 -17.075 -3.042
0 12.0 -18.287 -1.371
10 12.0 -18.070 -1.264
20 12.0 -17.668 -1.294
30 12.0 -16.862 -0.968
40 12.0 -16.701 -0.969
50 12.0 -16.165 -1.079
60 12.0 -15.782 -1.461
70 12.0 -15.233 -1.103
80 12.0 -18.877 -2.000
90 12.0 -18.147 -1.215
100 12.0 -17.970 -2.627
110 12.0 -18.446 -0.413
120 12.0 -17.731 -0.844
130 12.0 -18.024 -1.904
140 12.0 -18.043 -2.316
150 12.0 -18.950 -1.576
160 12.0 -18.307 -2.145
170 12.0 -18.478 -2.517
180 12.0 -16.399 -2.497
190 12.0 -16.852 -1.722
0 14.0 -19.883 -2.241
10 14.0 -19.606 -2.155
20 14.0 -19.404 -2.090
30 14.0 -18.934 -1.988
40 14.0 -18.754 -1.960
50 14.0 -18.363 -1.823
60 14.0 -17.819 -1.669
70 14.0 -17.128 -1.449
80 14.0 -20.520 -1.182
90 14.0 -18.627 -2.551
100 14.0 -19.311 -2.679
110 14.0 -20.229 -3.340
120 14.0 -19.843 -2.679
130 14.0 -19.508 -0.496
140 14.0 -20.168 -1.581
150 14.0 -21.346 -1.604
160 14.0 -20.500 -1.556
170 14.0 -19.866 -3.922
180 14.0 -20.887 -2.269
190 14.0 -20.622 -2.689
0 16.0 -21.883 -1.673
10 16.0 -21.488 -1.495
20 16.0 -21.065 -1.281
30 16.0 -20.607 -1.225
40 16.0 -20.031 -0.888
50 16.0 -19.439 -0.927
60 16.0 -19.151 -0.644
70 16.0 -18.825 -0.728
80 16.0 -21.474 0.240
90 16.0 -21.870 -1.152
100 16.0 -21.457 -0.977
110 16.0 -20.845 -2.588
120 16.0 -22.992 -3.085
130 16.0 -22.939 -1.051
140 16.0 -22.029 -2.489
150 16.0 -22.365 -2.350
160 16.0 -21.133 -0.548
170 16.0 -22.093 -3.294
180 16.0 -21.209 -2.431
190 16.0 -22.795 -1.975
0 19.0 -20.981 -1.045
10 19.0 -20.490 -0.733
20 19.0 -20.082 -0.360
30 19.0 -19.583 -0.577
40 19.0 -19.499 -0.808
50 19.0 -19.043 -0.402
60 19.0 -18.895 -0.286
70 19.0 -18.378 0.024
80 19.0 -21.544 -3.200
90 19.0 -21.352 -1.373
100 19.0 -20.630 -1.606
110 19.0 -20.621 -0.360
120 19.0 -21.036 -1.294
130 19.0 -20.098 -1.862
140 19.0 -20.404 -2.302
150 19.0 -21.932 0.085
160 19.0 -19.575 -1.546
170 19.0 -21.769 -0.571
180 19.0 -22.256 -0.047
190 19.0 -21.652 -1.130
0 22.0 -22.154 -0.627
10 22.0 -21.811 -0.451
20 22.0 -21.258 -0.535
30 22.0 -20.919 -0.312
40 22.0 -20.482 -0.256
50 22.0 -20.284 -0.151
60 22.0 -19.899 -0.164
70 22.0 -19.512 -0.159
80 22.0 -23.438 -0.838
90 22.0 -22.978 -1.011
100 22.0 -23.274 0.850
110 22.0 -22.715 -1.775
120 22.0 -21.413 0.436
130 22.0 -21.420 -1.537
140 22.0 -21.801 -0.589
150 22.0 -23.563 0.568
160 22.0 -22.765 -0.935
170 22.0 -21.996 -1.359
180 22.0 -22.812 -0.439
190 22.0 -21.354 0.255
0 25.0 -22.537 -3.771
10 25.0 -21.852 -3.822
20 25.0 -21.201 -3.800
30 25.0 -20.744 -3.707
40 25.0 -20.152 -3.581
50 25.0 -19.527 -3.360
60 25.0 -18.982 -3.408
70 25.0 -18.438 -3.323
80 25.0 -24.669 -4.153
90 25.0 -23.722 -3.688
100 25.0 -22.906 -3.425
110 25.0 -23.292 -5.940
120 25.0 -21.885 -4.087
130 25.0 -22.350 -3.264
140 25.0 -22.733 -3.283
150 25.0 -23.794 -3.403
160 25.0 -21.978 -3.009
170 25.0 -22.524 -1.906
180 25.0 -21.760 -3.792
190 25.0 -23.207 -2.367
0 27.0 -22.890 -2.824
10 27.0 -22.428 -2.765
20 27.0 -21.795 -2.718
30 27.0 -21.272 -2.699
40 27.0 -20.766 -2.549
50 27.0 -20.194 -2.463
60 27.0 -19.637 -2.328
70 27.0 -19.010 -2.463
80 27.0 -22.581 -2.809
90 27.0 -22.926 -2.096
100 27.0 -23.137 -3.303
110 27.0 -22.557 -1.921
120 27.0 -22.204 -3.931
130 27.0 -22.850 -3.333
140 27.0 -21.811 -2.666
150 27.0 -21.899 -1.760
160 27.0 -22.279 -1.720
170 27.0 -23.061 -1.417
180 27.0 -22.535 -1.324
190 27.0 -21.987 -3.229
0 29.0 -19.506 -3.851
10 29.0 -19.129 -3.901
20 29.0 -18.634 -3.932
30 29.0 -18.396 -3.867
40 29.0 -17.900 -4.024
50 29.0 -17.538 -4.052
60 29.0 -17.200 -4.044
70 29.0 -16.825 -4.107
80 29.0 -20.214 -3.526
90 29.0 -18.911 -6.014
100 29.0 -19.786 -3.221
110 29.0 -20.515 -3.303
120 29.0 -19.330 -5.355
130 29.0 -19.209 -3.507
140 29.0 -19.727 -3.576
150 29.0 -21.354 -5.633
160 29.0 -20.191 -3.375
170 29.0 -20.399 -4.588
180 29.0 -18.318 -3.776
190 29.0 -20.778 -4.290
0 30.0 -23.631 -5.069
10 30.0 -23.153 -4.762
20 30.0 -22.702 -4.679
30 30.0 -22.002 -4.626
40 30.0 -21.619 -4.789
50 30.0 -20.758 -4.233
60 30.0 -20.332 -4.494
70 30.0 -19.851 -4.360
80 30.0 -23.894 -5.295
90 30.0 -23.333 -7.331
100 30.0 -23.669 -6.693
110 30.0 -23.489 -5.305
120 30.0 -24.762 -6.533
130 30.0 -23.201 -4.011
140 30.0 -22.142 -4.039
150 30.0 -23.357 -4.323
160 30.0 -24.427 -3.183
170 30.0 -24.345 -3.235
180 30.0 -23.491 -6.498
190 30.0 -25.451 -3.856
0 32.0 -24.292 -5.518
10 32.0 -23.781 -5.555
20 32.0 -23.070 -5.404
30 32.0 -22.713 -5.496
40 32.0 -22.293 -5.338
50 32.0 -21.708 -5.263
60 32.0 -21.380 -5.362
70 32.0 -20.913 -5.051
80 32.0 -24.422 -4.693
90 32.0 -24.532 -6.259
100 32.0 -24.111 -6.446
110 32.0 -25.015 -6.048
120 32.0 -24.892 -4.741
130 32.0 -24.711 -6.179
140 32.0 -23.433 -5.251
150 32.0 -24.635 -6.245
160 32.0 -25.436 -5.386
170 32.0 -23.849 -5.661
180 32.0 -25.345 -5.705
190 32.0 -25.831 -4.389
0 34.0 -30.531 -3.417
10 34.0 -29.754 -3.530
20 34.0 -29.359 -3.384
30 34.0 -28.625 -3.343
40 34.0 -27.925 -3.357
50 34.0 -27.256 -3.120
60 34.0 -26.808 -3.242
70 34.0 -25.938 -3.228
80 34.0 -28.505 -3.053
90 34.0 -30.116 -3.409
100 34.0 -30.401 -2.747
110 34.0 -30.379 -1.058
120 34.0 -28.910 -5.690
130 34.0 -31.019 -4.128
140 34.0 -29.966 -4.366
150 34.0 -29.852 -4.509
160 34.0 -30.628 -2.606
170 34.0 -30.873 -4.382
180 34.0 -31.584 -3.260
190 34.0 -29.447 -4.352
0 37.0 -28.652 -4.409
10 37.0 -27.921 -4.526
20 37.0 -27.384 -4.368
30 37.0 -26.848 -4.267
40 37.0 -26.500 -4.374
50 37.0 -25.679 -3.904
60 37.0 -25.252 -4.023
70 37.0 -24.731 -4.071
80 37.0 -27.358 -4.139
90 37.0 -29.491 -5.517
100 37.0 -26.850 -5.462
110 37.0 -29.613 -4.707
120 37.0 -30.274 -4.480
130 37.0 -28.234 -5.497
140 37.0 -28.614 -3.965
150 37.0 -28.106 -4.490
160 37.0 -28.687 -3.585
170 37.0 -28.035 -4.245
180 37.0 -28.076 -4.218
190 37.0 -28.953 -2.993
0 40.0 -28.426 -5.183
10 40.0 -27.894 -5.046
20 40.0 -27.268 -4.823
30 40.0 -26.950 -4.857
40 40.0 -26.368 -4.733
50 40.0 -25.678 -4.637
60 40.0 -25.236 -4.652
70 40.0 -24.574 -4.570
80 40.0 -28.850 -4.500
90 40.0 -27.994 -5.893
100 40.0 -29.782 -6.562
110 40.0 -28.713 -5.964
120 40.0 -28.837 -5.912
130 40.0 -27.555 -3.177
140 40.0 -27.587 -6.018
150 40.0 -29.614 -6.434
160 40.0 -26.281 -5.565
170 40.0 -26.341 -3.798
180 40.0 -28.027 -7.235
190 40.0 -27.989 -5.390
0 43.0 -28.418 -5.558
10 43.0 -27.682 -5.605
20 43.0 -27.272 -5.628
30 43.0 -26.787 -5.328
40 43.0 -26.183 -5.176
50 43.0 -25.312 -5.371
60 43.0 -24.777 -5.248
70 43.0 -24.204 -5.058
80 43.0 -28.601 -6.585
90 43.0 -28.167 -6.047
100 43.0 -28.869 -6.041
110 43.0 -28.302 -7.199
120 43.0 -29.304 -6.566
130 43.0 -28.404 -6.509
140 43.0 -28.013 -5.694
150 43.0 -27.877 -4.262
160 43.0 -27.640 -6.029
170 43.0 -28.121 -3.548
180 43.0 -27.631 -5.708
190 43.0 -27.166 -3.663
0 46.0 -30.068 -6.950
10 46.0 -29.464 -6.840
20 46.0 -28.805 -6.847
30 46.0 -28.061 -6.634
40 46.0 -27.394 -6.586
50 46.0 -26.730 -6.521
60 46.0 -26.063 -6.333
70 46.0 -25.355 -6.179
80 46.0 -27.940 -6.984
90 46.0 -30.734 -7.063
100 46.0 -30.267 -8.099
110 46.0 -31.033 -5.553
120 46.0 -30.599 -5.122
130 46.0 -30.330 -7.287
140 46.0 -29.484 -6.515
150 46.0 -30.497 -8.520
160 46.0 -28.199 -7.617
170 46.0 -30.843 -6.456
180 46.0 -30.950 -5.199
190 46.0 -31.309 -6.569
0 49.0 -31.876 -6.772
10 49.0 -31.375 -6.879
20 49.0 -30.867 -6.822
30 49.0 -30.359 -6.627
40 49.0 -29.817 -6.714
50 49.0 -29.545 -6.941
60 49.0 -29.003 -6.982
70 49.0 -28.385 -7.039
80 49.0 -31.458 -6.499
90 49.0 -31.871 -7.404
100 49.0 -32.399 -7.940
110 49.0 -31.783 -6.602
120 49.0 -32.270 -6.093
130 49.0 -31.880 -6.140
140 49.0 -31.784 -7.868
150 49.0 -31.845 -7.361
160 49.0 -31.013 -6.183
170 49.0 -31.168 -8.123
180 49.0 -32.545 -6.561
190 49.0 -32.651 -5.958
0 55.0 -35.161 -5.586
10 55.0 -35.072 -5.576
20 55.0 -35.036 -5.610
30 55.0 -35.087 -5.521
40 55.0 -34.939 -5.632
50 55.0 -34.817 -5.606
60 55.0 -34.830 -5.549
70 55.0 -34.627 -5.578
80 55.0 -34.474 -5.202
90 55.0 -35.376 -6.152
100 55.0 -36.452 -6.794
110 55.0 -35.374 -4.258
120 55.0 -33.562 -3.210
130 55.0 -35.524 -5.924
140 55.0 -35.951 -6.777
150 55.0 -34.896 -6.230
160 55.0 -35.534 -6.403
170 55.0 -34.554 -5.890
180 55.0 -34.375 -7.121
190 55.0 -35.552 -6.893
0 58.0 -34.253 -4.764
10 58.0 -34.200 -5.000
20 58.0 -34.212 -4.894
30 58.0 -34.226 -4.885
40 58.0 -34.359 -4.956
50 58.0 -34.248 -4.970
60 58.0 -34.450 -5.158
70 58.0 -34.122 -4.777
80 58.0 -34.177 -4.050
90 58.0 -33.199 -4.342
100 58.0 -34.838 -4.043
110 58.0 -34.306 -4.402
120 58.0 -33.839 -4.831
130 58.0 -34.323 -4.367
140 58.0 -34.226 -5.787
150 58.0 -33.082 -6.313
160 58.0 -33.311 -5.865
170 58.0 -34.681 -3.087
180 58.0 -32.162 -3.877
190 58.0 -32.936 -4.823
30 52.0 -34.058 -6.204
40 52.0 -32.887 -5.928
50 52.0 -32.386 -5.924
60 52.0 -31.939 -6.061
70 52.0 -31.578 -6.165
80 52.0 -30.924 -6.373
90 52.0 -30.500 -5.916
100 52.0 -30.200 -6.092
110 52.0 -33.604 -6.593
120 52.0 -34.682 -7.569
130 52.0 -35.812 -6.225
140 52.0 -34.722 -7.731
150 52.0 -34.295 -6.773
160 52.0 -34.991 -4.718
170 52.0 -32.884 -7.779
180 52.0 -35.420 -7.308
190 52.0 -34.933 -6.965
200 52.0 -32.857 -5.640
210 52.0 -33.717 -4.782
220 52.0 -35.293 -6.531
200 2.0 -9.813 -3.769
210 2.0 -9.333 -3.933
220 2.0 -9.112 -3.676
230 2.0 -8.569 -3.965
240 2.0 -8.392 -4.154
250 2.0 -8.030 -4.047
260 2.0 -7.491 -4.251
270 2.0 -7.017 -4.328
280 2.0 -10.147 -3.802
290 2.0 -9.777 -4.896
300 2.0 -9.545 -3.366
310 2.0 -9.431 -3.925
320 2.0 -10.738 -3.344
330 2.0 -9.263 -4.269
340 2.0 -10.947 -4.185
350 2.0 -8.762 -3.998
360 2.0 -10.665 -4.630
370 2.0 -11.715 -3.614
380 2.0 -10.497 -4.237
390 2.0 -9.438 -2.078
200 4.0 -16.629 -5.994
210 4.0 -16.340 -5.953
220 4.0 -15.988 -5.804
230 4.0 -15.553 -5.674
240 4.0 -15.187 -5.932
250 4.0 -14.761 -5.602
260 4.0 -14.427 -5.570
270 4.0 -14.087 -5.719
280 4.0 -16.859 -6.661
290 4.0 -15.986 -8.211
300 4.0 -16.854 -7.051
310 4.0 -15.931 -5.505
320 4.0 -16.579 -5.865
330 4.0 -17.812 -5.770
340 4.0 -14.270 -6.107
350 4.0 -16.676 -6.354
360 4.0 -18.207 -5.799
370 4.0 -15.124 -5.926
380 4.0 -15.937 -6.828
390 4.0 -17.744 -6.346
200 7.0 -17.738 -5.656
210 7.0 -17.387 -5.703
220 7.0 -17.021 -5.550
230 7.0 -16.571 -5.417
240 7.0 -15.973 -5.309
250 7.0 -15.395 -5.273
260 7.0 -15.036 -4.910
270 7.0 -14.609 -5.081
280 7.0 -17.131 -4.836
290 7.0 -17.192 -6.022
300 7.0 -18.634 -6.722
310 7.0 -17.558 -4.339
320 7.0 -17.072 -6.107
330 7.0 -17.095 -4.363
340 7.0 -18.573 -5.185
350 7.0 -18.302 -6.565
360 7.0 -18.156 -7.368
370 7.0 -19.417 -5.955
380 7.0 -17.411 -5.274
390 7.0 -17.449 -7.271
200 11.0 -8.938 -3.184
210 11.0 -8.612 -3.187
220 11.0 -8.046 -3.037
230 11.0 -7.686 -3.062
240 11.0 -7.325 -3.193
250 11.0 -7.052 -3.257
260 11.0 -6.729 -3.169
270 11.0 -6.500 -3.316
280 11.0 -8.174 -4.272
290 11.0 -9.807 -2.540
300 11.0 -6.878 -3.002
310 11.0 -8.101 -2.521
320 11.0 -10.046 -3.456
330 11.0 -8.082 -3.322
340 11.0 -9.367 -3.028
350 11.0 -8.489 -5.041
360 11.0 -7.913 -4.540
370 11.0 -7.870 -3.360
380 11.0 -9.777 -3.950
390 11.0 -8.785 -3.555
200 13.0 -9.720 -1.663
210 13.0 -9.323 -1.846
220 13.0 -8.797 -1.923
230 13.0 -8.468 -1.842
240 13.0 -8.011 -1.973
250 13.0 -7.782 -2.012
260 13.0 -7.314 -1.923
270 13.0 -6.946 -2.098
280 13.0 -9.474 -1.560
290 13.0 -9.782 -1.715
300 13.0 -10.789 -1.679
310 13.0 -9.686 -3.643
320 13.0 -9.861 -1.087
330 13.0 -10.420 -1.669
340 13.0 -10.272 -1.718
350 13.0 -10.415 -0.139
360 13.0 -7.625 -2.365
370 13.0 -10.326 -2.027
380 13.0 -9.570 -1.439
390 13.0 -9.451 -2.162
200 15.0 -11.478 -1.472
210 15.0 -11.102 -1.447
220 15.0 -10.637 -1.474
230 15.0 -10.350 -1.441
240 15.0 -10.024 -1.426
250 15.0 -9.764 -1.595
260 15.0 -9.176 -1.520
270 15.0 -8.861 -1.513
280 15.0 -12.863 -0.802
290 15.0 -12.810 -3.212
300 15.0 -11.509 -2.085
310 15.0 -11.985 -2.333
320 15.0 -11.382 -1.618
330 15.0 -10.380 -0.508
340 15.0 -11.176 -0.022
350 15.0 -12.670 -0.847
360 15.0 -11.656 -1.425
370 15.0 -10.438 -0.446
380 15.0 -12.237 0.097
390 15.0 -12.154 -2.811
200 17.0 -15.117 -0.383
210 17.0 -15.115 -0.381
220 17.0 -14.926 -0.488
230 17.0 -14.615 -0.651
240 17.0 -14.259 -1.040
250 17.0 -14.159 -1.184
260 17.0 -14.055 -1.506
270 17.0 -13.661 -1.811
280 17.0 -15.281 -0.578
290 17.0 -15.922 -0.671
300 17.0 -14.469 -1.474
310 17.0 -14.879 -0.672
320 17.0 -13.711 0.732
330 17.0 -13.504 0.188
340 17.0 -13.626 -0.965
350 17.0 -14.935 -0.152
360 17.0 -15.713 -0.041
370 17.0 -13.190 -1.759
380 17.0 -15.519 -0.014
390 17.0 -15.332 -1.238
200 20.0 -14.046 -0.005
210 20.0 -14.118 -0.409
220 20.0 -13.535 -0.199
230 20.0 -13.240 -0.816
240 20.0 -13.058 -0.989
250 20.0 -12.929 -0.941
260 20.0 -12.661 -1.706
270 20.0 -12.300 -1.622
280 20.0 -15.628 1.271
290 20.0 -14.166 1.049
300 20.0 -14.016 -0.391
310 20.0 -14.654 -0.052
320 20.0 -14.238 1.474
330 20.0 -15.553 -0.028
340 20.0 -13.677 -1.306
350 20.0 -12.972 -0.224
360 20.0 -14.593 0.989
370 20.0 -14.302 -0.031
380 20.0 -13.579 -2.541
390 20.0 -14.186 -2.355
200 23.0 -15.898 -1.567
210 23.0 -15.828 -1.924
220 23.0 -15.537 -2.266
230 23.0 -15.276 -2.743
240 23.0 -14.825 -2.904
250 23.0 -14.536 -3.270
260 23.0 -13.885 -3.382
270 23.0 -13.716 -3.487
280 23.0 -15.085 -0.883
290 23.0 -16.957 -0.732
300 23.0 -16.175 -2.032
310 23.0 -15.924 -0.277
320 23.0 -16.913 -2.797
330 23.0 -14.462 -1.297
340 23.0 -16.768 -2.139
350 23.0 -16.223 -1.950
360 23.0 -14.811 -0.511
370 23.0 -15.173 -1.924
380 23.0 -15.016 -0.462
390 23.0 -15.501 -1.150
200 26.0 -12.049 -3.031
210 26.0 -11.703 -3.105
220 26.0 -11.111 -3.090
230 26.0 -10.846 -3.195
240 26.0 -10.398 -3.159
250 26.0 -9.989 -3.235
260 26.0 -9.621 -3.110
270 26.0 -9.237 -3.184
280 26.0 -11.944 -4.222
290 26.0 -12.954 -3.026
300 26.0 -12.162 -2.931
310 26.0 -10.859 -4.344
320 26.0 -12.711 -3.775
330 26.0 -13.374 -3.574
340 26.0 -13.424 -2.320
350 26.0 -11.646 -4.682
360 26.0 -10.647 -2.092
370 26.0 -12.683 -3.637
380 26.0 -12.710 -1.062
390 26.0 -11.783 -3.369
200 28.0 -12.241 -2.621
210 28.0 -11.791 -2.483
220 28.0 -11.626 -2.661
230 28.0 -11.171 -2.915
240 28.0 -11.020 -2.882
250 28.0 -10.586 -2.871
260 28.0 -10.083 -2.605
270 28.0 -9.517 -2.757
280 28.0 -11.777 -0.588
290 28.0 -13.187 -2.684
300 28.0 -13.748 -3.285
310 28.0 -12.741 -4.013
320 28.0 -12.777 -2.319
330 28.0 -12.062 -3.259
340 28.0 -14.149 -2.759
350 28.0 -13.074 -3.009
360 28.0 -12.909 -4.024
370 28.0 -12.425 -4.172
380 28.0 -12.389 -2.519
390 28.0 -12.694 -3.579
200 31.0 -13.954 -4.216
210 31.0 -13.596 -4.274
220 31.0 -13.198 -4.141
230 31.0 -13.118 -4.562
240 31.0 -12.817 -4.235
250 31.0 -12.387 -4.075
260 31.0 -12.290 -4.191
270 31.0 -12.025 -4.057
280 31.0 -14.006 -3.836
290 31.0 -12.903 -2.037
300 31.0 -13.777 -1.609
310 31.0 -13.845 -4.797
320 31.0 -14.239 -4.926
330 31.0 -13.542 -6.686
340 31.0 -15.404 -3.345
350 31.0 -13.604 -3.605
360 31.0 -14.151 -1.549
370 31.0 -12.942 -3.127
380 31.0 -13.168 -5.970
390 31.0 -12.220 -4.000
200 33.0 -14.102 -4.760
210 33.0 -14.066 -4.670
220 33.0 -13.911 -4.707
230 33.0 -13.411 -4.854
240 33.0 -13.323 -5.047
250 33.0 -13.245 -4.886
260 33.0 -12.544 -4.916
270 33.0 -12.536 -4.679
280 33.0 -15.905 -4.837
290 33.0 -13.655 -5.062
300 33.0 -14.414 -5.740
310 33.0 -13.942 -4.366
320 33.0 -14.333 -3.696
330 33.0 -13.764 -3.739
340 33.0 -13.937 -4.425
350 33.0 -14.194 -5.273
360 33.0 -14.455 -4.203
370 33.0 -14.418 -3.075
380 33.0 -13.775 -3.708
390 33.0 -12.561 -5.235
200 35.0 -19.678 -3.433
210 35.0 -19.109 -3.515
220 35.0 -18.766 -3.428
230 35.0 -18.257 -3.382
240 35.0 -17.899 -3.498
250 35.0 -17.481 -3.380
260 35.0 -17.153 -3.402
270 35.0 -16.629 -3.557
280 35.0 -19.493 -2.573
290 35.0 -20.995 -2.860
300 35.0 -19.554 -2.136
310 35.0 -20.905 -5.155
320 35.0 -20.076 -2.851
330 35.0 -19.578 -3.511
340 35.0 -19.977 -3.934
350 35.0 -20.815 -4.658
360 35.0 -19.776 -3.721
370 35.0 -20.580 -4.664
380 35.0 -19.124 -3.359
390 35.0 -20.655 -2.823
200 38.0 -17.721 -3.237
210 38.0 -17.313 -3.299
220 38.0 -16.797 -3.342
230 38.0 -16.403 -3.204
240 38.0 -15.861 -3.241
250 38.0 -15.354 -3.057
260 38.0 -14.798 -3.116
270 38.0 -14.482 -3.035
280 38.0 -18.432 -3.856
290 38.0 -19.522 -2.927
300 38.0 -19.438 -4.014
310 38.0 -17.954 -3.824
320 38.0 -17.537 -3.483
330 38.0 -17.706 -3.360
340 38.0 -18.224 -2.269
350 38.0 -18.935 -3.683
360 38.0 -16.963 -2.442
370 38.0 -17.044 -3.455
380 38.0 -18.599 -2.917
390 38.0 -16.716 -2.741
200 41.0 -17.960 -3.748
210 41.0 -17.497 -3.774
220 41.0 -17.031 -3.725
230 41.0 -16.654 -3.703
240 41.0 -16.181 -3.721
250 41.0 -15.713 -3.649
260 41.0 -15.428 -3.573
270 41.0 -14.868 -3.621
280 41.0 -17.008 -3.586
290 41.0 -18.697 -4.498
300 41.0 -19.197 -3.718
310 41.0 -17.874 -4.333
320 41.0 -18.757 -4.643
330 41.0 -18.393 -5.978
340 41.0 -17.395 -3.553
350 41.0 -17.804 -3.495
360 41.0 -16.051 -3.992
370 41.0 -18.188 -2.988
380 41.0 -18.487 -4.242
390 41.0 -17.491 -2.691
200 44.0 -17.814 -4.440
210 44.0 -16.973 -4.190
220 44.0 -16.685 -4.118
230 44.0 -16.086 -4.061
240 44.0 -15.839 -4.190
250 44.0 -15.628 -4.034
260 44.0 -14.949 -3.816
270 44.0 -14.650 -3.921
280 44.0 -17.563 -4.264
290 44.0 -18.031 -4.852
300 44.0 -17.209 -4.913
310 44.0 -17.041 -4.697
320 44.0 -19.315 -3.830
330 44.0 -19.036 -4.769
340 44.0 -18.082 -4.568
350 44.0 -17.200 -4.297
360 44.0 -16.559 -3.977
370 44.0 -17.466 -3.476
380 44.0 -17.108 -2.563
390 44.0 -16.915 -4.849
200 47.0 -17.740 -4.886
210 47.0 -17.370 -4.855
220 47.0 -16.919 -4.790
230 47.0 -16.575 -4.667
240 47.0 -16.161 -4.605
250 47.0 -15.725 -4.547
260 47.0 -15.439 -4.536
270 47.0 -14.962 -4.529
280 47.0 -18.310 -4.743
290 47.0 -17.567 -3.403
300 47.0 -18.380 -5.694
310 47.0 -18.025 -4.465
320 47.0 -17.709 -6.047
330 47.0 -17.114 -3.394
340 47.0 -17.929 -3.622
350 47.0 -17.701 -4.300
360 47.0 -16.265 -5.467
370 47.0 -16.637 -5.210
380 47.0 -18.199 -4.032
390 47.0 -17.430 -3.240
200 50.0 -21.264 -6.326
210 50.0 -20.570 -6.170
220 50.0 -19.779 -6.259
230 50.0 -19.441 -6.020
240 50.0 -18.775 -6.042
250 50.0 -18.675 -5.810
260 50.0 -18.857 -5.781
270 50.0 -18.950 -5.889
280 50.0 -20.970 -6.760
290 50.0 -21.920 -4.079
300 50.0 -21.377 -6.061
310 50.0 -20.179 -5.573
320 50.0 -22.637 -6.113
330 50.0 -20.557 -5.625
340 50.0 -22.233 -5.545
350 50.0 -21.547 -6.270
360 50.0 -21.750 -7.667
370 50.0 -20.892 -7.000
380 50.0 -22.968 -7.093
390 50.0 -20.155 -6.261
200 56.0 -32.354 -5.567
210 56.0 -31.445 -5.639
220 56.0 -30.677 -5.349
230 56.0 -29.870 -5.299
240 56.0 -28.880 -5.291
250 56.0 -27.847 -5.102
260 56.0 -27.307 -4.941
270 56.0 -26.566 -4.788
280 56.0 -33.256 -7.655
290 56.0 -31.902 -5.768
300 56.0 -33.561 -4.869
310 56.0 -31.773 -6.751
320 56.0 -32.273 -3.681
330 56.0 -32.344 -6.134
340 56.0 -31.541 -5.162
350 56.0 -32.976 -5.385
360 56.0 -33.000 -3.429
370 56.0 -32.461 -6.702
380 56.0 -32.146 -5.205
390 56.0 -33.398 -6.132
200 59.0 -32.113 -5.102
210 59.0 -31.733 -4.935
220 59.0 -30.945 -4.859
230 59.0 -29.805 -5.034
240 59.0 -29.491 -4.815
250 59.0 -28.472 -4.396
260 59.0 -27.598 -4.610
270 59.0 -26.967 -4.311
280 59.0 -32.195 -4.301
290 59.0 -31.878 -6.139
300 59.0 -31.651 -6.394
310 59.0 -32.701 -5.828
320 59.0 -31.884 -2.761
330 59.0 -32.285 -5.901
340 59.0 -31.900 -4.221
350 59.0 -32.048 -5.443
360 59.0 -32.409 -5.565
370 59.0 -32.726 -3.393
380 59.0 -31.390 -5.107
390 59.0 -32.272 -3.264
230 53.0 -23.932 -6.017
240 53.0 -23.972 -5.815
250 53.0 -24.229 -5.734
260 53.0 -24.527 -5.555
270 53.0 -24.534 -5.424
280 53.0 -24.388 -5.228
290 53.0 -24.601 -5.251
300 53.0 -23.813 -5.215
310 53.0 -23.312 -5.801
320 53.0 -23.298 -6.089
330 53.0 -24.352 -5.786
340 53.0 -23.668 -5.875
350 53.0 -24.425 -6.015
360 53.0 -25.595 -5.681
370 53.0 -21.750 -5.944
380 53.0 -24.580 -6.682
390 53.0 -24.838 -6.423
400 53.0 -25.512 -6.035
410 53.0 -23.324 -4.716
420 53.0 -25.874 -7.482
400 5.0 -9.526 -5.828
410 5.0 -8.860 -5.668
420 5.0 -8.198 -5.829
430 5.0 -8.135 -5.802
440 5.0 -7.745 -5.783
450 5.0 -7.334 -5.821
460 5.0 -7.206 -5.683
470 5.0 -7.022 -5.665
480 5.0 -9.086 -6.487
490 5.0 -10.861 -5.734
500 5.0 -10.153 -5.818
510 5.0 -8.413 -5.980
520 5.0 -10.681 -4.022
530 5.0 -9.294 -5.516
540 5.0 -9.337 -4.841
550 5.0 -9.773 -4.067
560 5.0 -8.712 -5.443
570 5.0 -8.897 -6.206
580 5.0 -10.271 -4.881
590 5.0 -9.406 -6.181
400 8.0 -9.299 -4.413
410 8.0 -9.123 -4.785
420 8.0 -8.581 -4.426
430 8.0 -8.273 -4.400
440 8.0 -8.054 -4.442
450 8.0 -7.767 -4.530
460 8.0 -7.277 -4.351
470 8.0 -7.037 -4.525
480 8.0 -10.762 -4.247
490 8.0 -7.674 -4.096
500 8.0 -9.287 -3.471
510 8.0 -9.393 -3.711
520 8.0 -8.642 -5.103
530 8.0 -9.896 -6.881
540 8.0 -8.868 -3.852
550 8.0 -9.978 -3.264
560 8.0 -8.636 -3.482
570 8.0 -10.343 -5.369
580 8.0 -8.020 -5.636
590 8.0 -9.337 -3.848
400 18.0 -9.005 -3.687
410 18.0 -8.717 -3.382
420 18.0 -8.238 -3.621
430 18.0 -7.985 -3.486
440 18.0 -7.573 -3.736
450 18.0 -7.219 -3.689
460 18.0 -6.840 -3.814
470 18.0 -6.602 -3.626
480 18.0 -7.463 -3.158
490 18.0 -9.103 -3.271
500 18.0 -9.314 -3.061
510 18.0 -8.819 -2.962
520 18.0 -10.128 -4.740
530 18.0 -8.692 -3.092
540 18.0 -10.863 -3.242
550 18.0 -11.756 -3.384
560 18.0 -9.688 -4.648
570 18.0 -8.629 -2.541
580 18.0 -8.163 -3.836
590 18.0 -7.900 -3.819
400 21.0 -8.123 -3.193
410 21.0 -7.821 -3.126
420 21.0 -7.431 -3.036
430 21.0 -7.301 -3.083
440 21.0 -6.758 -3.049
450 21.0 -6.418 -2.995
460 21.0 -6.000 -2.864
470 21.0 -5.869 -2.756
480 21.0 -7.696 -4.098
490 21.0 -7.127 -2.889
500 21.0 -7.580 -1.475
510 21.0 -8.866 -2.981
520 21.0 -8.780 -3.319
530 21.0 -7.963 -2.665
540 21.0 -7.611 -1.455
550 21.0 -8.158 -3.239
560 21.0 -9.889 -3.656
570 21.0 -8.423 -1.827
580 21.0 -6.907 -3.390
590 21.0 -10.139 -4.482
400 24.0 -9.529 -4.089
410 24.0 -8.897 -3.795
420 24.0 -8.391 -4.023
430 24.0 -8.381 -3.975
440 24.0 -7.959 -4.014
450 24.0 -7.821 -4.045
460 24.0 -7.241 -3.952
470 24.0 -7.232 -4.065
480 24.0 -9.725 -2.747
490 24.0 -10.415 -4.359
500 24.0 -10.003 -3.408
510 24.0 -9.111 -3.961
520 24.0 -8.270 -3.511
530 24.0 -10.702 -4.074
540 24.0 -9.310 -4.083
550 24.0 -8.409 -3.450
560 24.0 -9.704 -3.881
570 24.0 -9.831 -4.106
580 24.0 -7.435 -2.933
590 24.0 -10.445 -4.567
400 36.0 -11.588 -3.347
410 36.0 -11.275 -3.290
420 36.0 -10.884 -3.347
430 36.0 -10.482 -3.220
440 36.0 -10.245 -3.341
450 36.0 -9.888 -3.556
460 36.0 -9.554 -3.597
470 36.0 -9.236 -3.377
480 36.0 -11.277 -3.120
490 36.0 -12.757 -3.753
500 36.0 -11.808 -4.557
510 36.0 -10.303 -3.518
520 36.0 -11.249 -3.340
530 36.0 -12.154 -3.983
540 36.0 -11.778 -3.396
550 36.0 -11.259 -4.062
560 36.0 -11.442 -4.288
570 36.0 -11.894 -3.246
580 36.0 -11.058 -4.352
590 36.0 -10.424 -3.881
400 39.0 -9.601 -3.072
410 39.0 -9.525 -3.023
420 39.0 -9.015 -2.772
430 39.0 -8.570 -2.519
440 39.0 -8.344 -2.852
450 39.0 -7.936 -2.986
460 39.0 -7.693 -3.022
470 39.0 -7.517 -2.638
480 39.0 -9.899 -3.531
490 39.0 -8.610 -1.937
500 39.0 -9.803 -2.984
510 39.0 -8.551 -3.909
520 39.0 -8.695 -3.202
530 39.0 -10.364 -2.977
540 39.0 -10.726 -3.747
550 39.0 -8.574 -3.441
560 39.0 -9.350 -1.325
570 39.0 -9.610 -4.822
580 39.0 -10.249 -3.074
590 39.0 -9.030 -3.582
400 42.0 -10.264 -3.399
410 42.0 -9.962 -3.137
420 42.0 -9.695 -3.284
430 42.0 -9.320 -3.381
440 42.0 -8.784 -3.301
450 42.0 -8.436 -3.300
460 42.0 -8.267 -3.429
470 42.0 -7.705 -3.195
480 42.0 -9.441 -3.359
490 42.0 -10.283 -3.999
500 42.0 -10.019 -3.063
510 42.0 -12.378 -4.000
520 42.0 -10.425 -5.158
530 42.0 -12.698 -4.696
540 42.0 -8.993 -3.850
550 42.0 -10.705 -1.884
560 42.0 -10.663 -4.144
570 42.0 -9.758 -2.943
580 42.0 -10.950 -4.453
590 42.0 -12.097 -3.443
400 45.0 -10.312 -3.740
410 45.0 -9.855 -3.863
420 45.0 -9.622 -3.824
430 45.0 -9.139 -3.782
440 45.0 -8.942 -3.930
450 45.0 -8.763 -3.814
460 45.0 -8.227 -3.902
470 45.0 -7.930 -3.834
480 45.0 -8.790 -3.531
490 45.0 -9.625 -4.165
500 45.0 -9.438 -4.815
510 45.0 -9.925 -4.870
520 45.0 -10.243 -3.322
530 45.0 -10.175 -3.942
540 45.0 -10.643 -3.424
550 45.0 -10.175 -3.990
560 45.0 -10.795 -3.363
570 45.0 -11.298 -3.376
580 45.0 -9.306 -3.555
590 45.0 -10.284 -4.688
400 48.0 -10.689 -4.475
410 48.0 -10.169 -4.396
420 48.0 -10.056 -4.518
430 48.0 -9.835 -4.532
440 48.0 -9.249 -4.359
450 48.0 -8.882 -4.623
460 48.0 -8.623 -4.512
470 48.0 -8.117 -4.287
480 48.0 -11.329 -3.044
490 48.0 -11.895 -5.643
500 48.0 -9.642 -3.756
510 48.0 -11.183 -4.010
520 48.0 -11.266 -6.428
530 48.0 -11.844 -4.199
540 48.0 -9.450 -4.726
550 48.0 -11.463 -4.672
560 48.0 -10.177 -2.942
570 48.0 -10.885 -3.522
580 48.0 -11.391 -5.171
590 48.0 -10.245 -6.274
400 51.0 -19.295 -3.899
410 51.0 -18.589 -3.576
420 51.0 -17.703 -2.889
430 51.0 -17.016 -2.581
440 51.0 -16.600 -2.415
450 51.0 -16.279 -2.450
460 51.0 -15.643 -2.367
470 51.0 -15.103 -2.312
480 51.0 -17.926 -2.980
490 51.0 -18.350 -3.746
500 51.0 -18.734 -3.969
510 51.0 -19.231 -4.868
520 51.0 -18.398 -4.638
530 51.0 -19.674 -3.637
540 51.0 -19.371 -4.049
550 51.0 -20.101 -4.557
560 51.0 -19.586 -1.669
570 51.0 -18.611 -2.059
580 51.0 -20.194 -4.148
590 51.0 -20.054 -2.766
400 57.0 -17.774 -3.529
410 57.0 -17.257 -3.579
420 57.0 -16.715 -3.616
430 57.0 -16.004 -3.442
440 57.0 -15.462 -3.293
450 57.0 -15.048 -3.251
460 57.0 -14.381 -3.297
470 57.0 -13.841 -3.237
480 57.0 -16.296 -4.500
490 57.0 -17.080 -3.134
500 57.0 -17.543 -3.530
510 57.0 -17.322 -4.390
520 57.0 -16.448 -3.984
530 57.0 -17.860 -2.282
540 57.0 -19.817 -4.342
550 57.0 -17.239 -1.728
560 57.0 -16.593 -4.192
570 57.0 -17.485 -3.753
580 57.0 -18.267 -3.931
590 57.0 -18.364 -4.141
400 60.0 -17.770 -3.313
410 60.0 -17.101 -3.135
420 60.0 -16.608 -2.866
430 60.0 -16.084 -2.898
440 60.0 -15.534 -2.766
450 60.0 -14.886 -2.789
460 60.0 -14.538 -2.853
470 60.0 -14.093 -2.717
480 60.0 -18.280 -3.681
490 60.0 -18.366 -2.887
500 60.0 -17.372 -3.326
510 60.0 -19.571 -4.430
520 60.0 -18.720 -3.626
530 60.0 -17.174 -2.464
540 60.0 -17.051 -2.260
550 60.0 -18.316 -2.671
560 60.0 -17.675 -2.842
570 60.0 -19.669 -4.605
580 60.0 -16.293 -2.665
590 60.0 -18.141 -4.222
430 54.0 -18.433 -3.914
440 54.0 -17.670 -3.777
450 54.0 -17.076 -3.929
460 54.0 -16.212 -4.009
470 54.0 -15.517 -3.787
480 54.0 -14.783 -4.043
490 54.0 -14.134 -3.682
500 54.0 -13.647 -3.725
510 54.0 -17.689 -3.925
520 54.0 -19.008 -3.698
530 54.0 -17.912 -3.193
540 54.0 -18.746 -5.404
550 54.0 -19.431 -3.904
560 54.0 -18.311 -2.809
570 54.0 -17.566 -2.746
580 54.0 -18.559 -5.286
590 54.0 -19.925 -4.297
600 54.0 -19.027 -5.090
610 54.0 -19.759 -4.459
620 54.0 -18.593 -4.247
