0 1.0 -12.599 7.432
10 1.0 -12.520 7.112
20 1.0 -12.241 6.880
30 1.0 -11.922 6.577
40 1.0 -11.766 6.281
50 1.0 -11.518 5.889
60 1.0 -11.202 5.610
70 1.0 -10.965 5.303
80 1.0 -12.798 6.964
90 1.0 -12.067 7.352
100 1.0 -12.888 6.494
110 1.0 -12.415 6.488
120 1.0 -13.170 7.650
130 1.0 -12.428 5.573
140 1.0 -12.979 7.447
150 1.0 -12.776 9.248
160 1.0 -12.017 6.932
170 1.0 -13.336 6.247
180 1.0 -13.037 7.659
190 1.0 -12.241 9.657
0 2.0 -13.084 6.841
10 2.0 -12.834 6.521
20 2.0 -12.637 6.795
30 2.0 -12.563 6.519
40 2.0 -12.394 6.500
50 2.0 -11.844 6.191
60 2.0 -11.610 5.890
70 2.0 -11.639 5.700
80 2.0 -12.229 4.232
90 2.0 -13.167 6.847
100 2.0 -12.499 7.180
110 2.0 -13.041 7.547
120 2.0 -12.837 8.250
130 2.0 -13.790 6.017
140 2.0 -13.841 7.500
150 2.0 -14.262 6.215
160 2.0 -13.011 5.572
170 2.0 -13.703 7.034
180 2.0 -15.848 6.775
190 2.0 -14.954 6.810
0 8.0 -7.482 3.897
10 8.0 -7.575 4.309
20 8.0 -7.870 4.581
30 8.0 -8.023 5.250
40 8.0 -8.287 5.346
50 8.0 -8.660 6.059
60 8.0 -8.830 6.302
70 8.0 -8.951 6.879
80 8.0 -7.505 3.765
90 8.0 -6.606 3.935
100 8.0 -6.392 3.892
110 8.0 -6.612 5.050
120 8.0 -9.011 2.517
130 8.0 -6.324 3.491
140 8.0 -7.837 4.554
150 8.0 -8.081 4.774
160 8.0 -8.588 4.185
170 8.0 -7.755 3.695
180 8.0 -8.787 3.736
190 8.0 -6.850 3.467
0 9.0 -8.039 3.534
10 9.0 -8.128 3.787
20 9.0 -8.489 4.215
30 9.0 -8.743 4.459
40 9.0 -8.858 4.873
50 9.0 -9.133 5.348
60 9.0 -9.381 5.719
70 9.0 -9.655 6.324
80 9.0 -8.002 1.196
90 9.0 -6.535 3.263
100 9.0 -8.319 3.790
110 9.0 -7.673 3.711
120 9.0 -8.066 4.418
130 9.0 -7.946 3.175
140 9.0 -7.881 2.554
150 9.0 -6.826 3.568
160 9.0 -9.843 3.544
170 9.0 -7.252 3.509
180 9.0 -8.043 3.558
190 9.0 -9.527 3.331
110 10.0 -12.691 9.841
120 10.0 -12.636 9.616
130 10.0 -12.310 9.059
140 10.0 -12.216 8.663
150 10.0 -11.874 8.085
160 10.0 -11.655 7.588
170 10.0 -11.527 7.188
180 10.0 -11.338 6.709
190 10.0 -13.076 9.907
200 10.0 -14.163 10.898
210 10.0 -12.209 8.778
220 10.0 -11.483 10.109
230 10.0 -12.710 10.999
240 10.0 -13.184 11.531
250 10.0 -13.895 8.290
260 10.0 -13.977 11.786
270 10.0 -13.827 8.864
280 10.0 -11.999 10.245
290 10.0 -12.100 9.542
300 10.0 -11.328 8.206
110 11.0 -12.219 10.328
120 11.0 -11.967 9.870
130 11.0 -11.595 9.204
140 11.0 -11.824 9.090
150 11.0 -11.225 8.510
160 11.0 -11.034 8.045
170 11.0 -10.769 7.483
180 11.0 -10.309 7.194
190 11.0 -11.017 10.139
200 11.0 -14.472 11.084
210 11.0 -11.240 9.507
220 11.0 -12.825 9.632
230 11.0 -12.874 9.996
240 11.0 -10.893 11.130
250 11.0 -11.031 10.135
260 11.0 -13.006 10.386
270 11.0 -12.104 11.138
280 11.0 -9.833 12.913
290 11.0 -13.503 9.004
300 11.0 -11.873 9.776
170 13.0 -3.809 -2.346
180 13.0 -4.228 -1.696
190 13.0 -4.316 -1.371
200 13.0 -4.520 -0.835
210 13.0 -5.250 -0.602
220 13.0 -5.455 0.128
230 13.0 -5.804 0.692
240 13.0 -5.865 0.782
250 13.0 -2.370 -1.725
260 13.0 -4.163 -1.864
270 13.0 -4.607 -2.395
280 13.0 -3.891 -3.737
290 13.0 -3.653 -2.029
300 13.0 -4.413 -2.695
310 13.0 -3.647 -2.904
320 13.0 -3.034 -3.600
330 13.0 -2.448 -0.546
340 13.0 -3.088 -3.404
350 13.0 -3.664 -2.697
360 13.0 -2.671 -2.070
180 12.0 -4.295 -2.065
190 12.0 -4.754 -1.673
200 12.0 -5.299 -1.470
210 12.0 -5.714 -0.724
220 12.0 -6.013 -0.582
230 12.0 -6.068 -0.033
240 12.0 -6.532 0.381
250 12.0 -6.575 1.425
260 12.0 -3.020 -2.122
270 12.0 -4.244 -2.508
280 12.0 -3.282 -1.352
290 12.0 -4.228 -2.505
300 12.0 -4.670 -1.973
310 12.0 -4.324 -1.502
320 12.0 -3.264 -3.653
330 12.0 -3.980 -0.548
340 12.0 -3.113 -0.492
350 12.0 -3.426 -2.260
360 12.0 -4.862 -1.464
370 12.0 -5.501 -1.824
320 14.0 -4.289 -2.209
330 14.0 -4.640 -1.807
340 14.0 -4.544 -1.585
350 14.0 -4.726 -1.299
360 14.0 -4.770 -0.926
370 14.0 -5.058 -0.524
380 14.0 -5.181 -0.369
390 14.0 -5.338 0.010
400 14.0 -3.550 -2.435
410 14.0 -4.279 -2.244
420 14.0 -4.874 -5.303
430 14.0 -4.080 -2.344
440 14.0 -3.748 -2.311
450 14.0 -4.039 -1.858
460 14.0 -4.977 -0.733
470 14.0 -3.857 -2.654
480 14.0 -5.011 -2.760
490 14.0 -3.988 0.092
500 14.0 -4.008 -4.353
510 14.0 -3.698 -2.035
320 16.0 -3.779 -1.771
330 16.0 -3.958 -1.698
340 16.0 -4.131 -1.387
350 16.0 -4.001 -0.966
360 16.0 -4.225 -0.679
370 16.0 -4.473 -0.394
380 16.0 -4.759 -0.085
390 16.0 -5.021 0.158
400 16.0 -4.390 -1.721
410 16.0 -1.941 -1.641
420 16.0 -4.438 -1.826
430 16.0 -4.424 -1.067
440 16.0 -3.236 -0.488
450 16.0 -4.527 -3.266
460 16.0 -4.586 -2.639
470 16.0 -2.466 -0.093
480 16.0 -3.394 -2.481
490 16.0 -4.328 -2.032
500 16.0 -3.534 -2.232
510 16.0 -4.414 -1.416
320 18.0 -11.370 10.619
330 18.0 -11.086 10.300
340 18.0 -10.590 9.671
350 18.0 -10.298 9.389
360 18.0 -10.189 8.717
370 18.0 -9.938 8.233
380 18.0 -9.610 7.739
390 18.0 -9.356 7.213
400 18.0 -10.626 11.347
410 18.0 -11.105 10.890
420 18.0 -10.639 9.863
430 18.0 -12.233 10.893
440 18.0 -12.437 9.844
450 18.0 -13.157 11.525
460 18.0 -11.681 10.099
470 18.0 -12.132 12.037
480 18.0 -11.106 10.449
490 18.0 -10.068 10.724
500 18.0 -10.897 9.837
510 18.0 -11.744 12.323
330 19.0 -4.859 -2.884
340 19.0 -4.983 -2.316
350 19.0 -5.126 -2.276
360 19.0 -5.447 -1.982
370 19.0 -5.504 -1.327
380 19.0 -5.984 -1.076
390 19.0 -5.995 -0.845
400 19.0 -6.386 -0.602
410 19.0 -4.678 -2.762
420 19.0 -4.065 -4.858
430 19.0 -2.628 -4.653
440 19.0 -3.925 -1.514
450 19.0 -6.598 -2.643
460 19.0 -4.613 -3.454
470 19.0 -3.627 -1.531
480 19.0 -4.272 -2.863
490 19.0 -3.673 -1.477
500 19.0 -3.850 -3.310
510 19.0 -3.475 -2.750
520 19.0 -4.568 -2.934
340 20.0 -4.106 -2.331
350 20.0 -4.225 -2.067
360 20.0 -4.482 -1.605
370 20.0 -4.991 -1.613
380 20.0 -4.916 -1.000
390 20.0 -5.059 -0.737
400 20.0 -5.360 -0.124
410 20.0 -5.538 -0.133
420 20.0 -4.726 -2.491
430 20.0 -3.323 -3.532
440 20.0 -4.734 -2.449
450 20.0 -4.397 -2.314
460 20.0 -4.459 -2.562
470 20.0 -4.084 -2.700
480 20.0 -4.305 -3.153
490 20.0 -3.490 -3.404
500 20.0 -4.723 -1.804
510 20.0 -5.133 -1.771
520 20.0 -3.866 -2.677
530 20.0 -4.376 -2.037
450 21.0 -11.441 11.157
460 21.0 -11.085 10.634
470 21.0 -10.488 10.199
480 21.0 -10.083 9.607
490 21.0 -9.861 8.788
500 21.0 -9.433 8.193
510 21.0 -8.954 7.914
520 21.0 -8.720 7.313
530 21.0 -10.991 10.435
540 21.0 -12.304 11.937
550 21.0 -11.708 11.953
560 21.0 -12.893 9.948
570 21.0 -10.164 12.470
580 21.0 -12.115 11.799
590 21.0 -10.485 11.779
600 21.0 -12.384 10.779
610 21.0 -10.816 10.574
620 21.0 -10.696 10.474
630 21.0 -12.376 11.106
640 21.0 -9.875 10.378
520 15.0 -7.783 3.872
530 15.0 -7.964 4.391
540 15.0 -8.253 4.686
550 15.0 -8.427 5.211
560 15.0 -8.816 5.564
570 15.0 -9.162 5.796
580 15.0 -9.012 6.182
590 15.0 -9.369 6.819
600 15.0 -7.271 3.708
610 15.0 -6.377 4.024
620 15.0 -8.872 3.664
630 15.0 -8.697 3.725
640 15.0 -7.087 4.157
650 15.0 -7.499 3.908
660 15.0 -7.982 3.063
670 15.0 -6.472 4.460
680 15.0 -7.328 3.867
690 15.0 -7.734 3.812
700 15.0 -6.342 3.812
710 15.0 -7.368 2.977
520 17.0 -7.341 4.469
530 17.0 -7.595 4.622
540 17.0 -7.621 5.006
550 17.0 -7.810 5.332
560 17.0 -8.065 5.658
570 17.0 -8.419 6.124
580 17.0 -8.457 6.737
590 17.0 -8.838 7.225
600 17.0 -7.259 4.299
610 17.0 -6.595 4.301
620 17.0 -8.170 4.752
630 17.0 -7.584 6.203
640 17.0 -8.216 3.913
650 17.0 -7.348 4.474
660 17.0 -7.283 3.314
670 17.0 -8.819 4.402
680 17.0 -7.515 3.464
690 17.0 -7.921 4.600
700 17.0 -7.440 5.269
710 17.0 -6.417 4.326
600 22.0 -11.691 10.591
610 22.0 -11.288 10.313
620 22.0 -11.128 10.023
630 22.0 -10.697 9.669
640 22.0 -10.242 9.524
650 22.0 -9.905 9.091
660 22.0 -9.658 8.535
670 22.0 -9.671 8.055
680 22.0 -11.104 9.733
690 22.0 -13.130 10.000
700 22.0 -11.833 10.965
710 22.0 -11.582 12.503
720 22.0 -11.794 10.216
730 22.0 -10.877 11.862
740 22.0 -11.401 9.779
750 22.0 -11.646 10.158
760 22.0 -12.312 11.104
770 22.0 -9.861 10.673
780 22.0 -12.091 10.454
790 22.0 -12.176 9.318
610 23.0 -10.210 11.918
620 23.0 -9.857 11.448
630 23.0 -9.356 10.982
640 23.0 -9.052 10.571
650 23.0 -8.923 10.097
660 23.0 -8.670 9.657
670 23.0 -8.297 9.115
680 23.0 -7.966 8.624
690 23.0 -10.702 11.930
700 23.0 -10.394 10.710
710 23.0 -10.247 12.051
720 23.0 -9.926 12.743
730 23.0 -9.303 12.610
740 23.0 -10.263 12.236
750 23.0 -9.657 14.328
760 23.0 -10.664 12.569
770 23.0 -11.576 11.253
780 23.0 -10.224 11.706
790 23.0 -9.472 11.902
800 23.0 -11.962 11.206
620 24.0 -10.788 11.037
630 24.0 -10.502 10.606
640 24.0 -10.045 10.034
650 24.0 -9.793 9.851
660 24.0 -9.424 9.274
670 24.0 -9.104 9.017
680 24.0 -8.882 8.310
690 24.0 -8.732 7.638
700 24.0 -10.451 11.765
710 24.0 -11.595 10.104
720 24.0 -10.879 10.230
730 24.0 -10.866 10.821
740 24.0 -10.173 12.184
750 24.0 -11.900 12.206
760 24.0 -9.139 11.633
770 24.0 -11.467 11.120
780 24.0 -11.850 12.975
790 24.0 -10.963 11.902
800 24.0 -11.651 11.094
810 24.0 -10.472 9.807
680 25.0 -11.005 11.300
690 25.0 -10.769 10.801
700 25.0 -10.458 10.327
710 25.0 -10.346 9.899
720 25.0 -9.974 9.402
730 25.0 -9.820 9.151
740 25.0 -9.601 8.327
750 25.0 -9.261 8.004
760 25.0 -9.876 8.806
770 25.0 -10.092 11.606
780 25.0 -10.481 12.290
790 25.0 -11.391 9.549
800 25.0 -12.290 10.564
810 25.0 -10.188 11.058
820 25.0 -11.208 11.190
830 25.0 -10.942 10.322
840 25.0 -10.381 13.603
850 25.0 -11.549 11.055
860 25.0 -11.753 11.582
870 25.0 -12.363 9.871
680 26.0 -11.298 11.117
690 26.0 -10.929 10.487
700 26.0 -10.931 10.048
710 26.0 -10.681 9.571
720 26.0 -10.442 9.027
730 26.0 -10.366 8.519
740 26.0 -10.111 8.239
750 26.0 -9.795 7.755
760 26.0 -12.666 10.125
770 26.0 -9.384 10.475
780 26.0 -11.052 11.190
790 26.0 -13.336 12.319
800 26.0 -13.173 11.173
810 26.0 -11.326 11.802
820 26.0 -11.476 10.257
830 26.0 -11.723 11.972
840 26.0 -12.031 10.185
850 26.0 -13.407 11.247
860 26.0 -11.311 11.026
870 26.0 -13.031 11.131
710 27.0 -11.533 10.598
720 27.0 -11.341 9.995
730 27.0 -11.295 9.403
740 27.0 -11.018 8.747
750 27.0 -10.931 7.936
760 27.0 -10.711 7.280
770 27.0 -10.720 6.642
780 27.0 -10.843 5.972
790 27.0 -12.245 10.659
800 27.0 -12.071 9.408
810 27.0 -11.885 10.670
820 27.0 -11.395 10.710
830 27.0 -10.037 10.947
840 27.0 -11.661 8.383
850 27.0 -10.410 9.682
860 27.0 -11.569 11.185
870 27.0 -12.739 9.985
880 27.0 -11.838 9.106
890 27.0 -12.283 10.893
900 27.0 -10.990 11.895
710 28.0 -11.130 11.318
720 28.0 -10.776 10.626
730 28.0 -10.651 10.129
740 28.0 -10.654 9.323
750 28.0 -10.412 8.742
760 28.0 -10.287 7.748
770 28.0 -10.309 7.328
780 28.0 -10.081 6.483
790 28.0 -10.774 10.829
800 28.0 -11.693 12.275
810 28.0 -11.877 10.705
820 28.0 -11.016 12.602
830 28.0 -11.593 10.698
840 28.0 -11.053 10.015
850 28.0 -12.019 11.061
860 28.0 -10.428 11.196
870 28.0 -10.285 10.124
880 28.0 -10.697 12.842
890 28.0 -13.030 11.921
900 28.0 -9.232 11.625
740 29.0 -11.406 10.298
750 29.0 -11.124 9.965
760 29.0 -10.970 9.401
770 29.0 -11.102 8.911
780 29.0 -11.060 8.238
790 29.0 -11.274 7.501
800 29.0 -11.258 6.985
810 29.0 -11.043 6.219
820 29.0 -10.569 10.316
830 29.0 -10.482 10.590
840 29.0 -11.257 10.909
850 29.0 -10.737 12.042
860 29.0 -10.642 10.697
870 29.0 -10.858 9.452
880 29.0 -13.515 10.904
890 29.0 -11.132 11.677
900 29.0 -11.762 10.806
910 29.0 -10.574 10.247
920 29.0 -12.517 10.168
930 29.0 -11.565 10.742
740 30.0 -10.637 11.078
750 30.0 -10.335 10.583
760 30.0 -10.046 9.891
770 30.0 -9.811 9.447
780 30.0 -10.162 8.725
790 30.0 -10.114 7.987
800 30.0 -9.740 7.329
810 30.0 -9.401 6.755
820 30.0 -10.498 11.636
830 30.0 -10.430 11.455
840 30.0 -10.398 11.727
850 30.0 -11.122 11.207
860 30.0 -9.617 10.715
870 30.0 -11.562 12.702
880 30.0 -10.105 9.977
890 30.0 -10.198 12.686
900 30.0 -9.208 10.471
910 30.0 -10.032 10.708
920 30.0 -9.821 10.680
930 30.0 -10.041 10.714
750 31.0 -4.597 -2.527
760 31.0 -4.862 -1.888
770 31.0 -5.315 -1.249
780 31.0 -5.346 -1.122
790 31.0 -6.131 -0.458
800 31.0 -6.449 0.169
810 31.0 -6.869 0.198
820 31.0 -7.382 1.069
830 31.0 -4.568 -2.308
840 31.0 -4.612 -2.277
850 31.0 -4.667 -3.249
860 31.0 -4.341 -3.009
870 31.0 -5.834 -3.337
880 31.0 -5.879 -1.763
890 31.0 -4.536 -3.066
900 31.0 -4.447 -2.226
910 31.0 -4.910 -2.566
920 31.0 -5.112 -2.568
930 31.0 -2.894 -4.222
940 31.0 -5.326 -3.647
750 37.0 -4.777 -2.776
760 37.0 -5.315 -2.474
770 37.0 -5.613 -1.679
780 37.0 -5.963 -1.378
790 37.0 -6.390 -0.936
800 37.0 -6.665 -0.383
810 37.0 -6.951 0.119
820 37.0 -7.542 0.314
830 37.0 -5.693 -3.677
840 37.0 -4.066 -4.174
850 37.0 -4.261 -1.486
860 37.0 -5.704 -3.023
870 37.0 -4.423 -3.214
880 37.0 -4.591 -1.791
890 37.0 -5.623 -2.524
900 37.0 -5.152 -2.282
910 37.0 -4.124 -2.739
920 37.0 -6.476 -2.458
930 37.0 -4.691 -2.474
940 37.0 -6.138 -3.749
950 32.0 -10.420 6.776
960 32.0 -10.908 7.239
970 32.0 -10.897 7.643
980 32.0 -11.235 7.338
990 32.0 -11.387 7.543
1000 32.0 -11.525 7.518
1010 32.0 -11.554 7.553
1020 32.0 -11.586 7.488
1030 32.0 -10.341 7.151
1040 32.0 -11.290 5.681
1050 32.0 -10.754 5.760
1060 32.0 -10.657 5.981
1070 32.0 -9.036 7.154
1080 32.0 -10.300 6.983
1090 32.0 -11.744 7.653
1100 32.0 -10.565 6.960
1110 32.0 -11.095 5.835
1120 32.0 -10.664 7.609
1130 32.0 -11.201 6.730
1140 32.0 -10.176 8.002
950 38.0 -10.823 6.956
960 38.0 -11.237 7.490
970 38.0 -11.350 7.746
980 38.0 -11.454 7.806
990 38.0 -11.601 8.143
1000 38.0 -11.514 8.067
1010 38.0 -11.572 8.141
1020 38.0 -11.616 8.034
1030 38.0 -10.126 6.747
1040 38.0 -9.870 6.181
1050 38.0 -11.070 8.131
1060 38.0 -9.899 7.454
1070 38.0 -9.632 7.943
1080 38.0 -11.867 7.822
1090 38.0 -11.605 5.575
1100 38.0 -11.471 6.828
1110 38.0 -9.815 6.134
1120 38.0 -11.420 6.317
1130 38.0 -11.271 5.493
1140 38.0 -8.541 5.973
1150 33.0 -11.586 7.826
1160 33.0 -11.423 7.630
1170 33.0 -11.431 7.621
1180 33.0 -11.611 7.728
1190 33.0 -11.579 7.816
1200 33.0 -11.628 7.939
1210 33.0 -11.726 7.761
1220 33.0 -11.642 7.709
1230 33.0 -11.715 8.123
1240 33.0 -12.024 8.186
1250 33.0 -10.495 10.104
1260 33.0 -11.815 7.380
1270 33.0 -11.248 6.881
1280 33.0 -12.355 8.815
1290 33.0 -14.078 7.106
1300 33.0 -10.710 6.820
1310 33.0 -11.199 7.808
1320 33.0 -12.009 6.454
1330 33.0 -9.661 9.171
1340 33.0 -13.080 7.527
1150 39.0 -11.743 8.007
1160 39.0 -11.579 8.249
1170 39.0 -11.651 8.121
1180 39.0 -11.466 8.087
1190 39.0 -11.750 8.192
1200 39.0 -11.631 8.049
1210 39.0 -11.501 8.264
1220 39.0 -11.773 8.173
1230 39.0 -12.392 8.037
1240 39.0 -12.342 8.622
1250 39.0 -11.182 8.003
1260 39.0 -11.913 7.523
1270 39.0 -11.339 7.871
1280 39.0 -13.018 6.812
1290 39.0 -12.435 7.954
1300 39.0 -11.133 7.322
1310 39.0 -12.408 7.578
1320 39.0 -11.540 8.466
1330 39.0 -11.815 8.470
1340 39.0 -11.113 7.451
1190 51.0 -8.326 -4.934
1200 51.0 -8.206 -4.425
1210 51.0 -8.016 -3.780
1220 51.0 -7.956 -3.153
1230 51.0 -8.043 -2.596
1240 51.0 -8.196 -2.129
1250 51.0 -8.197 -1.428
1260 51.0 -8.270 -0.979
1270 51.0 -7.134 -4.201
1280 51.0 -8.296 -7.482
1290 51.0 -5.745 -5.231
1300 51.0 -9.257 -3.995
1310 51.0 -8.398 -4.927
1320 51.0 -7.608 -5.165
1330 51.0 -8.804 -5.257
1340 51.0 -9.826 -5.318
1350 51.0 -8.538 -5.572
1360 51.0 -6.951 -4.749
1370 51.0 -8.981 -3.976
1380 51.0 -8.740 -2.675
1280 52.0 -3.760 -2.166
1290 52.0 -4.401 -1.846
1300 52.0 -4.525 -1.120
1310 52.0 -5.210 -0.749
1320 52.0 -5.328 -0.230
1330 52.0 -5.493 0.379
1340 52.0 -6.125 1.050
1350 52.0 -6.468 1.400
1360 52.0 -3.983 -1.626
1370 52.0 -3.158 -1.766
1380 52.0 -3.971 -1.756
1390 52.0 -5.334 -2.490
1400 52.0 -3.852 -0.798
1410 52.0 -3.355 -1.741
1420 52.0 -2.225 -2.749
1430 52.0 -5.693 -2.814
1440 52.0 -3.607 -2.320
1450 52.0 -5.325 -0.964
1460 52.0 -4.024 -2.615
1470 52.0 -4.476 -2.094
1350 34.0 -11.571 7.809
1360 34.0 -11.544 7.885
1370 34.0 -11.496 7.582
1380 34.0 -11.685 7.814
1390 34.0 -11.684 7.677
1400 34.0 -11.650 7.830
1410 34.0 -11.431 7.548
1420 34.0 -11.512 8.003
1430 34.0 -11.109 7.555
1440 34.0 -10.002 7.699
1450 34.0 -11.834 7.341
1460 34.0 -9.451 6.845
1470 34.0 -11.694 7.722
1480 34.0 -11.695 8.471
1490 34.0 -12.065 7.259
1500 34.0 -10.536 7.279
1510 34.0 -10.999 9.103
1520 34.0 -11.656 8.122
1530 34.0 -10.803 9.760
1540 34.0 -11.659 6.778
1350 40.0 -11.783 8.108
1360 40.0 -11.718 8.014
1370 40.0 -11.515 8.208
1380 40.0 -11.554 7.962
1390 40.0 -11.836 7.921
1400 40.0 -11.780 8.168
1410 40.0 -11.634 7.898
1420 40.0 -11.494 8.041
1430 40.0 -12.557 8.487
1440 40.0 -11.300 9.315
1450 40.0 -12.100 7.590
1460 40.0 -11.783 7.429
1470 40.0 -12.074 6.854
1480 40.0 -11.909 8.183
1490 40.0 -11.475 8.440
1500 40.0 -13.629 7.928
1510 40.0 -11.314 8.471
1520 40.0 -12.305 8.051
1530 40.0 -12.521 6.833
1540 40.0 -13.374 8.048
1530 53.0 -7.909 -4.092
1540 53.0 -7.602 -3.943
1550 53.0 -7.685 -3.485
1560 53.0 -8.093 -2.945
1570 53.0 -7.955 -2.562
1580 53.0 -8.147 -2.204
1590 53.0 -8.025 -1.661
1600 53.0 -8.217 -1.370
1610 53.0 -6.269 -5.307
1620 53.0 -8.852 -4.547
1630 53.0 -8.164 -4.580
1640 53.0 -8.458 -3.761
1650 53.0 -8.609 -4.364
1660 53.0 -6.850 -4.846
1670 53.0 -6.368 -4.516
1680 53.0 -7.544 -2.675
1690 53.0 -6.483 -4.342
1700 53.0 -8.801 -3.939
1710 53.0 -6.625 -2.746
1720 53.0 -7.261 -4.595
1550 35.0 -11.527 7.582
1560 35.0 -11.797 7.743
1570 35.0 -11.402 8.083
1580 35.0 -11.612 7.661
1590 35.0 -11.532 7.859
1600 35.0 -11.543 7.677
1610 35.0 -11.469 7.842
1620 35.0 -11.741 7.855
1630 35.0 -12.462 9.116
1640 35.0 -11.946 8.389
1650 35.0 -10.116 7.697
1660 35.0 -12.135 9.816
1670 35.0 -10.654 7.912
1680 35.0 -11.921 7.319
1690 35.0 -11.933 7.047
1700 35.0 -12.012 7.544
1710 35.0 -10.600 9.622
1720 35.0 -11.223 7.759
1730 35.0 -12.591 8.063
1740 35.0 -11.775 8.953
1550 41.0 -11.718 8.150
1560 41.0 -11.747 8.105
1570 41.0 -11.637 8.231
1580 41.0 -11.700 8.162
1590 41.0 -11.696 8.152
1600 41.0 -11.573 8.102
1610 41.0 -11.593 8.130
1620 41.0 -11.679 8.188
1630 41.0 -12.470 7.533
1640 41.0 -9.333 8.496
1650 41.0 -11.443 9.005
1660 41.0 -12.238 7.887
1670 41.0 -12.326 9.971
1680 41.0 -12.692 7.796
1690 41.0 -10.855 6.385
1700 41.0 -11.031 8.306
1710 41.0 -11.777 7.951
1720 41.0 -11.285 7.655
1730 41.0 -10.739 8.247
1740 41.0 -11.919 8.998
1580 55.0 -11.130 11.039
1590 55.0 -10.813 10.433
1600 55.0 -10.646 10.063
1610 55.0 -10.366 9.498
1620 55.0 -10.139 9.085
1630 55.0 -9.733 8.602
1640 55.0 -9.499 8.034
1650 55.0 -9.167 7.765
1660 55.0 -11.680 10.889
1670 55.0 -11.324 11.961
1680 55.0 -11.115 11.931
1690 55.0 -11.530 11.921
1700 55.0 -10.425 12.371
1710 55.0 -11.991 12.195
1720 55.0 -11.927 11.715
1730 55.0 -11.719 12.412
1740 55.0 -11.316 10.197
1750 55.0 -12.177 9.671
1760 55.0 -13.217 12.114
1770 55.0 -10.336 10.857
1590 54.0 -11.543 10.309
1600 54.0 -11.285 9.860
1610 54.0 -11.022 9.562
1620 54.0 -10.724 8.911
1630 54.0 -10.407 8.560
1640 54.0 -10.051 7.996
1650 54.0 -10.007 7.615
1660 54.0 -9.622 7.214
1670 54.0 -12.369 9.492
1680 54.0 -11.572 10.192
1690 54.0 -9.788 9.683
1700 54.0 -13.280 9.326
1710 54.0 -12.947 10.660
1720 54.0 -12.593 10.455
1730 54.0 -11.815 9.761
1740 54.0 -12.904 10.603
1750 54.0 -13.087 11.219
1760 54.0 -11.801 10.244
1770 54.0 -12.029 8.204
1780 54.0 -11.008 8.596
1640 59.0 -4.701 -2.543
1650 59.0 -5.283 -2.470
1660 59.0 -5.590 -2.145
1670 59.0 -5.786 -2.129
1680 59.0 -6.344 -2.161
1690 59.0 -6.616 -1.981
1700 59.0 -6.728 -2.328
1710 59.0 -6.876 -2.134
1720 59.0 -4.411 -3.380
1730 59.0 -4.227 -1.551
1740 59.0 -3.554 -1.745
1750 59.0 -4.626 -1.811
1760 59.0 -3.782 -3.187
1770 59.0 -4.362 -2.282
1780 59.0 -4.645 -4.258
1790 59.0 -4.811 -2.272
1800 59.0 -4.373 -1.836
1810 59.0 -3.732 -1.285
1820 59.0 -4.356 -2.117
1830 59.0 -3.237 -3.886
1650 56.0 -5.828 -3.149
1660 56.0 -6.045 -3.032
1670 56.0 -6.689 -2.802
1680 56.0 -6.772 -2.753
1690 56.0 -7.042 -2.567
1700 56.0 -7.422 -2.364
1710 56.0 -7.806 -2.140
1720 56.0 -8.031 -2.002
1730 56.0 -7.254 -2.179
1740 56.0 -4.775 -4.007
1750 56.0 -6.502 -4.393
1760 56.0 -7.010 -5.868
1770 56.0 -5.169 -2.599
1780 56.0 -5.442 -2.878
1790 56.0 -5.443 -3.604
1800 56.0 -6.780 -3.706
1810 56.0 -4.886 -2.649
1820 56.0 -6.579 -2.384
1830 56.0 -4.448 -3.180
1840 56.0 -7.272 -3.130
1680 62.0 -5.048 -2.805
1690 62.0 -5.324 -2.127
1700 62.0 -5.647 -1.911
1710 62.0 -5.746 -1.480
1720 62.0 -6.327 -1.014
1730 62.0 -6.535 -0.792
1740 62.0 -6.786 -0.274
1750 62.0 -6.699 -0.168
1760 62.0 -5.530 -1.220
1770 62.0 -4.798 -2.307
1780 62.0 -3.767 -3.336
1790 62.0 -5.559 -5.151
1800 62.0 -5.867 -3.105
1810 62.0 -5.015 -3.034
1820 62.0 -5.447 -3.130
1830 62.0 -5.808 -3.944
1840 62.0 -5.933 -2.093
1850 62.0 -3.951 -3.053
1860 62.0 -6.438 -3.800
1870 62.0 -5.433 -3.053
1680 63.0 -4.374 -2.266
1690 63.0 -4.405 -2.103
1700 63.0 -4.911 -1.570
1710 63.0 -4.862 -1.041
1720 63.0 -5.111 -0.819
1730 63.0 -5.301 -0.291
1740 63.0 -5.630 0.237
1750 63.0 -5.903 0.730
1760 63.0 -4.200 -3.078
1770 63.0 -3.801 -2.045
1780 63.0 -6.288 -1.951
1790 63.0 -5.191 -2.169
1800 63.0 -4.335 -2.038
1810 63.0 -3.405 -2.941
1820 63.0 -4.040 -1.828
1830 63.0 -3.375 -2.845
1840 63.0 -3.590 -1.763
1850 63.0 -4.794 -2.192
1860 63.0 -4.211 -1.350
1870 63.0 -3.958 -1.635
1750 36.0 -11.725 7.692
1760 36.0 -11.584 7.534
1770 36.0 -11.653 7.840
1780 36.0 -11.720 7.981
1790 36.0 -11.742 7.970
1800 36.0 -11.672 7.664
1810 36.0 -11.553 7.476
1820 36.0 -11.455 7.894
1830 36.0 -10.658 8.141
1840 36.0 -9.848 7.262
1850 36.0 -12.224 6.642
1860 36.0 -10.796 7.217
1870 36.0 -11.713 8.188
1880 36.0 -11.077 8.322
1890 36.0 -12.457 7.806
1900 36.0 -11.493 7.528
1910 36.0 -12.218 8.919
1920 36.0 -9.841 7.212
1930 36.0 -10.991 8.706
1940 36.0 -12.170 5.577
1750 42.0 -11.793 8.276
1760 42.0 -11.816 8.280
1770 42.0 -11.831 8.124
1780 42.0 -11.671 8.193
1790 42.0 -11.616 8.006
1800 42.0 -11.659 8.211
1810 42.0 -11.643 8.230
1820 42.0 -11.672 8.180
1830 42.0 -10.650 7.410
1840 42.0 -11.931 9.284
1850 42.0 -12.756 6.899
1860 42.0 -13.076 8.592
1870 42.0 -13.032 8.197
1880 42.0 -11.572 7.848
1890 42.0 -13.262 9.266
1900 42.0 -12.092 8.169
1910 42.0 -12.470 8.067
1920 42.0 -11.600 7.219
1930 42.0 -12.179 7.278
1940 42.0 -10.836 7.375
1840 60.0 -8.683 -1.728
1850 60.0 -8.733 -1.831
1860 60.0 -8.682 -1.567
1870 60.0 -8.817 -1.725
1880 60.0 -8.695 -1.690
1890 60.0 -8.653 -1.508
1900 60.0 -8.665 -1.611
1910 60.0 -8.691 -1.298
1920 60.0 -9.875 -4.053
1930 60.0 -8.449 -2.195
1940 60.0 -7.416 -2.914
1950 60.0 -8.908 -1.808
1960 60.0 -8.313 -0.674
1970 60.0 -7.875 -3.160
1980 60.0 -10.708 -1.913
1990 60.0 -8.618 -0.437
2000 60.0 -7.645 -1.193
2010 60.0 -8.742 -1.116
2020 60.0 -9.522 -1.239
2030 60.0 -9.183 -2.553
1850 57.0 -9.247 -1.128
1860 57.0 -9.085 -1.158
1870 57.0 -9.063 -1.165
1880 57.0 -9.194 -1.214
1890 57.0 -9.196 -0.975
1900 57.0 -9.312 -1.045
1910 57.0 -9.349 -0.905
1920 57.0 -9.388 -0.688
1930 57.0 -9.516 -1.478
1940 57.0 -9.672 -0.921
1950 57.0 -8.921 -1.140
1960 57.0 -9.461 -2.728
1970 57.0 -11.433 -2.632
1980 57.0 -10.071 -0.775
1990 57.0 -9.140 0.004
2000 57.0 -8.786 -0.568
2010 57.0 -9.343 -0.853
2020 57.0 -8.854 1.330
2030 57.0 -8.628 0.082
2040 57.0 -8.688 -2.652
1870 64.0 -6.458 -3.608
1880 64.0 -6.439 -3.288
1890 64.0 -6.643 -2.912
1900 64.0 -6.693 -2.549
1910 64.0 -7.069 -2.382
1920 64.0 -7.149 -1.921
1930 64.0 -7.467 -1.650
1940 64.0 -7.632 -1.312
1950 64.0 -6.226 -3.898
1960 64.0 -6.890 -1.887
1970 64.0 -4.942 -3.044
1980 64.0 -5.198 -3.026
1990 64.0 -6.934 -2.799
2000 64.0 -4.941 -3.515
2010 64.0 -6.596 -4.239
2020 64.0 -4.945 -3.419
2030 64.0 -6.761 -4.645
2040 64.0 -7.083 -4.487
2050 64.0 -7.110 -4.140
2060 64.0 -4.908 -3.200
1890 66.0 -6.603 -3.901
1900 66.0 -6.787 -3.571
1910 66.0 -6.841 -3.234
1920 66.0 -7.232 -3.148
1930 66.0 -7.415 -2.608
1940 66.0 -7.529 -2.378
1950 66.0 -7.459 -1.970
1960 66.0 -7.636 -2.139
1970 66.0 -7.531 -4.226
1980 66.0 -7.091 -2.476
1990 66.0 -7.630 -2.468
2000 66.0 -6.870 -3.729
2010 66.0 -6.904 -3.918
2020 66.0 -7.323 -4.191
2030 66.0 -5.615 -2.945
2040 66.0 -6.028 -3.985
2050 66.0 -7.393 -4.725
2060 66.0 -7.241 -4.264
2070 66.0 -7.031 -3.850
2080 66.0 -6.269 -2.022
1890 68.0 -4.760 -2.677
1900 68.0 -4.950 -2.390
1910 68.0 -5.088 -1.819
1920 68.0 -5.346 -1.345
1930 68.0 -5.531 -0.812
1940 68.0 -5.809 -0.216
1950 68.0 -5.966 0.325
1960 68.0 -6.246 1.040
1970 68.0 -3.342 -1.582
1980 68.0 -4.992 -4.743
1990 68.0 -3.889 -1.999
2000 68.0 -5.510 -2.948
2010 68.0 -4.291 -1.316
2020 68.0 -4.181 -3.112
2030 68.0 -5.338 -2.447
2040 68.0 -4.796 -2.794
2050 68.0 -3.398 -2.945
2060 68.0 -6.179 -2.799
2070 68.0 -4.985 -2.493
2080 68.0 -3.665 -1.567
1900 69.0 -5.247 -2.643
1910 69.0 -5.412 -2.112
1920 69.0 -5.926 -1.592
1930 69.0 -6.129 -1.039
1940 69.0 -6.089 -0.581
1950 69.0 -6.265 0.246
1960 69.0 -6.393 0.688
1970 69.0 -6.790 1.369
1980 69.0 -7.794 -2.800
1990 69.0 -4.489 -3.559
2000 69.0 -4.883 -3.297
2010 69.0 -5.395 -3.270
2020 69.0 -5.384 -3.411
2030 69.0 -5.169 -2.347
2040 69.0 -6.032 -3.752
2050 69.0 -5.515 -3.278
2060 69.0 -5.324 -3.368
2070 69.0 -4.898 -2.472
2080 69.0 -5.029 -3.870
2090 69.0 -6.241 -3.282
1900 70.0 -5.752 -3.346
1910 70.0 -5.817 -3.040
1920 70.0 -5.929 -2.667
1930 70.0 -6.027 -2.505
1940 70.0 -6.384 -2.159
1950 70.0 -6.569 -1.776
1960 70.0 -6.523 -1.355
1970 70.0 -6.701 -0.961
1980 70.0 -6.661 -1.510
1990 70.0 -4.743 -3.681
2000 70.0 -7.506 -3.006
2010 70.0 -4.803 -3.341
2020 70.0 -6.021 -3.725
2030 70.0 -5.284 -1.840
2040 70.0 -4.949 -2.785
2050 70.0 -4.835 -3.464
2060 70.0 -8.005 -2.831
2070 70.0 -7.526 -3.454
2080 70.0 -4.467 -0.872
2090 70.0 -5.091 -0.767
1910 72.0 -6.126 -3.678
1920 72.0 -6.361 -3.256
1930 72.0 -6.581 -2.996
1940 72.0 -6.609 -2.599
1950 72.0 -6.819 -2.402
1960 72.0 -6.890 -1.949
1970 72.0 -7.288 -1.704
1980 72.0 -7.311 -1.326
1990 72.0 -6.086 -1.615
2000 72.0 -6.337 -4.489
2010 72.0 -5.906 -2.147
2020 72.0 -6.432 -2.475
2030 72.0 -6.113 -4.050
2040 72.0 -6.525 -1.891
2050 72.0 -6.189 -3.555
2060 72.0 -5.884 -1.907
2070 72.0 -5.396 -4.182
2080 72.0 -7.084 -3.216
2090 72.0 -6.134 -3.239
2100 72.0 -5.563 -4.553
1950 43.0 -11.701 7.258
1960 43.0 -11.642 7.103
1970 43.0 -11.549 6.815
1980 43.0 -11.602 6.583
1990 43.0 -11.462 6.396
2000 43.0 -11.398 6.103
2010 43.0 -11.342 5.805
2020 43.0 -11.237 5.642
2030 43.0 -11.516 6.763
2040 43.0 -13.073 7.836
2050 43.0 -11.781 8.327
2060 43.0 -12.196 8.110
2070 43.0 -12.724 8.222
2080 43.0 -11.759 5.578
2090 43.0 -14.091 5.794
2100 43.0 -11.960 7.452
2110 43.0 -9.728 5.939
2120 43.0 -10.574 6.072
2130 43.0 -10.810 7.014
2140 43.0 -11.428 6.669
1950 73.0 -4.858 -2.803
1960 73.0 -5.394 -2.429
1970 73.0 -5.478 -2.047
1980 73.0 -6.121 -2.100
1990 73.0 -6.272 -1.527
2000 73.0 -6.264 -1.230
2010 73.0 -6.443 -0.864
2020 73.0 -6.663 -0.406
2030 73.0 -5.596 -3.007
2040 73.0 -4.361 -3.242
2050 73.0 -6.172 -1.974
2060 73.0 -4.846 -4.160
2070 73.0 -5.303 -3.619
2080 73.0 -6.520 -3.350
2090 73.0 -3.658 -3.571
2100 73.0 -3.798 -3.861
2110 73.0 -4.801 -2.679
2120 73.0 -5.420 -2.729
2130 73.0 -5.775 -4.162
2140 73.0 -5.232 -4.010
1970 74.0 -4.356 -2.707
1980 74.0 -4.697 -2.407
1990 74.0 -4.974 -1.915
2000 74.0 -5.060 -1.173
2010 74.0 -5.524 -0.484
2020 74.0 -5.728 -0.100
2030 74.0 -5.550 0.427
2040 74.0 -6.016 0.880
2050 74.0 -4.132 -2.013
2060 74.0 -4.889 -2.448
2070 74.0 -4.431 -2.755
2080 74.0 -4.006 -3.164
2090 74.0 -2.976 -3.039
2100 74.0 -4.148 -2.924
2110 74.0 -4.893 -3.353
2120 74.0 -4.024 -2.588
2130 74.0 -5.203 -2.049
2140 74.0 -2.147 -2.141
2150 74.0 -5.697 -2.518
2160 74.0 -4.475 -2.385
1980 75.0 -12.389 10.349
1990 75.0 -12.058 10.099
2000 75.0 -11.832 9.588
2010 75.0 -11.550 9.346
2020 75.0 -11.252 8.846
2030 75.0 -10.919 8.189
2040 75.0 -10.865 7.629
2050 75.0 -10.770 7.056
2060 75.0 -11.239 9.878
2070 75.0 -13.050 10.336
2080 75.0 -11.296 10.426
2090 75.0 -11.642 11.545
2100 75.0 -11.297 10.521
2110 75.0 -12.260 10.725
2120 75.0 -14.071 10.921
2130 75.0 -12.642 7.820
2140 75.0 -11.020 10.241
2150 75.0 -12.946 9.868
2160 75.0 -14.363 9.779
2170 75.0 -12.275 10.685
1980 76.0 -11.926 10.547
1990 76.0 -11.517 10.159
2000 76.0 -11.359 9.695
2010 76.0 -11.037 9.198
2020 76.0 -10.912 8.455
2030 76.0 -10.841 8.069
2040 76.0 -10.466 7.627
2050 76.0 -10.321 7.106
2060 76.0 -12.529 10.534
2070 76.0 -11.817 11.605
2080 76.0 -11.635 11.117
2090 76.0 -12.875 11.783
2100 76.0 -11.403 9.784
2110 76.0 -13.171 10.730
2120 76.0 -9.982 9.718
2130 76.0 -12.489 9.325
2140 76.0 -13.753 10.529
2150 76.0 -12.282 11.781
2160 76.0 -11.926 11.080
2170 76.0 -11.877 10.592
2020 77.0 -13.411 9.297
2030 77.0 -12.952 8.865
2040 77.0 -13.077 8.452
2050 77.0 -12.831 7.715
2060 77.0 -12.424 7.335
2070 77.0 -12.073 6.859
2080 77.0 -11.664 6.283
2090 77.0 -11.300 5.768
2100 77.0 -13.477 8.876
2110 77.0 -11.086 10.124
2120 77.0 -13.547 9.544
2130 77.0 -12.996 7.368
2140 77.0 -12.579 9.303
2150 77.0 -13.070 12.876
2160 77.0 -11.886 9.785
2170 77.0 -12.783 9.247
2180 77.0 -13.969 8.717
2190 77.0 -13.421 9.489
2200 77.0 -12.861 7.231
2210 77.0 -13.704 9.394
2040 61.0 -9.738 1.281
2050 61.0 -10.087 1.517
2060 61.0 -9.774 1.891
2070 61.0 -10.101 2.184
2080 61.0 -10.354 2.260
2090 61.0 -10.451 2.429
2100 61.0 -10.473 2.732
2110 61.0 -10.600 3.479
2120 61.0 -10.151 1.412
2130 61.0 -10.760 1.425
2140 61.0 -10.423 2.995
2150 61.0 -10.229 1.487
2160 61.0 -8.592 1.380
2170 61.0 -11.346 1.840
2180 61.0 -9.014 0.274
2190 61.0 -10.737 0.023
2200 61.0 -11.202 1.032
2210 61.0 -10.364 0.653
2220 61.0 -9.823 0.995
2230 61.0 -10.560 1.094
2050 58.0 -10.183 2.741
2060 58.0 -10.202 3.071
2070 58.0 -10.410 3.433
2080 58.0 -10.445 3.735
2090 58.0 -10.617 4.081
2100 58.0 -10.658 4.538
2110 58.0 -10.938 4.992
2120 58.0 -11.160 5.280
2130 58.0 -10.961 1.146
2140 58.0 -11.704 1.929
2150 58.0 -10.526 1.723
2160 58.0 -9.445 1.465
2170 58.0 -9.998 2.605
2180 58.0 -11.191 2.613
2190 58.0 -9.103 2.890
2200 58.0 -9.430 2.435
2210 58.0 -11.866 4.821
2220 58.0 -8.725 2.512
2230 58.0 -10.599 3.359
2240 58.0 -11.196 1.914
2070 65.0 -8.505 4.150
2080 65.0 -8.581 4.648
2090 65.0 -8.797 4.880
2100 65.0 -8.888 5.384
2110 65.0 -9.017 5.736
2120 65.0 -9.123 6.233
2130 65.0 -9.169 6.546
2140 65.0 -9.530 6.939
2150 65.0 -8.102 4.635
2160 65.0 -7.773 5.316
2170 65.0 -9.407 3.097
2180 65.0 -7.198 5.125
2190 65.0 -8.709 3.434
2200 65.0 -7.236 4.894
2210 65.0 -8.828 2.106
2220 65.0 -8.675 1.971
2230 65.0 -7.701 5.584
2240 65.0 -8.168 4.087
2250 65.0 -8.992 4.742
2260 65.0 -9.368 4.328
2090 67.0 -9.226 2.746
2100 67.0 -9.272 3.181
2110 67.0 -9.102 3.348
2120 67.0 -9.082 3.889
2130 67.0 -8.872 4.007
2140 67.0 -8.866 4.243
2150 67.0 -9.125 4.363
2160 67.0 -9.230 4.684
2170 67.0 -8.843 2.485
2180 67.0 -9.094 3.094
2190 67.0 -7.880 2.559
2200 67.0 -8.986 3.603
2210 67.0 -10.223 1.130
2220 67.0 -8.496 1.624
2230 67.0 -9.510 1.669
2240 67.0 -9.921 2.241
2250 67.0 -9.011 1.546
2260 67.0 -10.493 2.699
2270 67.0 -9.417 2.235
2280 67.0 -9.558 3.705
2100 71.0 -7.988 3.573
2110 71.0 -8.148 4.105
2120 71.0 -8.266 4.415
2130 71.0 -8.361 4.896
2140 71.0 -8.705 5.335
2150 71.0 -8.939 5.677
2160 71.0 -8.974 6.070
2170 71.0 -9.340 6.554
2180 71.0 -8.329 2.879
2190 71.0 -8.038 4.810
2200 71.0 -7.058 2.671
2210 71.0 -8.155 2.832
2220 71.0 -9.047 4.545
2230 71.0 -8.991 2.374
2240 71.0 -7.717 3.426
2250 71.0 -7.864 2.707
2260 71.0 -8.031 1.877
2270 71.0 -7.383 3.610
2280 71.0 -7.328 3.862
2290 71.0 -8.599 5.224
2150 44.0 -10.703 1.972
2160 44.0 -10.501 1.475
2170 44.0 -10.270 1.307
2180 44.0 -10.200 0.953
2190 44.0 -10.128 0.733
2200 44.0 -9.863 0.531
2210 44.0 -9.865 0.109
2220 44.0 -9.882 -0.221
2230 44.0 -9.748 1.546
2240 44.0 -9.512 2.061
2250 44.0 -11.043 2.632
2260 44.0 -11.902 2.633
2270 44.0 -10.272 2.647
2280 44.0 -10.710 2.205
2290 44.0 -11.325 0.263
2300 44.0 -10.368 2.731
2310 44.0 -10.602 0.324
2320 44.0 -9.937 1.697
2330 44.0 -11.063 3.409
2340 44.0 -11.733 0.948
2350 45.0 -10.083 -0.250
2360 45.0 -10.049 -0.198
2370 45.0 -10.094 -0.160
2380 45.0 -10.072 -0.270
2390 45.0 -10.045 -0.376
2400 45.0 -10.135 -0.351
2410 45.0 -10.053 -0.315
2420 45.0 -9.944 -0.353
2430 45.0 -10.493 -2.045
2440 45.0 -11.887 1.187
2450 45.0 -8.769 -1.132
2460 45.0 -10.034 -0.995
2470 45.0 -9.937 -0.742
2480 45.0 -8.884 0.180
2490 45.0 -9.315 -0.589
2500 45.0 -10.521 0.766
2510 45.0 -11.608 -0.155
2520 45.0 -9.184 -0.532
2530 45.0 -9.489 0.139
2540 45.0 -9.661 1.490
2490 78.0 -3.902 -2.070
2500 78.0 -4.171 -1.279
2510 78.0 -4.756 -0.776
2520 78.0 -5.066 0.040
2530 78.0 -5.687 0.570
2540 78.0 -5.824 1.046
2550 78.0 -5.985 1.212
2560 78.0 -6.535 2.104
2570 78.0 -4.452 -2.350
2580 78.0 -4.263 -2.135
2590 78.0 -2.299 -3.218
2600 78.0 -3.649 -2.354
2610 78.0 -3.120 -0.807
2620 78.0 -4.073 -2.469
2630 78.0 -3.748 -4.299
2640 78.0 -2.417 -2.501
2650 78.0 -4.494 -2.369
2660 78.0 -3.105 -2.258
2670 78.0 -3.995 -1.497
2680 78.0 -5.026 -1.018
2550 46.0 -9.177 -0.979
2560 46.0 -9.091 -1.044
2570 46.0 -9.244 -0.843
2580 46.0 -9.200 -0.856
2590 46.0 -9.240 -1.000
2600 46.0 -9.191 -0.985
2610 46.0 -9.236 -1.035
2620 46.0 -9.240 -0.959
2630 46.0 -8.620 -1.308
2640 46.0 -9.888 -1.738
2650 46.0 -9.167 -1.959
2660 46.0 -8.231 -1.415
2670 46.0 -9.252 -1.320
2680 46.0 -9.479 -0.630
2690 46.0 -10.391 -1.517
2700 46.0 -9.511 -1.434
2710 46.0 -9.150 0.981
2720 46.0 -8.709 -2.140
2730 46.0 -9.332 -1.328
2740 46.0 -8.476 -0.329
2680 79.0 -12.539 10.038
2690 79.0 -12.229 9.645
2700 79.0 -11.981 9.003
2710 79.0 -11.823 8.657
2720 79.0 -11.557 7.955
2730 79.0 -11.367 7.553
2740 79.0 -10.922 6.935
2750 79.0 -10.512 6.150
2760 79.0 -12.858 12.000
2770 79.0 -12.114 11.279
2780 79.0 -13.016 10.494
2790 79.0 -13.016 10.580
2800 79.0 -13.118 11.982
2810 79.0 -13.450 10.844
2820 79.0 -11.870 9.736
2830 79.0 -12.206 11.180
2840 79.0 -13.221 9.529
2850 79.0 -13.883 10.035
2860 79.0 -13.409 11.965
2870 79.0 -13.058 10.005
2720 80.0 -7.403 -4.006
2730 80.0 -7.293 -3.775
2740 80.0 -7.294 -3.471
2750 80.0 -7.331 -3.127
2760 80.0 -7.312 -2.516
2770 80.0 -6.971 -2.530
2780 80.0 -7.145 -2.358
2790 80.0 -7.105 -2.186
2800 80.0 -7.662 -5.701
2810 80.0 -7.454 -4.237
2820 80.0 -6.689 -3.289
2830 80.0 -7.493 -3.094
2840 80.0 -7.702 -2.528
2850 80.0 -7.682 -2.401
2860 80.0 -8.116 -4.573
2870 80.0 -7.426 -3.597
2880 80.0 -6.482 -3.340
2890 80.0 -7.919 -3.293
2900 80.0 -7.916 -3.662
2910 80.0 -7.542 -4.759
2750 47.0 -9.318 -0.913
2760 47.0 -9.364 -0.939
2770 47.0 -9.060 -1.100
2780 47.0 -9.005 -1.231
2790 47.0 -9.510 -0.998
2800 47.0 -9.363 -0.987
2810 47.0 -9.445 -1.044
2820 47.0 -9.366 -1.023
2830 47.0 -10.191 -0.470
2840 47.0 -9.872 -0.006
2850 47.0 -10.223 -1.096
2860 47.0 -9.363 -2.309
2870 47.0 -8.716 -1.032
2880 47.0 -10.934 -1.723
2890 47.0 -10.120 -0.234
2900 47.0 -9.064 0.117
2910 47.0 -9.146 -1.485
2920 47.0 -9.002 -0.419
2930 47.0 -8.506 -2.149
2940 47.0 -9.243 0.408
2790 81.0 -8.410 -4.106
2800 81.0 -7.962 -3.884
2810 81.0 -7.816 -3.559
2820 81.0 -7.445 -3.302
2830 81.0 -7.519 -2.974
2840 81.0 -7.488 -2.608
2850 81.0 -7.441 -1.981
2860 81.0 -7.494 -1.539
2870 81.0 -8.570 -3.865
2880 81.0 -9.249 -3.010
2890 81.0 -9.835 -5.406
2900 81.0 -7.641 -3.889
2910 81.0 -8.557 -3.610
2920 81.0 -9.369 -3.602
2930 81.0 -8.442 -5.610
2940 81.0 -8.406 -3.641
2950 81.0 -7.112 -3.984
2960 81.0 -7.924 -3.634
2970 81.0 -7.439 -4.965
2980 81.0 -7.648 -3.524
2890 85.0 -12.411 10.197
2900 85.0 -12.143 9.874
2910 85.0 -12.011 9.041
2920 85.0 -11.668 8.499
2930 85.0 -11.623 7.895
2940 85.0 -11.337 7.143
2950 85.0 -10.978 6.837
2960 85.0 -10.671 6.349
2970 85.0 -12.625 10.942
2980 85.0 -13.159 8.736
2990 85.0 -11.337 10.522
3000 85.0 -14.054 9.937
3010 85.0 -10.793 10.786
3020 85.0 -11.981 10.670
3030 85.0 -11.997 8.558
3040 85.0 -11.697 9.228
3050 85.0 -11.128 9.933
3060 85.0 -12.419 11.271
3070 85.0 -12.637 10.007
3080 85.0 -12.349 9.881
2890 86.0 -11.786 10.778
2900 86.0 -11.510 10.211
2910 86.0 -11.322 9.753
2920 86.0 -11.146 9.078
2930 86.0 -10.880 8.642
2940 86.0 -10.581 8.059
2950 86.0 -10.425 7.409
2960 86.0 -10.398 6.790
2970 86.0 -11.298 10.704
2980 86.0 -10.661 9.649
2990 86.0 -10.803 9.340
3000 86.0 -12.364 11.085
3010 86.0 -12.096 11.415
3020 86.0 -11.785 12.883
3030 86.0 -10.649 8.909
3040 86.0 -12.077 11.434
3050 86.0 -11.121 10.903
3060 86.0 -11.669 12.269
3070 86.0 -13.518 10.314
3080 86.0 -11.161 10.155
2950 48.0 -9.495 -0.468
2960 48.0 -9.416 -0.357
2970 48.0 -9.390 -0.206
2980 48.0 -9.472 -0.115
2990 48.0 -9.344 0.406
3000 48.0 -9.726 0.748
3010 48.0 -9.671 1.233
3020 48.0 -9.564 1.823
3030 48.0 -11.069 -0.574
3040 48.0 -10.387 -2.005
3050 48.0 -9.984 -1.416
3060 48.0 -11.375 -0.065
3070 48.0 -9.430 0.520
3080 48.0 -9.525 -0.615
3090 48.0 -10.754 -1.858
3100 48.0 -9.794 -0.249
3110 48.0 -9.861 -0.594
3120 48.0 -9.921 -0.663
3130 48.0 -9.010 -0.151
3140 48.0 -9.930 -2.171
2980 87.0 -14.478 9.113
2990 87.0 -14.061 8.851
3000 87.0 -13.761 8.508
3010 87.0 -13.350 8.280
3020 87.0 -12.996 7.929
3030 87.0 -12.684 7.526
3040 87.0 -12.352 6.990
3050 87.0 -12.022 6.660
3060 87.0 -15.409 9.508
3070 87.0 -14.438 7.704
3080 87.0 -14.734 9.031
3090 87.0 -15.912 8.216
3100 87.0 -14.258 9.606
3110 87.0 -14.239 10.593
3120 87.0 -14.242 9.953
3130 87.0 -15.561 8.620
3140 87.0 -15.464 11.449
3150 87.0 -15.002 7.705
3160 87.0 -14.048 9.661
3170 87.0 -14.942 8.432
2980 88.0 -11.919 10.444
2990 88.0 -12.199 9.802
3000 88.0 -11.298 9.179
3010 88.0 -10.979 8.920
3020 88.0 -10.665 8.191
3030 88.0 -10.469 7.942
3040 88.0 -10.428 7.305
3050 88.0 -9.697 6.578
3060 88.0 -13.114 10.185
3070 88.0 -12.309 11.299
3080 88.0 -13.123 11.335
3090 88.0 -12.279 9.080
3100 88.0 -12.828 10.161
3110 88.0 -13.614 9.588
3120 88.0 -12.170 10.979
3130 88.0 -12.562 9.877
3140 88.0 -13.454 9.634
3150 88.0 -11.605 10.770
3160 88.0 -12.754 12.013
3170 88.0 -13.268 8.161
2980 89.0 -11.324 10.647
2990 89.0 -11.079 9.943
3000 89.0 -10.685 9.401
3010 89.0 -10.430 8.903
3020 89.0 -10.075 8.381
3030 89.0 -9.733 7.980
3040 89.0 -9.444 7.438
3050 89.0 -9.225 6.937
3060 89.0 -12.347 10.940
3070 89.0 -12.414 11.092
3080 89.0 -11.012 10.344
3090 89.0 -10.872 11.156
3100 89.0 -10.907 10.605
3110 89.0 -11.471 9.924
3120 89.0 -11.184 10.181
3130 89.0 -11.382 8.704
3140 89.0 -12.064 10.437
3150 89.0 -12.977 11.772
3160 89.0 -11.319 11.466
3170 89.0 -12.251 9.350
2990 82.0 -8.222 -0.066
3000 82.0 -8.235 0.009
3010 82.0 -8.129 -0.014
3020 82.0 -8.329 0.087
3030 82.0 -8.301 -0.014
3040 82.0 -8.210 0.009
3050 82.0 -8.250 -0.026
3060 82.0 -8.263 -0.017
3070 82.0 -7.699 -0.043
3080 82.0 -8.427 -0.080
3090 82.0 -7.797 0.823
3100 82.0 -7.482 0.089
3110 82.0 -7.229 0.429
3120 82.0 -8.607 2.119
3130 82.0 -7.991 -0.057
3140 82.0 -7.980 -1.246
3150 82.0 -7.984 0.246
3160 82.0 -8.384 -0.070
3170 82.0 -8.401 2.079
3180 82.0 -8.391 0.642
3050 90.0 -4.443 -2.696
3060 90.0 -4.776 -2.425
3070 90.0 -4.677 -1.859
3080 90.0 -4.860 -1.460
3090 90.0 -4.973 -0.877
3100 90.0 -5.229 -0.484
3110 90.0 -5.545 -0.066
3120 90.0 -5.560 0.352
3130 90.0 -4.412 -3.604
3140 90.0 -2.764 -2.356
3150 90.0 -5.019 -2.303
3160 90.0 -5.136 -1.011
3170 90.0 -3.960 -3.118
3180 90.0 -4.206 -2.053
3190 90.0 -6.132 -0.550
3200 90.0 -5.255 -3.313
3210 90.0 -3.504 -1.464
3220 90.0 -3.700 -2.419
3230 90.0 -4.207 -2.587
3240 90.0 -4.408 -3.423
3050 91.0 -4.123 -2.524
3060 91.0 -4.513 -1.703
3070 91.0 -4.375 -1.643
3080 91.0 -4.867 -0.987
3090 91.0 -4.792 -0.761
3100 91.0 -4.974 -0.183
3110 91.0 -5.248 0.302
3120 91.0 -5.562 0.532
3130 91.0 -4.536 -2.439
3140 91.0 -3.809 -1.932
3150 91.0 -3.574 -3.715
3160 91.0 -3.360 -3.096
3170 91.0 -4.741 -2.015
3180 91.0 -4.452 -2.885
3190 91.0 -5.657 -4.987
3200 91.0 -2.113 -1.498
3210 91.0 -4.338 -1.478
3220 91.0 -3.206 -2.558
3230 91.0 -2.527 -0.365
3240 91.0 -4.062 -3.448
3140 92.0 -6.347 -3.772
3150 92.0 -6.684 -3.368
3160 92.0 -7.319 -3.141
3170 92.0 -7.484 -2.905
3180 92.0 -7.737 -2.666
3190 92.0 -7.840 -2.195
3200 92.0 -8.098 -1.908
3210 92.0 -8.263 -1.648
3220 92.0 -6.630 -2.957
3230 92.0 -7.404 -3.989
3240 92.0 -5.809 -2.554
3250 92.0 -7.080 -4.911
3260 92.0 -7.997 -3.134
3270 92.0 -6.257 -4.804
3280 92.0 -5.909 -3.379
3290 92.0 -7.207 -2.915
3300 92.0 -6.385 -3.703
3310 92.0 -5.372 -2.652
3320 92.0 -5.914 -5.147
3330 92.0 -6.361 -2.077
3150 49.0 -6.580 4.414
3160 49.0 -6.329 4.503
3170 49.0 -6.749 4.480
3180 49.0 -6.643 4.595
3190 49.0 -6.635 4.541
3200 49.0 -6.492 4.502
3210 49.0 -6.623 4.395
3220 49.0 -6.717 4.311
3230 49.0 -7.438 5.116
3240 49.0 -6.595 4.926
3250 49.0 -5.905 3.296
3260 49.0 -6.965 4.252
3270 49.0 -7.182 4.640
3280 49.0 -5.373 3.542
3290 49.0 -6.775 6.124
3300 49.0 -5.626 4.604
3310 49.0 -7.115 4.757
3320 49.0 -6.022 5.654
3330 49.0 -7.275 5.019
3340 49.0 -8.111 3.292
3190 83.0 -8.367 0.167
3200 83.0 -8.404 0.086
3210 83.0 -8.415 0.138
3220 83.0 -8.383 0.063
3230 83.0 -8.352 0.029
3240 83.0 -8.368 0.110
3250 83.0 -8.348 0.124
3260 83.0 -8.320 -0.014
3270 83.0 -8.637 -0.931
3280 83.0 -8.181 1.420
3290 83.0 -9.449 -0.390
3300 83.0 -9.716 1.185
3310 83.0 -8.239 0.237
3320 83.0 -6.763 0.048
3330 83.0 -8.173 0.137
3340 83.0 -9.563 1.062
3350 83.0 -8.130 -0.312
3360 83.0 -8.243 1.135
3370 83.0 -8.322 -1.750
3380 83.0 -8.333 -0.586
3190 93.0 -0.862 0.899
3200 93.0 -1.816 0.390
3210 93.0 -2.049 -0.147
3220 93.0 -3.037 -0.743
3230 93.0 -3.534 -0.505
3240 93.0 -4.118 -0.465
3250 93.0 -4.486 -0.607
3260 93.0 -4.649 -0.036
3270 93.0 -1.689 0.394
3280 93.0 1.644 1.731
3290 93.0 -1.453 -1.909
3300 93.0 -1.042 0.057
3310 93.0 -0.874 1.443
3320 93.0 -2.868 -0.553
3330 93.0 -1.784 1.848
3340 93.0 -0.414 0.053
3350 93.0 -1.343 0.794
3360 93.0 -2.164 0.800
3370 93.0 -1.589 1.638
3380 93.0 -0.273 3.228
3260 95.0 -3.769 -2.080
3270 95.0 -3.858 -1.704
3280 95.0 -4.189 -1.102
3290 95.0 -4.433 -0.935
3300 95.0 -4.995 -0.785
3310 95.0 -5.136 -0.474
3320 95.0 -5.516 0.380
3330 95.0 -5.813 0.724
3340 95.0 -4.112 -2.062
3350 95.0 -3.941 -2.208
3360 95.0 -4.495 -1.153
3370 95.0 -3.676 -1.946
3380 95.0 -4.278 -1.760
3390 95.0 -3.747 -2.151
3400 95.0 -4.032 -2.714
3410 95.0 -4.924 -3.317
3420 95.0 -2.953 -2.271
3430 95.0 -3.258 -1.770
3440 95.0 -4.103 -1.978
3450 95.0 -4.420 0.136
3260 96.0 -3.249 -2.069
3270 96.0 -3.443 -1.895
3280 96.0 -3.813 -1.294
3290 96.0 -4.152 -0.945
3300 96.0 -4.460 -0.549
3310 96.0 -4.883 0.210
3320 96.0 -4.989 0.310
3330 96.0 -5.470 0.685
3340 96.0 -2.954 -3.039
3350 96.0 -3.909 -2.409
3360 96.0 -3.679 -2.071
3370 96.0 -3.420 -2.610
3380 96.0 -1.542 -2.752
3390 96.0 -3.976 -2.015
3400 96.0 -3.080 -2.142
3410 96.0 -4.428 -2.811
3420 96.0 -2.660 -1.636
3430 96.0 -2.652 -1.832
3440 96.0 -2.832 -1.593
3450 96.0 -1.360 -3.467
3350 50.0 -7.588 4.560
3360 50.0 -7.929 5.227
3370 50.0 -8.202 5.021
3380 50.0 -8.253 5.543
3390 50.0 -8.129 5.564
3400 50.0 -8.147 5.591
3410 50.0 -8.254 5.807
3420 50.0 -8.220 6.009
3430 50.0 -8.365 4.459
3440 50.0 -5.975 4.581
3450 50.0 -8.141 5.378
3460 50.0 -7.877 4.650
3470 50.0 -7.128 5.990
3480 50.0 -7.622 3.531
3490 50.0 -8.179 4.718
3500 50.0 -7.343 4.633
3510 50.0 -4.872 5.814
3520 50.0 -6.736 3.107
3530 50.0 -7.441 4.904
3540 50.0 -7.672 3.646
3370 97.0 -8.034 -4.307
3380 97.0 -7.705 -4.119
3390 97.0 -8.059 -3.827
3400 97.0 -7.777 -3.304
3410 97.0 -7.496 -2.810
3420 97.0 -7.609 -2.502
3430 97.0 -7.513 -2.069
3440 97.0 -7.661 -1.568
3450 97.0 -7.508 -3.404
3460 97.0 -8.454 -5.210
3470 97.0 -7.623 -5.365
3480 97.0 -8.269 -5.553
3490 97.0 -9.055 -5.263
3500 97.0 -7.646 -1.592
3510 97.0 -10.381 -3.308
3520 97.0 -6.773 -4.256
3530 97.0 -9.161 -5.517
3540 97.0 -8.689 -5.179
3550 97.0 -7.569 -5.896
3560 97.0 -8.063 -4.795
3390 84.0 -8.237 -0.074
3400 84.0 -8.319 0.044
3410 84.0 -8.313 -0.110
3420 84.0 -8.362 -0.214
3430 84.0 -8.308 0.032
3440 84.0 -8.326 0.041
3450 84.0 -8.498 0.034
3460 84.0 -8.588 0.334
3470 84.0 -7.492 0.335
3480 84.0 -7.582 -0.856
3490 84.0 -9.430 0.502
3500 84.0 -8.106 -0.079
3510 84.0 -7.551 0.504
3520 84.0 -7.400 -1.281
3530 84.0 -7.920 0.285
3540 84.0 -7.598 0.002
3550 84.0 -6.773 0.669
3560 84.0 -7.165 0.697
3570 84.0 -7.022 -0.918
3580 84.0 -8.038 0.588
3390 94.0 -8.050 4.982
3400 94.0 -8.245 5.380
3410 94.0 -8.272 5.319
3420 94.0 -8.233 5.295
3430 94.0 -8.149 5.311
3440 94.0 -8.048 5.334
3450 94.0 -8.352 5.530
3460 94.0 -8.303 5.371
3470 94.0 -8.037 5.790
3480 94.0 -8.909 3.284
3490 94.0 -7.626 5.134
3500 94.0 -9.096 3.559
3510 94.0 -8.762 4.787
3520 94.0 -8.692 4.161
3530 94.0 -8.519 6.178
3540 94.0 -7.789 4.879
3550 94.0 -7.317 5.202
3560 94.0 -6.883 5.527
3570 94.0 -8.192 5.835
3580 94.0 -9.484 4.742
3400 98.0 -4.146 -2.107
3410 98.0 -4.574 -1.719
3420 98.0 -5.183 -1.199
3430 98.0 -5.420 -0.648
3440 98.0 -5.845 -0.230
3450 98.0 -6.298 0.336
3460 98.0 -6.684 0.761
3470 98.0 -7.096 1.298
3480 98.0 -2.989 -0.942
3490 98.0 -3.229 -3.124
3500 98.0 -5.530 -1.465
3510 98.0 -5.771 -2.386
3520 98.0 -4.321 -1.877
3530 98.0 -4.478 -2.996
3540 98.0 -3.557 -2.922
3550 98.0 -4.049 -2.137
3560 98.0 -4.717 -3.837
3570 98.0 -3.143 -1.596
3580 98.0 -4.132 -2.720
3590 98.0 -4.980 -1.968
3620 99.0 -16.191 8.297
3630 99.0 -15.824 7.923
3640 99.0 -15.768 7.864
3650 99.0 -15.812 7.786
3660 99.0 -15.509 7.803
3670 99.0 -15.132 7.505
3680 99.0 -15.095 7.619
3690 99.0 -15.079 7.623
3700 99.0 -16.481 7.993
3710 99.0 -15.632 7.327
3720 99.0 -16.436 9.558
3730 99.0 -15.899 5.139
3740 99.0 -14.653 8.273
3750 99.0 -15.317 8.277
3760 99.0 -16.920 6.757
3770 99.0 -17.629 7.597
3780 99.0 -15.778 8.531
3790 99.0 -15.018 8.755
3800 99.0 -16.802 8.278
3810 99.0 -18.428 6.751
3990 100.0 -4.804 -2.428
4000 100.0 -4.972 -2.029
4010 100.0 -5.379 -1.625
4020 100.0 -5.569 -1.058
4030 100.0 -5.963 -0.523
4040 100.0 -6.215 -0.145
4050 100.0 -6.579 0.303
4060 100.0 -6.894 0.954
4070 100.0 -4.121 -3.774
4080 100.0 -3.704 -2.283
4090 100.0 -3.563 -2.773
4100 100.0 -4.580 -3.482
4110 100.0 -1.769 -1.305
4120 100.0 -5.658 -2.233
4130 100.0 -4.872 -3.247
4140 100.0 -5.100 -2.194
4150 100.0 -5.571 -3.389
4160 100.0 -3.503 -1.764
4170 100.0 -3.690 -0.716
4180 100.0 -5.237 -1.828
4030 101.0 -14.474 9.179
4040 101.0 -14.209 8.767
4050 101.0 -14.104 8.529
4060 101.0 -13.951 8.148
4070 101.0 -13.758 7.911
4080 101.0 -13.446 7.816
4090 101.0 -13.214 7.402
4100 101.0 -12.976 7.042
4110 101.0 -14.464 9.152
4120 101.0 -14.326 10.746
4130 101.0 -14.109 10.347
4140 101.0 -14.880 8.518
4150 101.0 -15.558 8.995
4160 101.0 -13.902 8.272
4170 101.0 -15.261 8.055
4180 101.0 -14.943 9.119
4190 101.0 -14.041 8.468
4200 101.0 -13.821 10.476
4210 101.0 -15.514 8.504
4220 101.0 -13.418 8.259
4120 103.0 -11.564 10.482
4130 103.0 -11.136 9.975
4140 103.0 -10.864 9.564
4150 103.0 -10.648 8.849
4160 103.0 -10.385 8.527
4170 103.0 -9.935 7.909
4180 103.0 -9.675 7.406
4190 103.0 -9.551 6.777
4200 103.0 -11.896 9.744
4210 103.0 -13.926 11.127
4220 103.0 -10.282 9.573
4230 103.0 -10.695 9.574
4240 103.0 -12.404 10.763
4250 103.0 -12.127 11.472
4260 103.0 -12.688 10.327
4270 103.0 -12.960 11.512
4280 103.0 -10.046 10.426
4290 103.0 -11.911 10.324
4300 103.0 -11.925 9.266
4310 103.0 -10.972 9.120
4120 104.0 -11.011 10.755
4130 104.0 -10.468 10.116
4140 104.0 -10.151 9.702
4150 104.0 -10.042 9.251
4160 104.0 -9.658 8.712
4170 104.0 -9.383 8.388
4180 104.0 -8.990 7.714
4190 104.0 -8.936 7.035
4200 104.0 -10.803 10.701
4210 104.0 -9.845 11.021
4220 104.0 -12.484 10.989
4230 104.0 -11.615 10.656
4240 104.0 -11.015 10.252
4250 104.0 -10.371 12.694
4260 104.0 -8.580 11.843
4270 104.0 -10.225 9.357
4280 104.0 -10.896 9.866
4290 104.0 -11.184 11.230
4300 104.0 -10.672 10.954
4310 104.0 -10.379 11.869
4190 105.0 -12.643 10.214
4200 105.0 -12.354 9.555
4210 105.0 -11.874 9.135
4220 105.0 -11.739 8.918
4230 105.0 -11.425 8.180
4240 105.0 -11.334 7.829
4250 105.0 -10.894 7.375
4260 105.0 -10.960 6.859
4270 105.0 -12.355 9.657
4280 105.0 -11.891 11.050
4290 105.0 -10.625 9.839
4300 105.0 -12.555 9.625
4310 105.0 -10.896 9.607
4320 105.0 -12.589 11.113
4330 105.0 -12.622 9.930
4340 105.0 -12.681 11.358
4350 105.0 -12.806 9.887
4360 105.0 -12.839 9.718
4370 105.0 -12.847 10.428
4380 105.0 -13.459 8.485
4190 106.0 -11.784 10.801
4200 106.0 -11.586 10.116
4210 106.0 -11.369 9.700
4220 106.0 -11.075 9.233
4230 106.0 -10.897 8.703
4240 106.0 -10.694 8.195
4250 106.0 -10.490 7.767
4260 106.0 -10.299 7.314
4270 106.0 -11.894 10.808
4280 106.0 -10.351 10.642
4290 106.0 -12.168 10.412
4300 106.0 -12.557 10.297
4310 106.0 -11.249 10.234
4320 106.0 -11.523 10.810
4330 106.0 -10.709 10.927
4340 106.0 -12.254 10.320
4350 106.0 -13.009 10.376
4360 106.0 -12.954 10.805
4370 106.0 -11.562 9.252
4380 106.0 -12.684 9.153
4230 102.0 -10.546 3.446
4240 102.0 -10.392 3.417
4250 102.0 -10.176 2.940
4260 102.0 -10.147 2.866
4270 102.0 -9.769 2.513
4280 102.0 -9.670 2.393
4290 102.0 -9.498 2.013
4300 102.0 -9.146 1.777
4310 102.0 -10.659 2.306
4320 102.0 -10.196 3.216
4330 102.0 -10.866 2.308
4340 102.0 -10.370 3.239
4350 102.0 -9.750 4.479
4360 102.0 -10.308 2.694
4370 102.0 -11.588 3.198
4380 102.0 -11.973 2.294
4390 102.0 -10.308 4.913
4400 102.0 -11.484 2.877
4410 102.0 -11.533 3.045
4420 102.0 -11.142 3.675
4250 107.0 -11.706 10.632
4260 107.0 -11.401 10.051
4270 107.0 -11.230 9.528
4280 107.0 -11.096 9.082
4290 107.0 -10.843 8.349
4300 107.0 -10.725 7.845
4310 107.0 -10.557 7.266
4320 107.0 -10.553 6.577
4330 107.0 -12.328 8.756
4340 107.0 -11.633 9.852
4350 107.0 -12.416 11.257
4360 107.0 -12.240 10.596
4370 107.0 -9.933 10.089
4380 107.0 -13.994 9.304
4390 107.0 -11.294 11.420
4400 107.0 -12.924 9.742
4410 107.0 -12.801 10.512
4420 107.0 -11.595 10.432
4430 107.0 -12.593 9.578
4440 107.0 -12.112 11.348
4290 108.0 -12.472 9.907
4300 108.0 -12.198 9.467
4310 108.0 -11.729 9.141
4320 108.0 -12.093 8.632
4330 108.0 -11.659 8.159
4340 108.0 -11.494 8.106
4350 108.0 -11.532 7.447
4360 108.0 -11.219 6.624
4370 108.0 -12.234 10.328
4380 108.0 -11.598 10.223
4390 108.0 -12.999 9.050
4400 108.0 -14.034 10.253
4410 108.0 -12.459 11.530
4420 108.0 -11.674 8.412
4430 108.0 -11.532 10.256
4440 108.0 -11.920 7.851
4450 108.0 -11.974 9.581
4460 108.0 -13.039 9.575
4470 108.0 -13.105 10.996
4480 108.0 -12.765 10.920
4300 110.0 -11.968 10.817
4310 110.0 -11.852 10.135
4320 110.0 -11.535 9.883
4330 110.0 -11.424 9.406
4340 110.0 -11.184 8.911
4350 110.0 -10.930 8.502
4360 110.0 -10.996 7.735
4370 110.0 -10.681 7.335
4380 110.0 -10.567 11.152
4390 110.0 -12.051 10.598
4400 110.0 -13.196 10.133
4410 110.0 -10.978 10.038
4420 110.0 -11.345 11.606
4430 110.0 -11.848 9.334
4440 110.0 -10.682 9.533
4450 110.0 -11.015 11.265
4460 110.0 -13.864 11.280
4470 110.0 -12.629 11.189
4480 110.0 -11.402 10.437
4490 110.0 -11.742 10.544
4310 112.0 -12.227 10.245
4320 112.0 -12.112 9.804
4330 112.0 -11.896 9.316
4340 112.0 -11.840 8.752
4350 112.0 -11.449 8.421
4360 112.0 -11.265 8.077
4370 112.0 -11.209 7.492
4380 112.0 -11.281 7.027
4390 112.0 -12.911 8.741
4400 112.0 -12.565 9.411
4410 112.0 -10.212 11.412
4420 112.0 -13.020 9.948
4430 112.0 -11.957 10.030
4440 112.0 -13.119 10.267
4450 112.0 -12.165 8.617
4460 112.0 -12.094 8.746
4470 112.0 -12.786 9.105
4480 112.0 -13.151 10.746
4490 112.0 -12.265 11.061
4500 112.0 -12.367 10.379
4490 109.0 -9.732 1.374
4500 109.0 -9.676 1.065
4510 109.0 -9.395 0.738
4520 109.0 -9.332 0.449
4530 109.0 -9.268 -0.012
4540 109.0 -9.162 -0.379
4550 109.0 -8.939 -0.619
4560 109.0 -8.819 -0.992
4570 109.0 -10.433 2.690
4580 109.0 -9.348 2.054
4590 109.0 -9.246 1.827
4600 109.0 -10.010 1.482
4610 109.0 -8.412 2.952
4620 109.0 -10.510 0.732
4630 109.0 -10.370 -0.178
4640 109.0 -11.008 1.985
4650 109.0 -10.098 1.400
4660 109.0 -8.213 1.911
4670 109.0 -10.795 2.923
4680 109.0 -10.328 -0.454
4500 111.0 -9.256 1.838
4510 111.0 -9.270 1.772
4520 111.0 -9.034 1.306
4530 111.0 -9.120 0.893
4540 111.0 -8.859 0.633
4550 111.0 -8.981 0.295
4560 111.0 -9.053 0.096
4570 111.0 -8.762 -0.282
4580 111.0 -8.947 1.463
4590 111.0 -9.107 1.704
4600 111.0 -9.465 1.794
4610 111.0 -10.276 3.446
4620 111.0 -9.969 1.014
4630 111.0 -9.488 1.545
4640 111.0 -10.167 4.464
4650 111.0 -7.161 3.910
4660 111.0 -9.665 1.255
4670 111.0 -9.721 1.974
4680 111.0 -9.340 1.938
4690 111.0 -9.754 2.191
4500 114.0 -4.486 -2.580
4510 114.0 -4.664 -2.218
4520 114.0 -4.983 -1.834
4530 114.0 -5.073 -1.338
4540 114.0 -5.329 -1.119
4550 114.0 -5.675 -0.635
4560 114.0 -6.003 -0.189
4570 114.0 -6.089 0.321
4580 114.0 -4.637 -5.001
4590 114.0 -5.482 -3.041
4600 114.0 -3.789 -1.433
4610 114.0 -4.574 -2.650
4620 114.0 -5.333 -4.000
4630 114.0 -4.828 -3.816
4640 114.0 -3.834 -2.956
4650 114.0 -2.565 -1.093
4660 114.0 -4.606 -2.370
4670 114.0 -3.592 -3.727
4680 114.0 -3.995 -3.197
4690 114.0 -3.993 -3.751
4510 113.0 -9.908 1.706
4520 113.0 -9.770 1.599
4530 113.0 -9.540 0.948
4540 113.0 -9.384 0.355
4550 113.0 -9.499 0.419
4560 113.0 -9.261 -0.140
4570 113.0 -9.095 -0.288
4580 113.0 -9.055 -0.808
4590 113.0 -9.890 1.840
4600 113.0 -10.436 1.467
4610 113.0 -10.515 2.612
4620 113.0 -9.997 2.396
4630 113.0 -9.707 1.611
4640 113.0 -10.824 1.640
4650 113.0 -11.371 2.119
4660 113.0 -8.894 1.074
4670 113.0 -11.408 1.173
4680 113.0 -11.558 1.447
4690 113.0 -8.502 0.890
4700 113.0 -9.282 1.198
4690 115.0 -14.707 9.172
4700 115.0 -14.361 8.797
4710 115.0 -14.221 8.452
4720 115.0 -13.758 8.066
4730 115.0 -13.449 7.812
4740 115.0 -12.938 7.296
4750 115.0 -12.728 6.912
4760 115.0 -12.362 6.701
4770 115.0 -14.698 8.180
4780 115.0 -13.302 8.312
4790 115.0 -16.051 11.699
4800 115.0 -15.736 7.728
4810 115.0 -15.555 8.177
4820 115.0 -14.806 10.158
4830 115.0 -12.977 8.155
4840 115.0 -14.247 10.027
4850 115.0 -13.675 10.350
4860 115.0 -15.051 8.371
4870 115.0 -14.560 8.237
4880 115.0 -14.114 8.084
4780 116.0 -12.158 10.435
4790 116.0 -11.973 9.842
4800 116.0 -11.585 9.246
4810 116.0 -11.439 8.816
4820 116.0 -11.031 8.099
4830 116.0 -10.742 7.525
4840 116.0 -10.607 7.115
4850 116.0 -10.319 6.468
4860 116.0 -11.993 11.372
4870 116.0 -13.258 10.872
4880 116.0 -11.978 11.134
4890 116.0 -12.476 10.632
4900 116.0 -11.654 9.689
4910 116.0 -13.091 9.879
4920 116.0 -11.672 10.942
4930 116.0 -11.867 8.372
4940 116.0 -12.720 10.885
4950 116.0 -12.264 9.472
4960 116.0 -12.939 11.422
4970 116.0 -11.179 11.202
4860 117.0 -3.886 -1.889
4870 117.0 -3.733 -1.292
4880 117.0 -4.024 -0.949
4890 117.0 -4.430 -0.542
4900 117.0 -4.611 -0.267
4910 117.0 -4.422 -0.077
4920 117.0 -4.810 0.242
4930 117.0 -5.025 0.610
4940 117.0 -4.218 -2.442
4950 117.0 -4.137 -1.278
4960 117.0 -4.322 -0.921
4970 117.0 -5.366 -1.971
4980 117.0 -2.578 -0.993
4990 117.0 -4.935 -1.994
5000 117.0 -3.877 -0.676
5010 117.0 -2.578 -2.389
5020 117.0 -3.642 -2.082
5030 117.0 -4.372 -2.561
5040 117.0 -3.867 -2.503
5050 117.0 -2.461 -0.871
4870 118.0 -4.853 -2.629
4880 118.0 -5.093 -2.133
4890 118.0 -5.417 -1.654
4900 118.0 -5.580 -1.315
4910 118.0 -5.895 -0.959
4920 118.0 -6.068 -0.615
4930 118.0 -6.231 -0.247
4940 118.0 -6.416 0.358
4950 118.0 -5.440 -2.100
4960 118.0 -4.536 -3.721
4970 118.0 -4.743 -1.881
4980 118.0 -5.171 -2.502
4990 118.0 -5.893 -3.172
5000 118.0 -4.252 -1.268
5010 118.0 -3.719 -2.063
5020 118.0 -5.789 -4.319
5030 118.0 -5.300 -2.788
5040 118.0 -5.150 -3.038
5050 118.0 -5.528 -1.769
5060 118.0 -2.814 -2.363
4870 119.0 -4.302 -2.167
4880 119.0 -4.413 -1.731
4890 119.0 -4.609 -1.442
4900 119.0 -4.869 -1.072
4910 119.0 -5.154 -0.600
4920 119.0 -5.374 -0.249
4930 119.0 -5.289 0.053
4940 119.0 -5.755 0.676
4950 119.0 -2.126 -1.404
4960 119.0 -4.549 -3.220
4970 119.0 -3.972 -3.040
4980 119.0 -3.214 -2.629
4990 119.0 -4.516 -1.348
5000 119.0 -4.833 -1.517
5010 119.0 -4.092 -1.982
5020 119.0 -4.451 -2.348
5030 119.0 -4.267 -3.005
5040 119.0 -3.887 0.018
5050 119.0 -3.622 -0.728
5060 119.0 -4.964 -2.518
4870 120.0 -5.654 -3.707
4880 120.0 -5.951 -3.140
4890 120.0 -6.145 -2.617
4900 120.0 -6.592 -2.049
4910 120.0 -6.707 -1.400
4920 120.0 -7.075 -1.196
4930 120.0 -7.488 -0.775
4940 120.0 -7.886 -0.212
4950 120.0 -6.385 -3.882
4960 120.0 -4.827 -2.313
4970 120.0 -5.484 -5.853
4980 120.0 -4.700 -2.729
4990 120.0 -6.572 -4.371
5000 120.0 -5.354 -4.205
5010 120.0 -5.774 -3.237
5020 120.0 -5.101 -5.081
5030 120.0 -4.248 -4.882
5040 120.0 -6.822 -2.594
5050 120.0 -5.944 -4.315
5060 120.0 -2.583 -3.170
4910 121.0 -4.126 -2.253
4920 121.0 -4.422 -1.645
4930 121.0 -4.613 -1.354
4940 121.0 -4.925 -0.887
4950 121.0 -5.460 -0.425
4960 121.0 -5.398 -0.095
4970 121.0 -5.724 0.703
4980 121.0 -6.051 0.771
4990 121.0 -3.504 -2.126
5000 121.0 -3.429 -2.122
5010 121.0 -4.678 -4.373
5020 121.0 -5.263 -2.962
5030 121.0 -5.197 -3.692
5040 121.0 -5.455 -0.642
5050 121.0 -3.589 -2.118
5060 121.0 -3.831 -1.971
5070 121.0 -4.553 -3.786
5080 121.0 -4.314 -0.135
5090 121.0 -3.912 -3.476
5100 121.0 -3.426 -1.874
4930 122.0 -15.456 8.510
4940 122.0 -15.330 8.393
4950 122.0 -15.137 8.038
4960 122.0 -14.930 8.022
4970 122.0 -14.839 7.877
4980 122.0 -14.454 7.668
4990 122.0 -14.254 7.367
5000 122.0 -13.997 7.370
5010 122.0 -14.733 8.642
5020 122.0 -17.198 8.551
5030 122.0 -17.000 7.598
5040 122.0 -16.189 9.381
5050 122.0 -15.711 9.671
5060 122.0 -15.254 9.395
5070 122.0 -15.413 7.489
5080 122.0 -16.795 8.529
5090 122.0 -15.059 7.956
5100 122.0 -15.736 9.677
5110 122.0 -15.523 7.180
5120 122.0 -15.788 8.395
5020 124.0 -11.960 10.021
5030 124.0 -11.739 9.608
5040 124.0 -11.537 9.085
5050 124.0 -11.139 8.576
5060 124.0 -11.050 8.032
5070 124.0 -10.873 7.477
5080 124.0 -10.527 7.030
5090 124.0 -10.118 6.538
5100 124.0 -9.440 10.013
5110 124.0 -13.023 9.163
5120 124.0 -12.157 9.540
5130 124.0 -10.955 9.194
5140 124.0 -11.252 10.617
5150 124.0 -11.400 8.966
5160 124.0 -11.449 10.684
5170 124.0 -11.180 9.876
5180 124.0 -11.819 10.304
5190 124.0 -11.531 11.108
5200 124.0 -12.605 9.527
5210 124.0 -11.897 9.522
5130 123.0 -10.782 4.904
5140 123.0 -10.726 4.583
5150 123.0 -10.714 4.184
5160 123.0 -10.606 4.316
5170 123.0 -10.375 4.015
5180 123.0 -10.285 3.676
5190 123.0 -10.205 3.413
5200 123.0 -10.181 3.174
5210 123.0 -11.056 3.776
5220 123.0 -10.603 7.074
5230 123.0 -10.270 4.846
5240 123.0 -10.815 6.419
5250 123.0 -11.548 4.897
5260 123.0 -11.658 5.875
5270 123.0 -11.466 4.513
5280 123.0 -10.205 5.953
5290 123.0 -10.438 5.820
5300 123.0 -10.454 4.982
5310 123.0 -10.298 7.286
5320 123.0 -10.048 5.249
5140 125.0 -6.757 -3.995
5150 125.0 -7.180 -3.421
5160 125.0 -7.165 -3.482
5170 125.0 -7.501 -3.236
5180 125.0 -7.698 -3.042
5190 125.0 -7.500 -3.022
5200 125.0 -7.808 -2.756
5210 125.0 -8.017 -2.419
5220 125.0 -6.425 -3.338
5230 125.0 -5.277 -3.158
5240 125.0 -7.276 -4.199
5250 125.0 -5.817 -3.300
5260 125.0 -7.912 -2.568
5270 125.0 -6.551 -4.671
5280 125.0 -7.343 -3.190
5290 125.0 -8.417 -4.995
5300 125.0 -5.757 -2.534
5310 125.0 -5.941 -2.822
5320 125.0 -5.489 -3.645
5330 125.0 -6.624 -3.817
5180 136.0 -17.325 6.054
5190 136.0 -16.821 6.122
5200 136.0 -16.562 6.278
5210 136.0 -16.067 6.286
5220 136.0 -15.460 6.674
5230 136.0 -15.207 6.721
5240 136.0 -14.609 6.677
5250 136.0 -14.283 6.806
5260 136.0 -16.989 5.764
5270 136.0 -17.946 5.454
5280 136.0 -17.928 5.951
5290 136.0 -18.711 5.278
5300 136.0 -17.516 5.064
5310 136.0 -18.152 6.008
5320 136.0 -16.463 5.299
5330 136.0 -17.816 6.675
5340 136.0 -18.158 7.525
5350 136.0 -19.170 3.971
5360 136.0 -19.006 5.485
5370 136.0 -18.521 6.255
5200 137.0 -4.705 -2.275
5210 137.0 -5.125 -1.975
5220 137.0 -5.179 -1.278
5230 137.0 -5.363 -0.934
5240 137.0 -5.576 -0.560
5250 137.0 -5.869 0.009
5260 137.0 -6.033 0.478
5270 137.0 -6.368 0.849
5280 137.0 -4.900 -1.054
5290 137.0 -3.141 -0.425
5300 137.0 -4.425 -1.909
5310 137.0 -4.496 -2.059
5320 137.0 -4.685 -1.941
5330 137.0 -3.009 -2.903
5340 137.0 -3.893 -1.474
5350 137.0 -3.800 -2.401
5360 137.0 -5.311 -1.584
5370 137.0 -4.491 -1.142
5380 137.0 -5.614 -1.350
5390 137.0 -4.993 -0.952
5200 138.0 -4.083 -2.012
5210 138.0 -4.314 -1.548
5220 138.0 -4.554 -1.152
5230 138.0 -4.712 -0.645
5240 138.0 -4.901 -0.162
5250 138.0 -5.167 0.293
5260 138.0 -5.267 0.774
5270 138.0 -5.571 1.086
5280 138.0 -4.801 -1.784
5290 138.0 -3.208 -0.912
5300 138.0 -3.993 -3.576
5310 138.0 -5.632 -1.628
5320 138.0 -4.847 -1.255
5330 138.0 -2.406 -1.312
5340 138.0 -2.905 -1.900
5350 138.0 -3.114 -1.481
5360 138.0 -3.805 -2.515
5370 138.0 -5.950 -1.715
5380 138.0 -4.567 -1.935
5390 138.0 -4.634 -2.070
5340 126.0 -9.458 -0.631
5350 126.0 -9.634 -0.823
5360 126.0 -9.832 -0.592
5370 126.0 -9.696 -0.449
5380 126.0 -9.777 0.025
5390 126.0 -9.990 0.307
5400 126.0 -10.037 0.139
5410 126.0 -10.035 0.304
5420 126.0 -8.926 -0.146
5430 126.0 -10.215 -1.318
5440 126.0 -9.931 -0.465
5450 126.0 -10.080 -1.445
5460 126.0 -10.436 -1.206
5470 126.0 -9.816 -1.555
5480 126.0 -7.422 -0.862
5490 126.0 -11.786 -0.383
5500 126.0 -9.160 -1.338
5510 126.0 -9.460 -0.132
5520 126.0 -9.275 0.783
5530 126.0 -9.586 -1.671
5360 139.0 -4.439 -2.530
5370 139.0 -4.828 -1.907
5380 139.0 -5.292 -1.508
5390 139.0 -5.868 -0.985
5400 139.0 -5.867 -0.686
5410 139.0 -6.382 0.151
5420 139.0 -6.636 0.389
5430 139.0 -6.833 1.125
5440 139.0 -3.890 -2.270
5450 139.0 -3.824 -1.593
5460 139.0 -5.272 -2.345
5470 139.0 -5.191 -3.101
5480 139.0 -4.852 -1.882
5490 139.0 -5.263 -4.022
5500 139.0 -3.991 -3.429
5510 139.0 -4.530 -2.056
5520 139.0 -4.373 -2.783
5530 139.0 -3.774 -3.466
5540 139.0 -3.643 -2.152
5550 139.0 -4.505 -1.976
5410 140.0 -7.908 -4.418
5420 140.0 -7.658 -3.995
5430 140.0 -7.610 -3.571
5440 140.0 -7.700 -3.291
5450 140.0 -7.613 -2.685
5460 140.0 -7.616 -2.242
5470 140.0 -7.711 -1.806
5480 140.0 -7.588 -1.317
5490 140.0 -7.311 -3.148
5500 140.0 -7.369 -3.471
5510 140.0 -7.905 -3.734
5520 140.0 -7.094 -3.781
5530 140.0 -6.931 -3.335
5540 140.0 -5.423 -3.152
5550 140.0 -8.258 -3.584
5560 140.0 -6.721 -4.485
5570 140.0 -6.750 -5.368
5580 140.0 -8.180 -3.813
5590 140.0 -8.238 -3.671
5600 140.0 -8.301 -4.222
5440 141.0 -6.701 -3.436
5450 141.0 -6.919 -3.100
5460 141.0 -6.859 -2.579
5470 141.0 -6.782 -2.166
5480 141.0 -6.877 -1.594
5490 141.0 -6.871 -1.231
5500 141.0 -6.850 -0.764
5510 141.0 -6.996 -0.347
5520 141.0 -6.448 -3.684
5530 141.0 -5.806 -3.148
5540 141.0 -7.411 -6.406
5550 141.0 -6.295 -3.343
5560 141.0 -6.145 -3.969
5570 141.0 -6.091 -3.053
5580 141.0 -5.573 -3.660
5590 141.0 -9.334 -4.785
5600 141.0 -6.268 -3.537
5610 141.0 -5.619 -4.159
5620 141.0 -7.608 -5.916
5630 141.0 -4.500 -4.163
5520 142.0 -12.714 10.310
5530 142.0 -12.416 10.010
5540 142.0 -11.983 9.334
5550 142.0 -11.373 8.946
5560 142.0 -11.149 8.552
5570 142.0 -11.170 7.906
5580 142.0 -10.445 7.617
5590 142.0 -10.318 7.056
5600 142.0 -13.610 10.249
5610 142.0 -12.314 11.036
5620 142.0 -12.877 10.673
5630 142.0 -13.729 11.161
5640 142.0 -11.963 10.394
5650 142.0 -14.119 10.986
5660 142.0 -12.582 10.706
5670 142.0 -12.425 9.833
5680 142.0 -13.604 11.647
5690 142.0 -13.862 9.274
5700 142.0 -13.120 7.925
5710 142.0 -12.978 11.027
5540 127.0 -10.111 0.158
5550 127.0 -9.953 0.123
5560 127.0 -9.862 -0.213
5570 127.0 -9.964 -0.226
5580 127.0 -9.531 -0.289
5590 127.0 -9.926 -0.589
5600 127.0 -9.573 -0.694
5610 127.0 -9.582 -0.653
5620 127.0 -10.457 -0.239
5630 127.0 -9.867 -0.384
5640 127.0 -10.301 -0.667
5650 127.0 -10.457 -0.699
5660 127.0 -9.046 -0.214
5670 127.0 -9.669 0.112
5680 127.0 -10.523 -0.840
5690 127.0 -10.202 -0.304
5700 127.0 -10.307 0.634
5710 127.0 -10.271 -0.303
5720 127.0 -10.503 0.528
5730 127.0 -10.432 1.279
5630 143.0 -17.606 6.405
5640 143.0 -17.139 6.725
5650 143.0 -16.892 6.719
5660 143.0 -16.543 6.945
5670 143.0 -16.087 6.856
5680 143.0 -15.760 7.150
5690 143.0 -15.459 7.117
5700 143.0 -14.788 7.169
5710 143.0 -18.801 5.347
5720 143.0 -18.111 6.018
5730 143.0 -18.979 6.284
5740 143.0 -18.726 6.821
5750 143.0 -17.469 4.490
5760 143.0 -17.237 5.349
5770 143.0 -18.017 5.313
5780 143.0 -18.559 7.091
5790 143.0 -18.999 6.151
5800 143.0 -17.006 6.124
5810 143.0 -16.479 5.856
5820 143.0 -16.348 6.086
5630 144.0 -17.350 5.734
5640 144.0 -17.008 6.055
5650 144.0 -16.865 6.055
5660 144.0 -16.272 6.049
5670 144.0 -16.067 6.109
5680 144.0 -15.347 6.330
5690 144.0 -15.435 6.467
5700 144.0 -15.198 6.698
5710 144.0 -17.636 5.934
5720 144.0 -17.623 5.639
5730 144.0 -17.308 5.834
5740 144.0 -17.204 6.387
5750 144.0 -17.772 7.601
5760 144.0 -16.414 6.929
5770 144.0 -16.502 4.335
5780 144.0 -18.096 6.321
5790 144.0 -18.309 7.138
5800 144.0 -16.814 5.576
5810 144.0 -17.705 6.724
5820 144.0 -17.334 5.742
5730 145.0 -17.952 6.408
5740 145.0 -17.733 6.679
5750 145.0 -17.390 6.787
5760 145.0 -17.225 7.058
5770 145.0 -17.012 7.112
5780 145.0 -16.712 7.244
5790 145.0 -16.512 7.487
5800 145.0 -16.247 7.639
5810 145.0 -17.741 6.068
5820 145.0 -18.401 4.706
5830 145.0 -17.379 7.228
5840 145.0 -18.187 6.551
5850 145.0 -18.054 5.865
5860 145.0 -18.685 6.045
5870 145.0 -17.785 7.149
5880 145.0 -17.097 5.652
5890 145.0 -18.139 6.120
5900 145.0 -17.846 6.304
5910 145.0 -18.517 6.962
5920 145.0 -18.723 6.437
5740 128.0 -8.182 -2.322
5750 128.0 -8.167 -2.386
5760 128.0 -7.947 -2.559
5770 128.0 -7.984 -2.565
5780 128.0 -7.903 -2.693
5790 128.0 -7.788 -2.777
5800 128.0 -7.807 -2.900
5810 128.0 -7.589 -3.077
5820 128.0 -7.299 -3.023
5830 128.0 -8.444 -4.563
5840 128.0 -8.404 -1.982
5850 128.0 -7.649 0.071
5860 128.0 -8.268 -2.253
5870 128.0 -8.646 -0.867
5880 128.0 -8.267 -2.115
5890 128.0 -7.261 -2.746
5900 128.0 -8.235 -0.869
5910 128.0 -6.868 -2.321
5920 128.0 -8.285 -3.782
5930 128.0 -8.890 -2.833
5940 129.0 -7.602 -2.505
5950 129.0 -7.628 -2.487
5960 129.0 -7.981 -2.404
5970 129.0 -8.077 -2.025
5980 129.0 -8.160 -1.951
5990 129.0 -8.578 -1.984
6000 129.0 -8.711 -1.600
6010 129.0 -8.727 -1.613
6020 129.0 -7.276 -2.475
6030 129.0 -8.440 -1.674
6040 129.0 -7.394 -1.628
6050 129.0 -8.352 -3.400
6060 129.0 -9.007 -2.779
6070 129.0 -7.243 -3.265
6080 129.0 -6.215 -1.826
6090 129.0 -7.355 -1.676
6100 129.0 -9.132 -3.496
6110 129.0 -7.477 -3.087
6120 129.0 -7.444 -1.494
6130 129.0 -6.887 -2.343
6020 146.0 -11.410 10.681
6030 146.0 -11.024 10.311
6040 146.0 -10.737 9.761
6050 146.0 -10.514 9.202
6060 146.0 -10.438 8.919
6070 146.0 -10.124 8.194
6080 146.0 -9.915 7.896
6090 146.0 -9.920 7.257
6100 146.0 -12.488 10.782
6110 146.0 -11.154 10.477
6120 146.0 -11.214 11.179
6130 146.0 -11.626 10.073
6140 146.0 -10.901 9.113
6150 146.0 -11.620 11.510
6160 146.0 -11.966 12.187
6170 146.0 -11.250 10.364
6180 146.0 -10.948 9.996
6190 146.0 -11.105 10.965
6200 146.0 -10.032 11.336
6210 146.0 -10.159 10.263
6050 147.0 -11.509 11.035
6060 147.0 -11.278 10.365
6070 147.0 -11.092 9.939
6080 147.0 -11.014 9.460
6090 147.0 -10.746 8.921
6100 147.0 -10.688 8.510
6110 147.0 -10.498 7.994
6120 147.0 -10.160 7.584
6130 147.0 -11.322 9.963
6140 147.0 -10.746 10.368
6150 147.0 -10.910 11.722
6160 147.0 -12.712 10.501
6170 147.0 -10.530 11.448
6180 147.0 -13.229 9.648
6190 147.0 -11.094 11.195
6200 147.0 -12.010 10.960
6210 147.0 -12.178 11.067
6220 147.0 -9.899 11.356
6230 147.0 -11.809 10.883
6240 147.0 -10.645 10.788
6060 148.0 -12.131 10.268
6070 148.0 -11.909 9.802
6080 148.0 -11.702 9.499
6090 148.0 -11.770 8.715
6100 148.0 -11.125 8.088
6110 148.0 -11.070 7.770
6120 148.0 -10.776 7.228
6130 148.0 -10.962 6.608
6140 148.0 -11.583 9.027
6150 148.0 -11.853 9.214
6160 148.0 -11.919 11.575
6170 148.0 -12.328 11.648
6180 148.0 -11.288 11.681
6190 148.0 -11.704 9.902
6200 148.0 -11.842 8.963
6210 148.0 -12.895 9.711
6220 148.0 -11.963 9.448
6230 148.0 -11.433 10.641
6240 148.0 -11.734 10.536
6250 148.0 -11.834 11.996
6140 130.0 -9.796 0.033
6150 130.0 -9.926 0.625
6160 130.0 -10.028 0.551
6170 130.0 -10.039 0.530
6180 130.0 -9.937 0.710
6190 130.0 -10.118 0.448
6200 130.0 -9.940 0.410
6210 130.0 -10.194 0.378
6220 130.0 -9.984 0.154
6230 130.0 -11.501 1.623
6240 130.0 -10.355 0.618
6250 130.0 -10.702 -2.138
6260 130.0 -9.788 -1.314
6270 130.0 -9.324 -0.121
6280 130.0 -8.445 -0.986
6290 130.0 -11.303 0.374
6300 130.0 -11.491 -1.930
6310 130.0 -10.603 0.400
6320 130.0 -8.426 1.007
6330 130.0 -9.884 -1.408
6210 149.0 -15.457 8.336
6220 149.0 -15.328 8.230
6230 149.0 -14.746 7.947
6240 149.0 -14.551 7.630
6250 149.0 -14.002 7.432
6260 149.0 -13.828 7.523
6270 149.0 -13.595 7.244
6280 149.0 -12.961 6.982
6290 149.0 -16.574 7.570
6300 149.0 -15.737 9.643
6310 149.0 -17.698 7.567
6320 149.0 -15.351 7.013
6330 149.0 -15.291 7.549
6340 149.0 -15.621 7.527
6350 149.0 -14.197 6.699
6360 149.0 -15.536 10.026
6370 149.0 -16.458 8.633
6380 149.0 -13.911 8.363
6390 149.0 -15.290 7.587
6400 149.0 -14.481 8.509
6210 153.0 -6.123 -3.558
6220 153.0 -6.459 -3.374
6230 153.0 -6.672 -2.978
6240 153.0 -6.792 -2.891
6250 153.0 -6.994 -2.537
6260 153.0 -7.127 -2.124
6270 153.0 -7.360 -2.047
6280 153.0 -7.453 -1.797
6290 153.0 -5.733 -3.622
6300 153.0 -5.874 -3.792
6310 153.0 -6.321 -5.223
6320 153.0 -5.864 -2.135
6330 153.0 -5.273 -4.664
6340 153.0 -5.933 -2.127
6350 153.0 -5.806 -3.411
6360 153.0 -8.766 -3.541
6370 153.0 -6.787 -4.556
6380 153.0 -6.706 -3.427
6390 153.0 -6.168 -3.571
6400 153.0 -4.684 -2.757
6210 154.0 -5.135 -3.095
6220 154.0 -5.480 -2.847
6230 154.0 -5.694 -2.353
6240 154.0 -6.100 -2.087
6250 154.0 -6.562 -1.852
6260 154.0 -6.695 -1.574
6270 154.0 -7.017 -1.358
6280 154.0 -7.050 -1.004
6290 154.0 -3.504 -4.091
6300 154.0 -4.895 -1.657
6310 154.0 -4.538 -2.107
6320 154.0 -5.040 -3.955
6330 154.0 -4.486 -4.043
6340 154.0 -5.307 -4.462
6350 154.0 -5.341 -2.506
6360 154.0 -5.036 -3.996
6370 154.0 -5.631 -3.581
6380 154.0 -3.981 -3.530
6390 154.0 -5.350 -3.400
6400 154.0 -4.735 -4.629
6220 151.0 -14.809 9.169
6230 151.0 -14.489 9.068
6240 151.0 -14.352 8.500
6250 151.0 -13.716 8.544
6260 151.0 -13.595 8.012
6270 151.0 -13.381 8.188
6280 151.0 -12.950 7.932
6290 151.0 -12.504 7.678
6300 151.0 -15.663 9.427
6310 151.0 -12.688 11.079
6320 151.0 -15.196 9.948
6330 151.0 -14.126 8.997
6340 151.0 -15.106 9.653
6350 151.0 -15.024 8.131
6360 151.0 -14.961 8.999
6370 151.0 -14.410 8.536
6380 151.0 -14.569 9.141
6390 151.0 -16.106 8.095
6400 151.0 -14.581 9.829
6410 151.0 -13.615 9.221
6310 156.0 -11.934 10.549
6320 156.0 -11.810 10.156
6330 156.0 -11.632 9.861
6340 156.0 -11.241 9.302
6350 156.0 -11.198 8.834
6360 156.0 -11.240 8.327
6370 156.0 -10.912 8.011
6380 156.0 -10.569 7.741
6390 156.0 -13.425 11.320
6400 156.0 -10.836 10.711
6410 156.0 -12.954 10.983
6420 156.0 -14.079 12.069
6430 156.0 -12.471 8.936
6440 156.0 -12.889 10.504
6450 156.0 -13.009 10.116
6460 156.0 -12.811 11.136
6470 156.0 -11.716 11.403
6480 156.0 -11.815 12.745
6490 156.0 -10.920 9.619
6500 156.0 -12.475 11.699
6310 161.0 -12.980 10.075
6320 161.0 -12.750 10.003
6330 161.0 -12.523 9.528
6340 161.0 -12.168 9.019
6350 161.0 -12.350 8.529
6360 161.0 -12.211 8.341
6370 161.0 -12.050 7.846
6380 161.0 -12.043 7.582
6390 161.0 -13.743 10.078
6400 161.0 -13.296 10.947
6410 161.0 -12.882 9.739
6420 161.0 -13.787 9.671
6430 161.0 -13.980 9.726
6440 161.0 -13.089 9.559
6450 161.0 -12.438 9.737
6460 161.0 -13.372 10.354
6470 161.0 -14.382 9.943
6480 161.0 -13.421 10.014
6490 161.0 -13.680 9.905
6500 161.0 -12.272 9.070
6340 131.0 -9.677 -0.483
6350 131.0 -9.482 -0.463
6360 131.0 -9.433 -0.658
6370 131.0 -9.220 -0.932
6380 131.0 -9.264 -0.928
6390 131.0 -9.270 -1.033
6400 131.0 -8.986 -1.265
6410 131.0 -9.113 -1.313
6420 131.0 -8.956 -0.079
6430 131.0 -9.620 0.371
6440 131.0 -11.852 -0.493
6450 131.0 -11.344 -0.995
6460 131.0 -8.630 -0.000
6470 131.0 -9.376 -1.975
6480 131.0 -10.492 -0.127
6490 131.0 -7.608 -1.835
6500 131.0 -8.456 -0.191
6510 131.0 -9.167 -0.780
6520 131.0 -8.647 -0.081
6530 131.0 -8.909 0.184
6410 150.0 -11.096 3.033
6420 150.0 -10.893 2.732
6430 150.0 -10.914 2.423
6440 150.0 -10.661 2.074
6450 150.0 -10.469 1.835
6460 150.0 -10.176 1.474
6470 150.0 -10.016 1.037
6480 150.0 -9.808 0.674
6490 150.0 -10.435 2.845
6500 150.0 -10.951 2.758
6510 150.0 -9.918 1.273
6520 150.0 -10.904 3.921
6530 150.0 -11.758 3.456
6540 150.0 -10.322 2.919
6550 150.0 -12.530 3.294
6560 150.0 -10.342 2.636
6570 150.0 -10.712 3.203
6580 150.0 -10.657 3.308
6590 150.0 -10.768 3.882
6600 150.0 -11.418 3.717
6410 155.0 -9.350 3.019
6420 155.0 -9.575 3.666
6430 155.0 -9.802 3.984
6440 155.0 -10.049 4.380
6450 155.0 -9.977 4.795
6460 155.0 -10.066 5.226
6470 155.0 -10.051 5.484
6480 155.0 -10.113 5.987
6490 155.0 -9.078 3.110
6500 155.0 -9.172 2.956
6510 155.0 -9.565 2.372
6520 155.0 -8.880 1.935
6530 155.0 -8.582 3.305
6540 155.0 -9.798 2.170
6550 155.0 -8.788 2.600
6560 155.0 -9.918 2.887
6570 155.0 -9.516 3.325
6580 155.0 -8.910 3.657
6590 155.0 -9.871 3.754
6600 155.0 -9.499 3.019
6420 152.0 -10.181 3.034
6430 152.0 -10.259 2.640
6440 152.0 -10.100 2.571
6450 152.0 -9.938 2.305
6460 152.0 -9.813 1.839
6470 152.0 -9.691 1.649
6480 152.0 -9.397 1.077
6490 152.0 -9.118 0.836
6500 152.0 -8.865 3.978
6510 152.0 -9.192 2.309
6520 152.0 -11.565 4.140
6530 152.0 -8.429 1.331
6540 152.0 -9.651 3.040
6550 152.0 -10.941 2.193
6560 152.0 -9.236 2.984
6570 152.0 -9.510 2.573
6580 152.0 -10.383 2.679
6590 152.0 -10.231 2.877
6600 152.0 -9.918 2.127
6610 152.0 -10.799 1.945
6510 157.0 -8.492 2.933
6520 157.0 -8.456 2.719
6530 157.0 -8.502 2.241
6540 157.0 -8.460 2.061
6550 157.0 -8.525 1.517
6560 157.0 -8.621 1.273
6570 157.0 -8.559 1.129
6580 157.0 -8.568 0.735
6590 157.0 -8.449 1.526
6600 157.0 -8.983 2.647
6610 157.0 -8.498 3.487
6620 157.0 -10.304 3.053
6630 157.0 -9.582 2.133
6640 157.0 -8.599 3.219
6650 157.0 -8.520 1.657
6660 157.0 -7.197 3.786
6670 157.0 -8.480 2.595
6680 157.0 -8.085 3.759
6690 157.0 -9.419 1.917
6700 157.0 -8.310 2.478
6510 162.0 -11.321 6.708
6520 162.0 -11.250 6.534
6530 162.0 -11.300 6.572
6540 162.0 -11.110 6.463
6550 162.0 -11.205 6.595
6560 162.0 -11.331 6.461
6570 162.0 -11.085 6.708
6580 162.0 -10.834 6.550
6590 162.0 -10.435 5.639
6600 162.0 -10.174 6.793
6610 162.0 -10.061 6.194
6620 162.0 -12.965 6.585
6630 162.0 -10.586 7.178
6640 162.0 -12.394 6.726
6650 162.0 -11.453 7.786
6660 162.0 -10.319 7.923
6670 162.0 -12.134 7.041
6680 162.0 -12.561 6.117
6690 162.0 -12.449 7.294
6700 162.0 -10.851 8.490
6530 166.0 -3.981 -2.197
6540 166.0 -4.769 -2.102
6550 166.0 -5.067 -1.603
6560 166.0 -5.336 -1.170
6570 166.0 -5.654 -0.645
6580 166.0 -5.618 -0.212
6590 166.0 -6.110 0.347
6600 166.0 -6.359 0.554
6610 166.0 -2.220 -3.187
6620 166.0 -3.334 -2.182
6630 166.0 -4.686 -1.126
6640 166.0 -5.002 -1.562
6650 166.0 -4.449 -3.899
6660 166.0 -3.914 -2.944
6670 166.0 -3.715 -0.936
6680 166.0 -4.487 -2.953
6690 166.0 -4.380 -0.932
6700 166.0 -4.297 -1.012
6710 166.0 -3.565 -2.200
6720 166.0 -4.419 -2.496
6530 167.0 -4.804 -2.826
6540 167.0 -4.999 -2.198
6550 167.0 -5.432 -1.846
6560 167.0 -5.688 -1.321
6570 167.0 -6.062 -0.913
6580 167.0 -6.402 -0.786
6590 167.0 -6.897 -0.040
6600 167.0 -7.010 0.275
6610 167.0 -5.474 -1.693
6620 167.0 -4.427 -1.415
6630 167.0 -4.483 -3.205
6640 167.0 -4.547 -4.397
6650 167.0 -6.028 -4.089
6660 167.0 -3.620 -2.831
6670 167.0 -4.872 -4.576
6680 167.0 -5.590 -4.041
6690 167.0 -3.846 -1.990
6700 167.0 -5.064 -4.525
6710 167.0 -4.775 -2.666
6720 167.0 -3.678 -3.089
6540 132.0 -9.334 -0.982
6550 132.0 -9.238 -0.790
6560 132.0 -9.389 -0.600
6570 132.0 -9.289 -0.408
6580 132.0 -9.365 -0.323
6590 132.0 -9.324 -0.146
6600 132.0 -9.314 -0.091
6610 132.0 -9.341 -0.200
6620 132.0 -8.808 -0.784
6630 132.0 -9.263 -2.050
6640 132.0 -9.352 -1.108
6650 132.0 -10.813 -3.012
6660 132.0 -10.038 -2.009
6670 132.0 -8.949 -1.926
6680 132.0 -10.015 -1.299
6690 132.0 -9.560 -1.009
6700 132.0 -11.814 -0.380
6710 132.0 -9.014 -0.327
6720 132.0 -9.849 -0.540
6730 132.0 -9.785 -2.168
6570 168.0 -12.119 10.072
6580 168.0 -11.683 9.854
6590 168.0 -11.430 9.100
6600 168.0 -11.085 8.894
6610 168.0 -10.884 8.388
6620 168.0 -10.879 8.075
6630 168.0 -10.300 7.272
6640 168.0 -10.349 6.944
6650 168.0 -12.120 9.458
6660 168.0 -10.967 11.154
6670 168.0 -13.220 10.643
6680 168.0 -13.305 9.757
6690 168.0 -12.263 9.116
6700 168.0 -11.992 9.583
6710 168.0 -12.364 9.822
6720 168.0 -11.615 9.731
6730 168.0 -11.531 9.387
6740 168.0 -12.987 9.361
6750 168.0 -11.824 9.814
6760 168.0 -12.981 9.403
6570 169.0 -11.668 10.690
6580 169.0 -11.339 10.253
6590 169.0 -11.011 9.727
6600 169.0 -10.887 9.208
6610 169.0 -10.464 8.627
6620 169.0 -10.194 8.251
6630 169.0 -10.108 7.867
6640 169.0 -9.813 7.499
6650 169.0 -13.269 9.422
6660 169.0 -11.662 11.333
6670 169.0 -11.094 10.195
6680 169.0 -11.909 9.498
6690 169.0 -12.690 9.955
6700 169.0 -11.507 11.530
6710 169.0 -10.999 9.986
6720 169.0 -11.410 10.619
6730 169.0 -13.241 9.907
6740 169.0 -12.934 10.321
6750 169.0 -10.604 9.154
6760 169.0 -10.973 11.230
6580 170.0 -3.945 -2.379
6590 170.0 -4.726 -2.022
6600 170.0 -4.460 -1.329
6610 170.0 -4.915 -0.572
6620 170.0 -5.222 -0.394
6630 170.0 -5.516 0.190
6640 170.0 -5.802 0.756
6650 170.0 -5.962 1.389
6660 170.0 -3.659 -3.751
6670 170.0 -4.339 -2.017
6680 170.0 -3.802 -1.789
6690 170.0 -3.279 -3.239
6700 170.0 -3.419 -3.218
6710 170.0 -4.008 -2.714
6720 170.0 -2.520 -3.398
6730 170.0 -4.414 -2.246
6740 170.0 -4.763 -2.417
6750 170.0 -4.315 -0.811
6760 170.0 -2.862 -2.196
6770 170.0 -2.735 -1.541
6580 171.0 -3.864 -2.152
6590 171.0 -3.996 -1.612
6600 171.0 -4.248 -1.092
6610 171.0 -4.389 -0.752
6620 171.0 -4.564 -0.197
6630 171.0 -4.671 0.238
6640 171.0 -4.960 0.714
6650 171.0 -5.182 1.340
6660 171.0 -2.907 -1.615
6670 171.0 -4.555 -3.540
6680 171.0 -3.599 -2.213
6690 171.0 -4.932 -3.262
6700 171.0 -4.348 -1.018
6710 171.0 -4.124 -2.110
6720 171.0 -2.764 -0.865
6730 171.0 -4.600 -2.193
6740 171.0 -2.807 -2.257
6750 171.0 -3.208 -2.348
6760 171.0 -3.141 -2.860
6770 171.0 -2.163 -2.490
6710 158.0 -8.572 -0.069
6720 158.0 -8.587 -0.299
6730 158.0 -8.690 -0.263
6740 158.0 -8.516 -0.108
6750 158.0 -8.567 -0.216
6760 158.0 -8.947 -0.244
6770 158.0 -8.628 -0.304
6780 158.0 -8.718 -0.288
6790 158.0 -9.400 -0.883
6800 158.0 -7.467 -0.842
6810 158.0 -9.275 -2.334
6820 158.0 -8.223 -0.525
6830 158.0 -7.457 0.657
6840 158.0 -7.967 -1.384
6850 158.0 -8.318 -0.129
6860 158.0 -7.118 0.581
6870 158.0 -8.356 -0.050
6880 158.0 -6.717 -1.310
6890 158.0 -9.068 -0.662
6900 158.0 -8.349 0.195
6710 163.0 -10.826 6.125
6720 163.0 -10.681 6.157
6730 163.0 -10.478 5.973
6740 163.0 -10.520 5.960
6750 163.0 -10.872 6.095
6760 163.0 -10.721 6.156
6770 163.0 -10.752 6.050
6780 163.0 -10.798 6.038
6790 163.0 -10.650 4.401
6800 163.0 -12.902 7.106
6810 163.0 -11.535 4.559
6820 163.0 -11.618 7.106
6830 163.0 -10.683 6.699
6840 163.0 -11.090 6.792
6850 163.0 -12.130 4.837
6860 163.0 -9.912 6.993
6870 163.0 -11.489 6.792
6880 163.0 -9.370 5.070
6890 163.0 -9.072 5.579
6900 163.0 -10.469 7.279
6720 172.0 -3.725 -1.752
6730 172.0 -3.873 -1.224
6740 172.0 -3.741 -0.721
6750 172.0 -4.178 -0.480
6760 172.0 -4.556 -0.216
6770 172.0 -4.518 0.171
6780 172.0 -4.805 0.790
6790 172.0 -5.111 1.232
6800 172.0 -3.705 -2.335
6810 172.0 -3.481 -1.543
6820 172.0 -4.503 -2.419
6830 172.0 -3.242 -2.170
6840 172.0 -4.755 -0.799
6850 172.0 -1.801 -1.088
6860 172.0 -3.316 -0.308
6870 172.0 -2.845 -0.698
6880 172.0 -5.143 -0.560
6890 172.0 -6.113 -3.352
6900 172.0 -4.035 -1.091
6910 172.0 -4.264 -1.257
6740 133.0 -9.162 -0.185
6750 133.0 -9.087 -0.164
6760 133.0 -9.092 -0.286
6770 133.0 -9.091 -0.358
6780 133.0 -9.227 -0.310
6790 133.0 -8.936 -0.400
6800 133.0 -9.030 -0.249
6810 133.0 -9.136 -0.374
6820 133.0 -7.541 -0.989
6830 133.0 -9.934 0.838
6840 133.0 -10.073 -1.276
6850 133.0 -9.293 0.210
6860 133.0 -8.703 -0.242
6870 133.0 -8.475 -0.237
6880 133.0 -10.496 -1.396
6890 133.0 -9.631 0.943
6900 133.0 -8.674 -0.564
6910 133.0 -9.392 0.629
6920 133.0 -8.737 0.812
6930 133.0 -9.904 -3.259
6740 173.0 -4.140 -2.294
6750 173.0 -4.327 -1.958
6760 173.0 -4.741 -1.883
6770 173.0 -4.930 -1.269
6780 173.0 -4.996 -1.015
6790 173.0 -5.093 -0.431
6800 173.0 -5.100 -0.165
6810 173.0 -4.869 0.220
6820 173.0 -3.910 -2.311
6830 173.0 -5.159 -3.758
6840 173.0 -3.829 -1.739
6850 173.0 -4.633 -3.573
6860 173.0 -4.308 -1.367
6870 173.0 -5.016 -2.876
6880 173.0 -3.158 -2.616
6890 173.0 -4.977 -2.052
6900 173.0 -3.666 -0.377
6910 173.0 -2.764 -2.030
6920 173.0 -5.178 -4.002
6930 173.0 -3.532 -1.966
6750 174.0 -5.001 -2.572
6760 174.0 -5.155 -2.313
6770 174.0 -5.326 -1.980
6780 174.0 -5.600 -1.212
6790 174.0 -5.509 -1.143
6800 174.0 -5.749 -1.097
6810 174.0 -6.065 -0.938
6820 174.0 -6.311 -0.420
6830 174.0 -3.556 -1.583
6840 174.0 -5.014 -4.374
6850 174.0 -3.383 -3.103
6860 174.0 -4.249 -2.836
6870 174.0 -6.105 -3.195
6880 174.0 -3.993 -1.652
6890 174.0 -4.259 -3.309
6900 174.0 -4.157 -3.278
6910 174.0 -5.596 -1.301
6920 174.0 -5.120 -2.808
6930 174.0 -4.252 -1.026
6940 174.0 -4.719 -4.317
6880 175.0 -11.789 10.457
6890 175.0 -11.627 10.100
6900 175.0 -11.158 9.594
6910 175.0 -11.080 9.342
6920 175.0 -10.918 8.603
6930 175.0 -10.553 8.190
6940 175.0 -10.556 7.773
6950 175.0 -10.256 7.325
6960 175.0 -11.731 10.528
6970 175.0 -10.709 10.620
6980 175.0 -12.432 10.278
6990 175.0 -11.102 10.290
7000 175.0 -12.053 9.282
7010 175.0 -11.891 10.546
7020 175.0 -10.850 10.977
7030 175.0 -12.779 10.161
7040 175.0 -11.913 9.892
7050 175.0 -11.589 9.031
7060 175.0 -12.838 10.102
7070 175.0 -12.758 8.861
6880 177.0 -11.364 11.105
6890 177.0 -11.125 10.522
6900 177.0 -10.850 10.083
6910 177.0 -10.539 9.461
6920 177.0 -10.349 9.090
6930 177.0 -10.239 8.672
6940 177.0 -10.205 8.239
6950 177.0 -10.079 7.787
6960 177.0 -12.797 12.270
6970 177.0 -13.152 12.531
6980 177.0 -11.651 10.012
6990 177.0 -10.718 11.015
7000 177.0 -10.206 12.250
7010 177.0 -11.176 12.019
7020 177.0 -13.007 11.497
7030 177.0 -10.688 11.898
7040 177.0 -10.967 10.768
7050 177.0 -12.667 9.410
7060 177.0 -11.479 11.809
7070 177.0 -11.643 9.379
6910 159.0 -8.506 -0.257
6920 159.0 -8.803 -0.212
6930 159.0 -8.429 0.036
6940 159.0 -8.557 -0.093
6950 159.0 -8.716 0.036
6960 159.0 -8.848 -0.103
6970 159.0 -8.764 0.019
6980 159.0 -8.567 0.150
6990 159.0 -6.978 0.289
7000 159.0 -8.274 0.928
7010 159.0 -9.191 -2.223
7020 159.0 -9.194 -0.613
7030 159.0 -8.283 0.075
7040 159.0 -8.460 -1.327
7050 159.0 -7.537 1.012
7060 159.0 -7.961 -0.152
7070 159.0 -8.843 -1.341
7080 159.0 -8.731 -1.103
7090 159.0 -9.607 1.352
7100 159.0 -8.440 -1.989
6910 164.0 -10.854 5.739
6920 164.0 -10.892 5.578
6930 164.0 -10.734 5.674
6940 164.0 -10.940 5.600
6950 164.0 -10.942 5.871
6960 164.0 -10.793 5.812
6970 164.0 -10.966 5.692
6980 164.0 -10.537 5.884
6990 164.0 -9.756 6.377
7000 164.0 -10.719 5.944
7010 164.0 -10.557 5.070
7020 164.0 -10.701 6.307
7030 164.0 -11.707 6.801
7040 164.0 -10.058 5.191
7050 164.0 -11.672 6.398
7060 164.0 -11.545 4.460
7070 164.0 -11.261 5.932
7080 164.0 -9.779 6.997
7090 164.0 -10.451 6.015
7100 164.0 -10.732 6.001
6940 134.0 -8.924 -0.540
6950 134.0 -8.958 -0.481
6960 134.0 -8.869 -0.571
6970 134.0 -8.943 -0.384
6980 134.0 -9.177 -0.354
6990 134.0 -8.930 -0.543
7000 134.0 -8.974 -0.588
7010 134.0 -9.003 -0.350
7020 134.0 -9.408 -0.135
7030 134.0 -8.916 1.137
7040 134.0 -9.114 -0.666
7050 134.0 -7.831 -1.979
7060 134.0 -9.674 -0.713
7070 134.0 -9.231 0.501
7080 134.0 -9.011 -2.787
7090 134.0 -9.728 -0.406
7100 134.0 -9.220 -0.002
7110 134.0 -10.069 0.424
7120 134.0 -9.288 -0.113
7130 134.0 -10.044 0.204
6940 182.0 -14.465 8.909
6950 182.0 -14.273 8.860
6960 182.0 -13.863 8.470
6970 182.0 -13.580 8.172
6980 182.0 -13.104 7.800
6990 182.0 -12.685 7.275
7000 182.0 -12.292 6.816
7010 182.0 -12.163 6.310
7020 182.0 -13.470 9.800
7030 182.0 -14.630 9.314
7040 182.0 -13.679 10.390
7050 182.0 -14.170 9.140
7060 182.0 -14.680 8.941
7070 182.0 -14.953 8.764
7080 182.0 -14.692 6.936
7090 182.0 -14.011 9.369
7100 182.0 -14.435 7.725
7110 182.0 -14.975 6.891
7120 182.0 -13.590 8.886
7130 182.0 -13.979 7.344
7060 179.0 -17.890 6.262
7070 179.0 -17.252 6.399
7080 179.0 -16.826 6.650
7090 179.0 -16.409 6.915
7100 179.0 -15.997 7.061
7110 179.0 -15.374 7.072
7120 179.0 -14.925 7.120
7130 179.0 -14.505 7.113
7140 179.0 -18.428 6.804
7150 179.0 -19.532 6.450
7160 179.0 -18.492 6.974
7170 179.0 -20.066 7.815
7180 179.0 -17.180 4.993
7190 179.0 -18.446 5.987
7200 179.0 -18.574 3.992
7210 179.0 -18.180 6.569
7220 179.0 -18.355 5.058
7230 179.0 -18.475 4.861
7240 179.0 -18.098 6.239
7250 179.0 -17.284 6.593
7080 176.0 -8.653 1.957
7090 176.0 -8.462 1.994
7100 176.0 -8.276 1.676
7110 176.0 -8.189 1.622
7120 176.0 -8.065 1.616
7130 176.0 -7.744 1.005
7140 176.0 -7.908 0.894
7150 176.0 -7.891 0.366
7160 176.0 -9.080 2.150
7170 176.0 -7.475 1.637
7180 176.0 -9.480 3.353
7190 176.0 -8.311 2.059
7200 176.0 -7.891 2.655
7210 176.0 -9.187 1.831
7220 176.0 -8.244 2.404
7230 176.0 -8.285 3.489
7240 176.0 -8.046 2.608
7250 176.0 -9.132 2.378
7260 176.0 -8.677 3.057
7270 176.0 -7.335 2.000
7080 178.0 -7.745 2.227
7090 178.0 -7.713 1.725
7100 178.0 -7.657 1.306
7110 178.0 -7.695 1.095
7120 178.0 -7.553 0.866
7130 178.0 -7.562 0.785
7140 178.0 -7.396 0.762
7150 178.0 -7.277 0.630
7160 178.0 -7.571 4.238
7170 178.0 -8.152 1.553
7180 178.0 -7.234 2.907
7190 178.0 -6.893 2.123
7200 178.0 -8.533 2.761
7210 178.0 -8.538 1.256
7220 178.0 -8.235 3.623
7230 178.0 -7.144 2.159
7240 178.0 -8.905 2.740
7250 178.0 -7.420 -0.332
7260 178.0 -7.270 1.171
7270 178.0 -7.122 0.764
7110 160.0 -8.654 -0.300
7120 160.0 -8.562 -0.382
7130 160.0 -8.305 -0.419
7140 160.0 -8.613 -0.604
7150 160.0 -8.372 -0.562
7160 160.0 -8.604 -0.853
7170 160.0 -8.535 -0.593
7180 160.0 -8.618 -0.966
7190 160.0 -8.861 -1.020
7200 160.0 -9.394 -1.569
7210 160.0 -8.244 -1.015
7220 160.0 -8.204 0.311
7230 160.0 -7.158 -1.166
7240 160.0 -9.945 0.179
7250 160.0 -8.018 0.288
7260 160.0 -8.715 0.258
7270 160.0 -8.447 -0.547
7280 160.0 -8.488 -1.632
7290 160.0 -9.641 -0.019
7300 160.0 -11.116 0.461
7110 165.0 -9.501 1.168
7120 165.0 -9.127 0.859
7130 165.0 -9.211 0.634
7140 165.0 -9.169 0.489
7150 165.0 -9.138 0.301
7160 165.0 -9.062 0.334
7170 165.0 -8.916 0.268
7180 165.0 -8.971 0.323
7190 165.0 -9.186 2.455
7200 165.0 -8.512 1.077
7210 165.0 -11.233 1.067
7220 165.0 -10.121 1.338
7230 165.0 -8.653 -1.965
7240 165.0 -10.348 0.625
7250 165.0 -10.923 -0.293
7260 165.0 -10.382 1.266
7270 165.0 -9.670 0.289
7280 165.0 -9.623 0.539
7290 165.0 -10.798 1.384
7300 165.0 -8.725 -0.435
7140 135.0 -8.813 -0.494
7150 135.0 -9.099 -0.516
7160 135.0 -8.856 -0.625
7170 135.0 -8.695 -0.663
7180 135.0 -8.533 -0.713
7190 135.0 -9.110 -0.467
7200 135.0 -9.298 -0.641
7210 135.0 -9.239 -0.507
7220 135.0 -9.061 0.759
7230 135.0 -7.894 -0.217
7240 135.0 -8.253 -1.870
7250 135.0 -9.662 -1.993
7260 135.0 -8.977 0.338
7270 135.0 -8.993 -0.624
7280 135.0 -8.720 -0.854
7290 135.0 -9.403 -1.199
7300 135.0 -9.182 -0.855
7310 135.0 -9.331 -0.425
7320 135.0 -7.885 -1.305
7330 135.0 -7.020 -0.166
7170 181.0 -7.634 -4.334
7180 181.0 -7.455 -3.985
7190 181.0 -7.360 -3.850
7200 181.0 -7.184 -3.385
7210 181.0 -6.878 -2.936
7220 181.0 -6.630 -2.652
7230 181.0 -6.435 -2.431
7240 181.0 -6.366 -1.950
7250 181.0 -8.073 -5.643
7260 181.0 -7.051 -5.598
7270 181.0 -7.866 -4.316
7280 181.0 -7.707 -3.682
7290 181.0 -7.493 -4.128
7300 181.0 -9.570 -4.108
7310 181.0 -7.965 -4.508
7320 181.0 -8.702 -5.530
7330 181.0 -8.185 -5.383
7340 181.0 -8.188 -4.364
7350 181.0 -8.528 -4.076
7360 181.0 -7.736 -5.591
7220 183.0 -5.840 -3.404
7230 183.0 -5.599 -2.841
7240 183.0 -5.573 -2.397
7250 183.0 -5.348 -1.902
7260 183.0 -5.400 -1.312
7270 183.0 -5.287 -0.827
7280 183.0 -5.383 -0.196
7290 183.0 -5.586 0.323
7300 183.0 -5.055 -1.134
7310 183.0 -6.011 -2.159
7320 183.0 -6.338 -3.704
7330 183.0 -6.121 -3.597
7340 183.0 -4.285 -3.675
7350 183.0 -8.010 -3.752
7360 183.0 -5.501 -4.226
7370 183.0 -5.291 -2.915
7380 183.0 -4.490 -4.180
7390 183.0 -5.995 -2.729
7400 183.0 -4.874 -3.077
7410 183.0 -4.827 -4.021
7250 184.0 -4.187 -2.229
7260 184.0 -4.292 -1.807
7270 184.0 -4.544 -1.500
7280 184.0 -5.121 -1.126
7290 184.0 -5.597 -1.026
7300 184.0 -5.891 -0.478
7310 184.0 -6.280 -0.194
7320 184.0 -6.544 0.353
7330 184.0 -4.710 -2.741
7340 184.0 -4.564 -0.536
7350 184.0 -4.719 -2.116
7360 184.0 -4.616 -0.317
7370 184.0 -3.335 -2.170
7380 184.0 -5.719 -1.852
7390 184.0 -3.788 -2.870
7400 184.0 -4.022 -2.510
7410 184.0 -5.053 -2.963
7420 184.0 -4.063 -1.793
7430 184.0 -3.929 -1.373
7440 184.0 -5.012 -2.821
7260 180.0 -9.508 2.268
7270 180.0 -9.635 1.882
7280 180.0 -9.223 1.177
7290 180.0 -8.870 0.893
7300 180.0 -8.442 0.289
7310 180.0 -8.255 -0.136
7320 180.0 -8.089 -0.509
7330 180.0 -7.871 -0.859
7340 180.0 -9.540 3.307
7350 180.0 -8.574 1.959
7360 180.0 -9.466 1.895
7370 180.0 -9.501 1.205
7380 180.0 -8.818 1.906
7390 180.0 -9.548 1.220
7400 180.0 -8.813 2.953
7410 180.0 -7.612 3.576
7420 180.0 -9.590 2.937
7430 180.0 -9.702 1.954
7440 180.0 -9.574 2.797
7450 180.0 -10.503 2.040
7290 185.0 -11.113 10.775
7300 185.0 -11.008 10.170
7310 185.0 -10.574 9.419
7320 185.0 -10.385 8.894
7330 185.0 -10.126 8.283
7340 185.0 -9.903 7.662
7350 185.0 -9.699 7.067
7360 185.0 -9.585 6.439
7370 185.0 -11.942 10.412
7380 185.0 -12.800 9.664
7390 185.0 -10.539 10.848
7400 185.0 -11.292 11.486
7410 185.0 -10.974 12.620
7420 185.0 -11.059 12.183
7430 185.0 -10.613 10.911
7440 185.0 -11.396 13.134
7450 185.0 -10.576 10.282
7460 185.0 -11.426 11.469
7470 185.0 -10.115 9.358
7480 185.0 -11.746 9.493
