0 3.0 -3.506 -6.173
10 3.0 -3.547 -6.549
20 3.0 -3.582 -7.164
30 3.0 -3.518 -7.677
40 3.0 -3.750 -8.113
50 3.0 -3.882 -8.522
60 3.0 -3.771 -8.843
70 3.0 -3.920 -9.371
80 3.0 -4.847 -5.568
90 3.0 -4.101 -5.902
100 3.0 -2.933 -5.717
110 3.0 -4.565 -6.244
120 3.0 -3.815 -6.933
130 3.0 -1.575 -7.284
140 3.0 -5.153 -6.645
150 3.0 -3.828 -6.040
160 3.0 -2.257 -7.543
170 3.0 -4.587 -5.597
180 3.0 -5.309 -7.227
190 3.0 -4.221 -5.540
0 4.0 1.189 -6.309
10 4.0 1.035 -6.448
20 4.0 0.885 -7.110
30 4.0 1.006 -7.060
40 4.0 0.686 -7.170
50 4.0 0.595 -7.522
60 4.0 0.954 -7.116
70 4.0 0.704 -6.793
80 4.0 1.740 -7.639
90 4.0 1.938 -6.049
100 4.0 -0.297 -6.252
110 4.0 0.110 -5.888
120 4.0 0.562 -6.144
130 4.0 0.504 -6.818
140 4.0 3.573 -7.453
150 4.0 1.015 -5.187
160 4.0 -0.433 -6.950
170 4.0 -0.175 -5.708
180 4.0 3.210 -3.831
190 4.0 0.400 -4.976
0 9.0 -8.695 -12.601
10 9.0 -8.115 -12.214
20 9.0 -7.191 -11.975
30 9.0 -6.592 -11.615
40 9.0 -5.870 -11.711
50 9.0 -5.185 -11.470
60 9.0 -4.334 -11.439
70 9.0 -3.750 -11.282
80 9.0 -8.532 -13.784
90 9.0 -8.948 -11.607
100 9.0 -9.051 -12.910
110 9.0 -7.963 -14.623
120 9.0 -8.180 -13.314
130 9.0 -8.342 -12.893
140 9.0 -8.419 -12.465
150 9.0 -8.434 -13.333
160 9.0 -8.454 -12.183
170 9.0 -9.597 -12.110
180 9.0 -10.205 -13.090
190 9.0 -8.858 -12.959
0 10.0 -10.615 -8.849
10 10.0 -10.103 -8.882
20 10.0 -9.802 -8.671
30 10.0 -9.359 -8.740
40 10.0 -8.811 -8.801
50 10.0 -8.818 -8.876
60 10.0 -8.051 -8.955
70 10.0 -7.809 -8.836
80 10.0 -9.838 -7.490
90 10.0 -10.936 -10.070
100 10.0 -10.724 -8.603
110 10.0 -11.248 -7.779
120 10.0 -10.010 -10.150
130 10.0 -13.341 -8.266
140 10.0 -12.569 -9.727
150 10.0 -11.210 -8.932
160 10.0 -10.284 -9.175
170 10.0 -10.537 -7.759
180 10.0 -11.445 -9.673
190 10.0 -9.738 -7.574
0 12.0 -10.662 -9.917
10 12.0 -10.223 -9.667
20 12.0 -9.718 -9.653
30 12.0 -9.479 -9.659
40 12.0 -9.113 -9.443
50 12.0 -8.725 -9.449
60 12.0 -8.360 -9.297
70 12.0 -8.069 -9.219
80 12.0 -11.257 -8.847
90 12.0 -11.092 -9.154
100 12.0 -10.315 -10.482
110 12.0 -10.234 -9.944
120 12.0 -12.452 -10.337
130 12.0 -11.970 -9.785
140 12.0 -10.078 -9.235
150 12.0 -9.921 -10.759
160 12.0 -8.428 -8.931
170 12.0 -10.616 -9.174
180 12.0 -10.597 -9.637
190 12.0 -11.154 -10.009
0 14.0 -8.449 -13.836
10 14.0 -8.392 -14.025
20 14.0 -8.214 -14.206
30 14.0 -8.141 -14.502
40 14.0 -7.737 -14.530
50 14.0 -7.731 -14.652
60 14.0 -7.721 -14.743
70 14.0 -7.636 -14.760
80 14.0 -7.731 -14.438
90 14.0 -8.096 -13.024
100 14.0 -9.360 -13.592
110 14.0 -7.711 -14.338
120 14.0 -8.098 -13.417
130 14.0 -9.605 -14.877
140 14.0 -7.684 -14.189
150 14.0 -7.821 -14.643
160 14.0 -7.734 -13.743
170 14.0 -8.745 -13.507
180 14.0 -8.968 -14.104
190 14.0 -8.403 -12.764
0 15.0 3.088 -7.684
10 15.0 3.021 -7.893
20 15.0 2.795 -7.944
30 15.0 2.476 -8.216
40 15.0 2.317 -8.384
50 15.0 2.093 -8.563
60 15.0 1.953 -8.760
70 15.0 1.805 -8.950
80 15.0 3.096 -7.561
90 15.0 2.071 -8.754
100 15.0 4.809 -6.256
110 15.0 3.515 -5.676
120 15.0 2.533 -7.774
130 15.0 2.855 -7.570
140 15.0 1.212 -6.543
150 15.0 2.095 -8.483
160 15.0 2.437 -9.215
170 15.0 3.270 -7.796
180 15.0 2.083 -7.272
190 15.0 4.188 -7.205
0 18.0 3.202 -7.218
10 18.0 3.024 -7.390
20 18.0 2.848 -7.437
30 18.0 2.728 -7.430
40 18.0 2.536 -7.643
50 18.0 2.363 -7.594
60 18.0 2.085 -7.706
70 18.0 1.971 -7.775
80 18.0 3.011 -7.890
90 18.0 2.536 -8.768
100 18.0 2.531 -6.707
110 18.0 2.487 -6.344
120 18.0 2.353 -7.248
130 18.0 2.550 -6.704
140 18.0 3.572 -6.218
150 18.0 3.175 -7.870
160 18.0 3.831 -8.692
170 18.0 3.393 -6.186
180 18.0 2.314 -7.024
190 18.0 4.316 -6.945
0 21.0 3.714 -6.907
10 21.0 3.388 -7.518
20 21.0 3.207 -7.286
30 21.0 3.058 -7.487
40 21.0 2.946 -7.638
50 21.0 2.587 -7.643
60 21.0 2.471 -7.746
70 21.0 2.458 -8.288
80 21.0 3.180 -8.149
90 21.0 4.654 -6.493
100 21.0 3.282 -7.236
110 21.0 3.542 -6.392
120 21.0 3.593 -7.732
130 21.0 4.146 -6.944
140 21.0 3.598 -6.968
150 21.0 4.116 -6.972
160 21.0 1.658 -7.416
170 21.0 2.891 -5.930
180 21.0 5.441 -6.913
190 21.0 3.203 -7.253
0 24.0 3.582 -6.724
10 24.0 3.346 -6.492
20 24.0 3.426 -6.828
30 24.0 3.179 -7.161
40 24.0 3.070 -7.015
50 24.0 2.892 -7.155
60 24.0 2.746 -7.114
70 24.0 2.515 -7.300
80 24.0 1.230 -6.289
90 24.0 3.384 -7.429
100 24.0 3.067 -7.647
110 24.0 5.025 -8.035
120 24.0 4.904 -5.732
130 24.0 3.422 -6.500
140 24.0 6.156 -7.359
150 24.0 3.048 -7.614
160 24.0 3.600 -8.244
170 24.0 3.540 -7.525
180 24.0 1.747 -6.314
190 24.0 4.465 -6.463
0 27.0 -5.408 -14.080
10 27.0 -4.890 -14.174
20 27.0 -4.976 -14.100
30 27.0 -5.072 -14.006
40 27.0 -5.412 -14.080
50 27.0 -5.368 -14.096
60 27.0 -5.152 -14.114
70 27.0 -5.224 -14.315
80 27.0 -3.944 -14.511
90 27.0 -6.165 -14.107
100 27.0 -6.306 -16.524
110 27.0 -5.283 -11.753
120 27.0 -6.047 -13.605
130 27.0 -6.037 -13.379
140 27.0 -5.891 -15.938
150 27.0 -6.548 -13.970
160 27.0 -7.103 -14.838
170 27.0 -5.610 -15.959
180 27.0 -4.595 -12.848
190 27.0 -6.209 -15.052
0 28.0 -4.705 -13.393
10 28.0 -4.905 -13.487
20 28.0 -5.097 -13.512
30 28.0 -5.196 -13.710
40 28.0 -5.266 -13.587
50 28.0 -5.383 -13.679
60 28.0 -5.343 -13.729
70 28.0 -5.479 -13.663
80 28.0 -4.578 -12.762
90 28.0 -4.603 -13.883
100 28.0 -4.884 -12.973
110 28.0 -4.095 -12.361
120 28.0 -6.221 -14.611
130 28.0 -4.288 -12.424
140 28.0 -5.345 -14.121
150 28.0 -4.553 -13.462
160 28.0 -4.433 -13.729
170 28.0 -5.898 -13.978
180 28.0 -5.138 -13.972
190 28.0 -5.070 -13.165
0 29.0 -4.214 -13.652
10 29.0 -4.578 -13.468
20 29.0 -4.587 -13.500
30 29.0 -4.695 -13.512
40 29.0 -4.590 -13.726
50 29.0 -4.947 -13.551
60 29.0 -4.732 -14.065
70 29.0 -4.704 -14.102
80 29.0 -4.982 -12.844
90 29.0 -3.676 -12.167
100 29.0 -5.250 -13.655
110 29.0 -5.090 -14.217
120 29.0 -1.727 -13.598
130 29.0 -4.550 -13.812
140 29.0 -5.392 -15.087
150 29.0 -2.028 -14.180
160 29.0 -4.338 -11.923
170 29.0 -3.977 -13.855
180 29.0 -4.311 -13.103
190 29.0 -3.865 -13.752
0 35.0 -7.627 -6.213
10 35.0 -7.967 -6.099
20 35.0 -7.921 -6.382
30 35.0 -7.717 -6.483
40 35.0 -7.909 -6.530
50 35.0 -7.867 -6.508
60 35.0 -8.067 -6.199
70 35.0 -7.709 -6.888
80 35.0 -7.202 -5.940
90 35.0 -7.529 -7.922
100 35.0 -8.068 -5.471
110 35.0 -6.923 -7.276
120 35.0 -7.483 -5.720
130 35.0 -8.318 -6.870
140 35.0 -6.882 -6.388
150 35.0 -7.799 -6.400
160 35.0 -7.463 -7.603
170 35.0 -7.770 -6.628
180 35.0 -6.003 -6.422
190 35.0 -7.567 -6.771
0 36.0 -7.781 -5.134
10 36.0 -7.825 -5.263
20 36.0 -7.865 -5.267
30 36.0 -7.746 -5.455
40 36.0 -7.710 -5.469
50 36.0 -7.785 -5.614
60 36.0 -7.682 -5.804
70 36.0 -7.706 -5.797
80 36.0 -8.727 -5.701
90 36.0 -7.595 -5.323
100 36.0 -9.802 -5.284
110 36.0 -7.535 -6.437
120 36.0 -8.091 -5.318
130 36.0 -7.455 -4.900
140 36.0 -6.730 -5.872
150 36.0 -8.385 -5.002
160 36.0 -9.361 -4.625
170 36.0 -8.144 -4.821
180 36.0 -6.868 -5.683
190 36.0 -7.845 -5.576
0 40.0 -3.059 -16.639
10 40.0 -3.043 -16.297
20 40.0 -3.322 -16.382
30 40.0 -3.258 -15.873
40 40.0 -3.688 -15.448
50 40.0 -3.604 -15.156
60 40.0 -3.556 -15.093
70 40.0 -3.796 -14.647
80 40.0 -1.686 -17.260
90 40.0 -2.963 -18.591
100 40.0 -2.838 -15.611
110 40.0 -3.456 -16.512
120 40.0 -3.398 -15.835
130 40.0 -4.056 -17.358
140 40.0 -4.050 -17.196
150 40.0 -4.391 -16.553
160 40.0 -2.705 -16.883
170 40.0 -2.682 -17.349
180 40.0 -4.138 -16.513
190 40.0 -3.523 -16.674
0 366.0 -4.237 -7.874
10 366.0 -4.303 -7.929
20 366.0 -4.327 -8.079
30 366.0 -4.313 -7.970
40 366.0 -4.385 -7.965
50 366.0 -4.484 -8.020
60 366.0 -4.371 -8.124
70 366.0 -4.384 -8.198
80 366.0 -2.372 -7.136
90 366.0 -3.998 -7.056
100 366.0 -4.213 -7.574
110 366.0 -4.463 -6.629
120 366.0 -4.679 -8.694
130 366.0 -5.248 -6.830
140 366.0 -5.041 -8.259
150 366.0 -3.645 -8.738
160 366.0 -4.092 -8.617
170 366.0 -4.721 -8.569
180 366.0 -5.236 -7.058
190 366.0 -3.916 -7.039
0 370.0 -4.672 -6.244
10 370.0 -4.711 -6.333
20 370.0 -4.522 -6.571
30 370.0 -4.660 -6.642
40 370.0 -4.611 -6.662
50 370.0 -4.632 -6.555
60 370.0 -4.361 -6.808
70 370.0 -4.550 -6.541
80 370.0 -5.780 -6.250
90 370.0 -4.958 -6.378
100 370.0 -5.430 -5.965
110 370.0 -4.733 -6.369
120 370.0 -4.458 -6.931
130 370.0 -5.052 -6.495
140 370.0 -5.122 -6.971
150 370.0 -4.659 -5.984
160 370.0 -2.904 -7.257
170 370.0 -3.619 -5.939
180 370.0 -3.807 -5.717
190 370.0 -5.219 -7.813
0 374.0 -5.025 -7.678
10 374.0 -5.055 -7.607
20 374.0 -5.171 -7.655
30 374.0 -4.992 -7.626
40 374.0 -4.904 -7.692
50 374.0 -5.036 -7.586
60 374.0 -4.864 -7.545
70 374.0 -4.864 -7.816
80 374.0 -4.756 -7.930
90 374.0 -6.313 -6.988
100 374.0 -4.374 -7.436
110 374.0 -6.975 -7.791
120 374.0 -3.740 -8.229
130 374.0 -5.292 -7.899
140 374.0 -5.542 -7.810
150 374.0 -5.917 -8.548
160 374.0 -5.912 -7.731
170 374.0 -6.787 -8.824
180 374.0 -3.434 -7.781
190 374.0 -4.318 -7.847
0 511.0 -9.252 -13.953
10 511.0 -9.053 -14.182
20 511.0 -8.955 -14.343
30 511.0 -8.771 -14.361
40 511.0 -8.696 -14.557
50 511.0 -8.621 -14.646
60 511.0 -8.510 -14.716
70 511.0 -8.227 -14.718
80 511.0 -7.752 -14.260
90 511.0 -10.747 -13.732
100 511.0 -8.576 -13.159
110 511.0 -10.065 -14.424
120 511.0 -8.444 -16.582
130 511.0 -9.059 -13.234
140 511.0 -9.642 -15.209
150 511.0 -9.801 -14.390
160 511.0 -7.897 -15.049
170 511.0 -9.622 -14.887
180 511.0 -9.581 -14.393
190 511.0 -10.621 -14.153
0 676.0 -7.607 -9.681
10 676.0 -7.635 -9.412
20 676.0 -7.420 -9.316
30 676.0 -7.512 -9.165
40 676.0 -7.328 -8.927
50 676.0 -7.237 -8.730
60 676.0 -7.429 -8.684
70 676.0 -6.961 -8.566
80 676.0 -9.093 -9.136
90 676.0 -6.679 -9.315
100 676.0 -8.391 -10.136
110 676.0 -8.969 -8.841
120 676.0 -7.284 -10.920
130 676.0 -8.860 -8.699
140 676.0 -8.143 -9.857
150 676.0 -7.328 -8.972
160 676.0 -6.776 -10.360
170 676.0 -6.731 -8.362
180 676.0 -6.416 -10.705
190 676.0 -8.265 -9.436
10 37.0 1.273 -3.897
20 37.0 1.215 -4.153
30 37.0 0.987 -4.157
40 37.0 0.815 -4.458
50 37.0 0.551 -4.750
60 37.0 0.546 -4.895
70 37.0 0.587 -5.207
80 37.0 0.351 -5.551
90 37.0 0.277 -3.585
100 37.0 1.022 -3.237
110 37.0 1.270 -4.205
120 37.0 1.983 -4.913
130 37.0 1.201 -3.979
140 37.0 -0.152 -5.345
150 37.0 1.700 -4.502
160 37.0 1.520 -2.430
170 37.0 0.786 -4.166
180 37.0 0.792 -6.001
190 37.0 1.583 -4.836
200 37.0 1.089 -3.008
20 30.0 -12.728 -8.196
30 30.0 -11.828 -8.342
40 30.0 -10.987 -8.361
50 30.0 -10.249 -8.328
60 30.0 -9.664 -8.291
70 30.0 -8.947 -8.359
80 30.0 -8.454 -8.392
90 30.0 -7.707 -8.533
100 30.0 -12.929 -7.448
110 30.0 -13.546 -7.415
120 30.0 -13.379 -6.647
130 30.0 -12.467 -8.247
140 30.0 -14.239 -8.188
150 30.0 -13.233 -6.717
160 30.0 -13.951 -7.735
170 30.0 -13.053 -6.411
180 30.0 -13.271 -8.058
190 30.0 -13.616 -8.334
200 30.0 -13.213 -8.033
210 30.0 -13.138 -8.395
40 39.0 1.260 -2.800
50 39.0 0.676 -3.219
60 39.0 0.301 -3.598
70 39.0 0.033 -3.781
80 39.0 -0.452 -4.361
90 39.0 -1.051 -4.629
100 39.0 -1.368 -5.133
110 39.0 -1.930 -5.272
120 39.0 0.675 -2.430
130 39.0 0.525 -3.133
140 39.0 0.715 -2.913
150 39.0 1.167 -2.862
160 39.0 1.166 -2.468
170 39.0 0.551 -1.773
180 39.0 2.380 -3.128
190 39.0 2.439 -2.507
200 39.0 2.216 -1.752
210 39.0 0.562 -1.006
220 39.0 -0.794 -2.272
230 39.0 2.385 -3.126
50 31.0 -10.460 -11.585
60 31.0 -10.344 -11.283
70 31.0 -10.298 -11.232
80 31.0 -10.224 -11.072
90 31.0 -10.125 -10.985
100 31.0 -9.991 -10.892
110 31.0 -10.053 -10.694
120 31.0 -9.961 -10.609
130 31.0 -10.440 -10.930
140 31.0 -11.289 -9.343
150 31.0 -12.250 -12.245
160 31.0 -11.247 -11.591
170 31.0 -11.199 -11.381
180 31.0 -10.111 -10.544
190 31.0 -10.613 -11.355
200 31.0 -9.051 -11.090
210 31.0 -10.138 -12.086
220 31.0 -9.890 -11.733
230 31.0 -11.042 -12.050
240 31.0 -10.923 -11.574
50 129.0 -4.975 -17.392
60 129.0 -4.988 -17.495
70 129.0 -5.065 -17.263
80 129.0 -4.898 -17.098
90 129.0 -4.997 -17.086
100 129.0 -4.828 -17.238
110 129.0 -4.808 -17.015
120 129.0 -4.668 -16.741
130 129.0 -4.676 -16.853
140 129.0 -4.131 -16.193
150 129.0 -5.147 -18.520
160 129.0 -4.692 -17.722
170 129.0 -4.512 -17.076
180 129.0 -4.236 -17.063
190 129.0 -5.780 -16.768
200 129.0 -4.692 -17.126
210 129.0 -4.599 -17.358
220 129.0 -4.667 -17.227
230 129.0 -5.029 -17.808
240 129.0 -4.282 -17.864
50 132.0 3.972 -7.513
60 132.0 3.843 -7.614
70 132.0 3.655 -7.750
80 132.0 3.485 -7.877
90 132.0 3.200 -7.885
100 132.0 3.038 -8.005
110 132.0 2.842 -8.035
120 132.0 2.676 -8.190
130 132.0 3.388 -7.762
140 132.0 5.223 -8.402
150 132.0 4.566 -8.969
160 132.0 4.145 -6.728
170 132.0 4.458 -7.991
180 132.0 3.572 -7.269
190 132.0 2.752 -6.522
200 132.0 5.503 -6.717
210 132.0 4.265 -9.142
220 132.0 3.947 -7.158
230 132.0 4.117 -6.812
240 132.0 3.036 -7.847
60 137.0 3.789 -6.945
70 137.0 3.441 -7.079
80 137.0 3.281 -7.167
90 137.0 2.975 -7.266
100 137.0 2.788 -7.413
110 137.0 2.748 -7.395
120 137.0 2.519 -7.672
130 137.0 2.373 -7.665
140 137.0 2.637 -7.316
150 137.0 2.719 -7.242
160 137.0 3.528 -6.541
170 137.0 2.738 -6.314
180 137.0 5.432 -6.700
190 137.0 3.390 -5.939
200 137.0 2.483 -7.837
210 137.0 4.443 -7.867
220 137.0 3.753 -7.251
230 137.0 1.982 -7.981
240 137.0 4.405 -7.604
250 137.0 3.406 -5.903
90 33.0 -10.597 -10.908
100 33.0 -10.500 -10.634
110 33.0 -10.456 -10.567
120 33.0 -10.376 -10.381
130 33.0 -10.381 -10.335
140 33.0 -10.349 -10.168
150 33.0 -10.251 -10.092
160 33.0 -10.085 -9.611
170 33.0 -8.860 -10.127
180 33.0 -11.258 -9.194
190 33.0 -12.005 -10.406
200 33.0 -10.405 -11.929
210 33.0 -10.862 -11.826
220 33.0 -9.930 -7.453
230 33.0 -10.859 -10.729
240 33.0 -9.949 -11.977
250 33.0 -11.289 -11.005
260 33.0 -11.267 -10.861
270 33.0 -10.728 -11.359
280 33.0 -10.292 -11.332
140 42.0 -8.348 -14.823
150 42.0 -8.206 -14.680
160 42.0 -7.807 -14.363
170 42.0 -7.453 -14.314
180 42.0 -6.862 -13.819
190 42.0 -6.347 -14.025
200 42.0 -6.081 -13.801
210 42.0 -5.515 -13.689
220 42.0 -8.538 -13.718
230 42.0 -8.384 -15.358
240 42.0 -8.697 -16.113
250 42.0 -7.600 -15.865
260 42.0 -10.070 -14.821
270 42.0 -7.887 -12.752
280 42.0 -9.383 -15.302
290 42.0 -7.964 -13.094
300 42.0 -8.328 -14.161
310 42.0 -9.186 -15.312
320 42.0 -8.094 -13.354
330 42.0 -7.337 -16.261
150 45.0 -11.052 -10.742
160 45.0 -10.880 -10.830
170 45.0 -10.878 -10.407
180 45.0 -10.726 -10.219
190 45.0 -10.532 -10.008
200 45.0 -10.448 -9.882
210 45.0 -10.350 -9.581
220 45.0 -10.286 -9.422
230 45.0 -10.754 -10.633
240 45.0 -10.907 -11.093
250 45.0 -11.423 -11.149
260 45.0 -11.622 -10.559
270 45.0 -13.043 -11.499
280 45.0 -12.302 -8.107
290 45.0 -11.396 -12.111
300 45.0 -9.555 -12.584
310 45.0 -11.532 -10.724
320 45.0 -11.069 -10.899
330 45.0 -13.480 -11.229
340 45.0 -11.689 -11.338
170 43.0 -12.020 -9.078
180 43.0 -11.582 -9.146
190 43.0 -10.818 -8.796
200 43.0 -10.341 -8.646
210 43.0 -10.014 -8.773
220 43.0 -9.730 -8.620
230 43.0 -9.430 -8.589
240 43.0 -9.285 -8.661
250 43.0 -11.127 -9.222
260 43.0 -12.223 -8.130
270 43.0 -13.313 -7.536
280 43.0 -11.674 -8.068
290 43.0 -10.640 -8.679
300 43.0 -10.690 -9.131
310 43.0 -10.768 -10.114
320 43.0 -12.269 -8.492
330 43.0 -11.614 -8.811
340 43.0 -13.251 -7.959
350 43.0 -12.701 -7.886
360 43.0 -12.808 -10.074
180 48.0 -11.412 -9.663
190 48.0 -10.883 -9.533
200 48.0 -10.301 -9.356
210 48.0 -9.870 -9.279
220 48.0 -9.513 -9.236
230 48.0 -9.080 -9.237
240 48.0 -8.710 -9.310
250 48.0 -8.435 -9.209
260 48.0 -13.054 -9.985
270 48.0 -10.897 -11.461
280 48.0 -11.371 -9.602
290 48.0 -11.181 -9.179
300 48.0 -11.121 -9.356
310 48.0 -12.858 -9.801
320 48.0 -10.591 -10.534
330 48.0 -11.236 -9.854
340 48.0 -11.461 -9.869
350 48.0 -10.628 -9.923
360 48.0 -10.787 -8.749
370 48.0 -11.330 -8.694
190 50.0 -11.090 -9.985
200 50.0 -11.057 -9.959
210 50.0 -10.961 -9.596
220 50.0 -10.892 -9.266
230 50.0 -10.696 -8.975
240 50.0 -10.628 -8.654
250 50.0 -10.520 -8.348
260 50.0 -10.462 -8.021
270 50.0 -10.937 -7.326
280 50.0 -10.934 -12.091
290 50.0 -13.501 -10.094
300 50.0 -11.043 -10.459
310 50.0 -11.745 -11.802
320 50.0 -11.329 -10.118
330 50.0 -11.131 -12.016
340 50.0 -10.757 -10.857
350 50.0 -10.683 -9.307
360 50.0 -11.921 -10.242
370 50.0 -11.316 -10.024
380 50.0 -10.252 -9.544
190 140.0 3.280 -6.383
200 140.0 3.259 -6.530
210 140.0 2.998 -6.832
220 140.0 2.772 -6.718
230 140.0 2.576 -6.887
240 140.0 2.336 -7.169
250 140.0 1.950 -7.070
260 140.0 1.762 -7.431
270 140.0 3.433 -6.969
280 140.0 2.156 -7.593
290 140.0 2.735 -8.059
300 140.0 3.023 -5.518
310 140.0 3.505 -5.071
320 140.0 1.666 -7.198
330 140.0 3.415 -6.401
340 140.0 3.915 -6.305
350 140.0 2.644 -7.463
360 140.0 2.969 -6.236
370 140.0 1.668 -5.548
380 140.0 3.690 -5.515
190 142.0 3.609 -6.969
200 142.0 3.353 -7.075
210 142.0 3.271 -7.301
220 142.0 2.963 -7.339
230 142.0 2.883 -7.469
240 142.0 2.556 -7.664
250 142.0 2.327 -7.735
260 142.0 2.198 -7.899
270 142.0 4.540 -6.169
280 142.0 3.299 -7.102
290 142.0 3.655 -6.853
300 142.0 3.369 -7.355
310 142.0 3.384 -6.074
320 142.0 5.518 -7.165
330 142.0 3.044 -7.807
340 142.0 2.902 -7.086
350 142.0 3.132 -5.590
360 142.0 3.636 -7.961
370 142.0 4.143 -5.956
380 142.0 1.578 -5.924
200 5.0 0.606 -7.260
210 5.0 0.537 -7.341
220 5.0 0.504 -7.407
230 5.0 0.648 -7.263
240 5.0 0.632 -7.383
250 5.0 0.596 -7.353
260 5.0 0.650 -7.420
270 5.0 0.488 -7.253
280 5.0 1.016 -7.476
290 5.0 1.586 -6.547
300 5.0 -1.542 -6.541
310 5.0 1.527 -7.089
320 5.0 0.544 -9.048
330 5.0 0.474 -6.993
340 5.0 -0.779 -7.431
350 5.0 -0.138 -6.650
360 5.0 -0.230 -8.849
370 5.0 -0.842 -7.857
380 5.0 1.972 -7.574
390 5.0 1.853 -6.580
200 11.0 -2.744 -8.900
210 11.0 -2.346 -8.863
220 11.0 -2.086 -8.771
230 11.0 -1.699 -8.815
240 11.0 -1.592 -8.848
250 11.0 -1.139 -8.469
260 11.0 -0.574 -8.192
270 11.0 -0.547 -8.281
280 11.0 -1.583 -8.259
290 11.0 -1.126 -8.943
300 11.0 -1.402 -8.422
310 11.0 -2.056 -8.975
320 11.0 -1.511 -8.844
330 11.0 -1.705 -6.906
340 11.0 -4.087 -9.987
350 11.0 -2.194 -10.727
360 11.0 -1.562 -8.771
370 11.0 -2.696 -9.813
380 11.0 -2.294 -9.138
390 11.0 -2.762 -8.771
200 13.0 -3.267 -9.407
210 13.0 -3.038 -9.591
220 13.0 -2.701 -9.519
230 13.0 -2.363 -9.274
240 13.0 -2.007 -9.270
250 13.0 -1.549 -8.941
260 13.0 -1.244 -8.962
270 13.0 -1.036 -9.099
280 13.0 -3.256 -8.656
290 13.0 -4.596 -8.831
300 13.0 -2.232 -8.469
310 13.0 -3.450 -9.549
320 13.0 -4.070 -9.334
330 13.0 -2.844 -9.271
340 13.0 -4.481 -9.568
350 13.0 -1.897 -8.447
360 13.0 -2.013 -9.703
370 13.0 -3.013 -10.501
380 13.0 -3.188 -10.228
390 13.0 -2.841 -8.178
200 16.0 -1.305 -10.549
210 16.0 -1.436 -10.755
220 16.0 -1.327 -10.647
230 16.0 -1.673 -10.717
240 16.0 -2.015 -10.888
250 16.0 -2.356 -10.816
260 16.0 -2.250 -10.862
270 16.0 -3.055 -10.929
280 16.0 0.841 -11.061
290 16.0 -1.392 -10.735
300 16.0 -2.916 -10.921
310 16.0 -0.733 -10.537
320 16.0 -1.917 -9.448
330 16.0 -1.587 -10.397
340 16.0 -1.282 -9.995
350 16.0 -0.932 -10.826
360 16.0 -1.495 -10.446
370 16.0 -1.320 -9.835
380 16.0 -1.327 -10.319
390 16.0 -1.945 -10.880
200 19.0 -1.550 -10.340
210 19.0 -1.777 -10.463
220 19.0 -2.102 -10.351
230 19.0 -2.529 -10.843
240 19.0 -2.941 -11.241
250 19.0 -3.348 -11.291
260 19.0 -3.393 -11.405
270 19.0 -3.681 -11.605
280 19.0 -1.468 -9.287
290 19.0 -0.628 -11.240
300 19.0 -1.342 -10.794
310 19.0 -2.956 -10.891
320 19.0 -2.782 -10.052
330 19.0 -2.367 -9.777
340 19.0 -1.007 -11.197
350 19.0 -0.769 -10.971
360 19.0 -1.677 -11.312
370 19.0 -0.977 -10.370
380 19.0 -2.223 -11.606
390 19.0 -2.700 -10.970
200 22.0 -0.566 -10.092
210 22.0 -0.617 -10.032
220 22.0 -1.284 -10.135
230 22.0 -1.331 -10.443
240 22.0 -1.528 -10.141
250 22.0 -1.975 -10.489
260 22.0 -2.085 -10.301
270 22.0 -2.611 -10.130
280 22.0 -0.548 -8.761
290 22.0 -1.371 -10.221
300 22.0 -0.621 -10.025
310 22.0 -0.619 -9.207
320 22.0 0.048 -12.309
330 22.0 -0.879 -9.615
340 22.0 0.252 -9.096
350 22.0 -0.743 -9.997
360 22.0 -2.442 -10.292
370 22.0 -1.127 -11.342
380 22.0 0.035 -12.113
390 22.0 -1.482 -12.059
200 25.0 -1.209 -9.431
210 25.0 -1.536 -9.559
220 25.0 -1.700 -9.761
230 25.0 -1.995 -9.906
240 25.0 -2.331 -10.080
250 25.0 -2.526 -10.062
260 25.0 -2.892 -10.089
270 25.0 -3.136 -10.161
280 25.0 -0.594 -9.062
290 25.0 -1.296 -9.497
300 25.0 -1.321 -9.476
310 25.0 -1.192 -10.636
320 25.0 -1.608 -8.738
330 25.0 -1.511 -10.242
340 25.0 -0.135 -9.973
350 25.0 -0.666 -8.593
360 25.0 -1.693 -9.757
370 25.0 0.030 -8.090
380 25.0 -2.480 -7.463
390 25.0 -1.565 -12.021
200 41.0 -1.824 -11.364
210 41.0 -1.424 -11.049
220 41.0 -1.102 -11.130
230 41.0 -0.646 -11.051
240 41.0 -0.272 -10.549
250 41.0 -0.155 -10.620
260 41.0 0.298 -10.249
270 41.0 0.799 -10.225
280 41.0 -2.015 -12.341
290 41.0 -1.845 -12.241
300 41.0 -1.876 -10.771
310 41.0 -0.513 -11.312
320 41.0 -0.402 -10.727
330 41.0 -2.093 -11.330
340 41.0 -2.226 -11.618
350 41.0 -1.579 -11.713
360 41.0 -2.955 -11.750
370 41.0 -2.909 -12.138
380 41.0 -0.838 -10.252
390 41.0 -1.162 -11.820
200 367.0 -3.122 -7.809
210 367.0 -2.891 -7.705
220 367.0 -2.953 -7.472
230 367.0 -2.949 -7.626
240 367.0 -3.142 -7.505
250 367.0 -3.067 -7.519
260 367.0 -3.108 -7.162
270 367.0 -3.471 -7.561
280 367.0 -2.353 -9.439
290 367.0 -5.098 -9.833
300 367.0 -2.986 -7.193
310 367.0 -3.344 -7.999
320 367.0 -4.298 -8.544
330 367.0 -3.143 -8.323
340 367.0 -1.960 -7.332
350 367.0 -4.374 -6.650
360 367.0 -2.992 -7.632
370 367.0 -3.560 -7.627
380 367.0 -3.271 -7.959
390 367.0 -2.549 -8.430
200 371.0 -4.223 -7.068
210 371.0 -4.703 -7.276
220 371.0 -5.387 -7.307
230 371.0 -5.785 -7.498
240 371.0 -6.402 -7.268
250 371.0 -6.941 -7.130
260 371.0 -7.550 -6.911
270 371.0 -8.084 -6.690
280 371.0 -4.150 -7.306
290 371.0 -3.529 -7.371
300 371.0 -4.509 -7.574
310 371.0 -4.663 -7.867
320 371.0 -5.079 -6.426
330 371.0 -3.196 -7.276
340 371.0 -5.020 -6.081
350 371.0 -2.770 -7.747
360 371.0 -3.492 -6.052
370 371.0 -4.197 -7.538
380 371.0 -5.252 -7.226
390 371.0 -4.561 -7.720
200 375.0 -4.046 -7.490
210 375.0 -3.964 -7.602
220 375.0 -3.901 -7.492
230 375.0 -3.880 -7.476
240 375.0 -4.031 -7.319
250 375.0 -4.115 -7.337
260 375.0 -4.263 -7.354
270 375.0 -4.519 -7.523
280 375.0 -4.172 -8.217
290 375.0 -4.614 -8.257
300 375.0 -3.964 -8.518
310 375.0 -3.739 -7.229
320 375.0 -4.171 -7.832
330 375.0 -4.835 -8.634
340 375.0 -4.102 -8.159
350 375.0 -4.237 -7.523
360 375.0 -3.716 -8.391
370 375.0 -3.636 -8.118
380 375.0 -4.914 -8.760
390 375.0 -4.228 -7.631
210 38.0 -2.441 -9.914
220 38.0 -2.680 -10.048
230 38.0 -2.927 -10.234
240 38.0 -3.001 -10.473
250 38.0 -3.145 -10.633
260 38.0 -3.157 -10.788
270 38.0 -3.251 -11.082
280 38.0 -3.218 -11.209
290 38.0 -2.736 -9.584
300 38.0 -2.365 -10.247
310 38.0 -3.063 -9.883
320 38.0 -4.258 -10.192
330 38.0 -2.398 -11.167
340 38.0 -3.070 -11.196
350 38.0 -2.804 -9.428
360 38.0 -1.783 -9.532
370 38.0 -3.178 -9.603
380 38.0 -1.777 -9.641
390 38.0 -2.313 -9.213
400 38.0 -2.142 -9.706
230 128.0 -4.384 -16.836
240 128.0 -4.225 -16.714
250 128.0 -4.162 -16.423
260 128.0 -4.203 -16.430
270 128.0 -4.155 -16.244
280 128.0 -4.470 -15.861
290 128.0 -4.477 -15.617
300 128.0 -4.648 -15.472
310 128.0 -4.618 -15.367
320 128.0 -4.703 -17.200
330 128.0 -3.588 -16.426
340 128.0 -4.087 -18.605
350 128.0 -5.550 -16.568
360 128.0 -3.825 -17.507
370 128.0 -4.242 -17.019
380 128.0 -4.200 -18.013
390 128.0 -6.350 -16.684
400 128.0 -3.897 -16.340
410 128.0 -4.831 -16.262
420 128.0 -4.388 -16.139
240 688.0 -9.059 -7.295
250 688.0 -9.236 -7.269
260 688.0 -9.216 -7.328
270 688.0 -9.304 -7.354
280 688.0 -9.229 -7.545
290 688.0 -9.396 -7.573
300 688.0 -9.303 -7.818
310 688.0 -9.429 -7.986
320 688.0 -8.456 -6.997
330 688.0 -9.620 -6.523
340 688.0 -9.153 -6.703
350 688.0 -8.779 -7.568
360 688.0 -9.612 -6.639
370 688.0 -8.780 -7.912
380 688.0 -9.483 -6.563
390 688.0 -8.326 -9.101
400 688.0 -9.209 -6.821
410 688.0 -9.762 -6.894
420 688.0 -9.644 -7.263
430 688.0 -9.005 -6.318
240 689.0 -8.134 -7.852
250 689.0 -8.190 -7.917
260 689.0 -8.309 -7.956
270 689.0 -8.594 -8.184
280 689.0 -8.770 -8.251
290 689.0 -8.861 -8.245
300 689.0 -9.067 -8.428
310 689.0 -9.087 -8.540
320 689.0 -8.750 -9.067
330 689.0 -8.773 -7.803
340 689.0 -7.481 -7.380
350 689.0 -9.357 -7.927
360 689.0 -7.923 -6.517
370 689.0 -10.041 -7.320
380 689.0 -8.263 -6.162
390 689.0 -8.524 -6.975
400 689.0 -7.340 -8.025
410 689.0 -7.689 -8.038
420 689.0 -7.426 -8.566
430 689.0 -7.217 -6.922
250 32.0 -7.344 -9.480
260 32.0 -6.888 -9.251
270 32.0 -6.529 -9.312
280 32.0 -6.026 -9.150
290 32.0 -5.587 -9.238
300 32.0 -4.914 -9.137
310 32.0 -4.734 -8.828
320 32.0 -4.100 -8.909
330 32.0 -7.430 -8.449
340 32.0 -7.407 -9.293
350 32.0 -4.924 -9.777
360 32.0 -7.588 -9.308
370 32.0 -7.474 -10.278
380 32.0 -7.654 -10.115
390 32.0 -6.154 -7.989
400 32.0 -7.570 -9.063
410 32.0 -7.097 -10.402
420 32.0 -7.286 -8.914
430 32.0 -6.510 -11.026
440 32.0 -8.397 -9.711
250 130.0 -4.856 -16.363
260 130.0 -5.026 -16.015
270 130.0 -5.298 -16.183
280 130.0 -5.214 -15.983
290 130.0 -5.605 -15.587
300 130.0 -5.438 -15.750
310 130.0 -5.478 -15.851
320 130.0 -5.433 -15.903
330 130.0 -5.707 -16.200
340 130.0 -4.433 -14.502
350 130.0 -5.520 -16.010
360 130.0 -5.517 -15.366
370 130.0 -5.651 -16.940
380 130.0 -4.916 -18.384
390 130.0 -5.168 -14.917
400 130.0 -4.681 -16.505
410 130.0 -2.706 -17.164
420 130.0 -5.568 -16.958
430 130.0 -2.544 -15.602
440 130.0 -4.958 -16.030
250 133.0 0.723 -9.180
260 133.0 0.586 -8.966
270 133.0 0.174 -9.166
280 133.0 0.177 -9.158
290 133.0 0.480 -9.331
300 133.0 0.158 -9.366
310 133.0 -0.231 -9.232
320 133.0 -0.158 -9.439
330 133.0 1.804 -10.533
340 133.0 1.174 -8.594
350 133.0 1.162 -7.548
360 133.0 0.184 -9.894
370 133.0 0.265 -9.928
380 133.0 -0.298 -9.427
390 133.0 1.571 -8.051
400 133.0 0.549 -8.565
410 133.0 0.544 -9.327
420 133.0 0.628 -9.043
430 133.0 0.125 -10.051
440 133.0 0.527 -10.041
260 138.0 -0.243 -9.505
270 138.0 -0.419 -9.409
280 138.0 -0.527 -9.546
290 138.0 -0.755 -9.494
300 138.0 -0.872 -9.561
310 138.0 -0.791 -9.487
320 138.0 -0.885 -9.687
330 138.0 -0.980 -9.647
340 138.0 -1.266 -9.417
350 138.0 -1.626 -10.638
360 138.0 -0.220 -9.239
370 138.0 0.247 -9.198
380 138.0 -0.405 -9.406
390 138.0 0.634 -8.872
400 138.0 -0.479 -9.549
410 138.0 0.893 -9.386
420 138.0 -0.686 -10.161
430 138.0 -0.179 -9.586
440 138.0 -1.797 -8.037
450 138.0 1.582 -9.065
290 34.0 -5.667 -8.635
300 34.0 -4.962 -8.363
310 34.0 -4.516 -8.434
320 34.0 -3.991 -8.342
330 34.0 -3.791 -8.044
340 34.0 -3.415 -8.165
350 34.0 -2.911 -7.890
360 34.0 -2.631 -7.611
370 34.0 -5.926 -7.756
380 34.0 -6.483 -9.493
390 34.0 -4.165 -10.162
400 34.0 -5.614 -8.077
410 34.0 -5.811 -7.989
420 34.0 -6.147 -9.591
430 34.0 -6.688 -8.460
440 34.0 -5.889 -9.292
450 34.0 -5.519 -9.155
460 34.0 -5.056 -9.287
470 34.0 -7.912 -9.997
480 34.0 -6.591 -9.519
300 144.0 4.945 -12.658
310 144.0 4.610 -12.493
320 144.0 4.204 -12.465
330 144.0 3.835 -12.427
340 144.0 3.382 -12.313
350 144.0 2.980 -12.158
360 144.0 2.710 -12.100
370 144.0 2.286 -11.905
380 144.0 6.109 -12.068
390 144.0 4.784 -13.577
400 144.0 5.392 -12.700
410 144.0 3.297 -14.410
420 144.0 2.772 -12.816
430 144.0 4.361 -12.936
440 144.0 5.025 -12.555
450 144.0 3.777 -12.973
460 144.0 4.485 -11.678
470 144.0 5.530 -12.063
480 144.0 4.514 -13.162
490 144.0 4.333 -13.672
320 544.0 -0.725 -13.978
330 544.0 -0.639 -13.800
340 544.0 -0.573 -13.626
350 544.0 -0.662 -13.475
360 544.0 -0.565 -13.099
370 544.0 -0.588 -12.843
380 544.0 -0.400 -12.574
390 544.0 -0.263 -12.218
400 544.0 -1.231 -14.684
410 544.0 -2.571 -14.286
420 544.0 -0.713 -14.178
430 544.0 -1.476 -13.165
440 544.0 -0.782 -14.086
450 544.0 -1.916 -15.603
460 544.0 -0.818 -13.640
470 544.0 -1.077 -13.623
480 544.0 -1.983 -14.599
490 544.0 0.042 -14.642
500 544.0 -0.818 -14.809
510 544.0 -0.445 -13.881
330 145.0 2.666 -5.559
340 145.0 2.192 -5.636
350 145.0 2.046 -5.609
360 145.0 1.520 -6.185
370 145.0 1.414 -5.963
380 145.0 1.151 -6.637
390 145.0 0.983 -7.081
400 145.0 1.010 -7.136
410 145.0 2.494 -5.399
420 145.0 3.116 -4.422
430 145.0 1.815 -5.297
440 145.0 2.235 -5.689
450 145.0 2.673 -3.292
460 145.0 4.199 -6.252
470 145.0 1.391 -7.230
480 145.0 3.279 -6.365
490 145.0 3.101 -5.501
500 145.0 3.099 -6.972
510 145.0 2.539 -5.561
520 145.0 2.674 -5.986
330 149.0 -3.636 -18.071
340 149.0 -3.914 -17.860
350 149.0 -3.942 -17.778
360 149.0 -3.933 -17.576
370 149.0 -4.137 -17.491
380 149.0 -4.230 -17.110
390 149.0 -4.243 -17.034
400 149.0 -4.156 -16.914
410 149.0 -4.880 -18.869
420 149.0 -3.426 -16.570
430 149.0 -5.475 -17.846
440 149.0 -2.111 -18.687
450 149.0 -4.966 -18.862
460 149.0 -3.682 -18.787
470 149.0 -3.224 -17.062
480 149.0 -1.620 -17.590
490 149.0 -4.266 -18.493
500 149.0 -4.369 -18.548
510 149.0 -3.605 -17.075
520 149.0 -3.968 -16.967
340 147.0 2.054 -4.466
350 147.0 1.836 -4.661
360 147.0 1.502 -4.903
370 147.0 1.299 -5.181
380 147.0 0.996 -5.348
390 147.0 0.843 -5.751
400 147.0 0.547 -6.106
410 147.0 0.256 -6.548
420 147.0 1.167 -4.571
430 147.0 2.152 -4.419
440 147.0 2.924 -3.797
450 147.0 1.934 -4.017
460 147.0 1.608 -3.636
470 147.0 3.600 -3.597
480 147.0 3.391 -2.710
490 147.0 3.187 -5.684
500 147.0 3.446 -4.109
510 147.0 0.079 -5.481
520 147.0 0.918 -7.153
530 147.0 1.285 -4.163
350 46.0 -7.915 -5.951
360 46.0 -7.778 -5.473
370 46.0 -7.871 -5.145
380 46.0 -7.958 -4.854
390 46.0 -8.013 -4.718
400 46.0 -7.973 -4.574
410 46.0 -8.030 -4.523
420 46.0 -7.979 -4.385
430 46.0 -8.781 -5.723
440 46.0 -8.158 -3.910
450 46.0 -6.463 -5.849
460 46.0 -8.416 -5.318
470 46.0 -8.835 -4.620
480 46.0 -7.141 -6.587
490 46.0 -8.120 -6.543
500 46.0 -7.570 -4.552
510 46.0 -8.303 -5.470
520 46.0 -7.921 -5.453
530 46.0 -7.471 -7.225
540 46.0 -8.156 -3.380
350 52.0 -7.811 -15.804
360 52.0 -7.574 -15.723
370 52.0 -7.326 -15.118
380 52.0 -6.850 -15.134
390 52.0 -6.691 -14.418
400 52.0 -6.463 -14.151
410 52.0 -6.182 -14.037
420 52.0 -5.916 -13.697
430 52.0 -8.656 -15.266
440 52.0 -7.927 -17.843
450 52.0 -7.431 -15.664
460 52.0 -8.920 -15.515
470 52.0 -8.047 -16.207
480 52.0 -7.719 -17.650
490 52.0 -8.742 -16.127
500 52.0 -8.706 -15.475
510 52.0 -8.231 -15.112
520 52.0 -8.080 -17.690
530 52.0 -6.801 -15.786
540 52.0 -7.885 -16.221
370 44.0 -3.867 -7.651
380 44.0 -3.470 -7.421
390 44.0 -3.129 -7.285
400 44.0 -2.504 -7.163
410 44.0 -2.151 -6.899
420 44.0 -1.751 -6.745
430 44.0 -1.736 -6.372
440 44.0 -1.406 -6.306
450 44.0 -3.134 -8.556
460 44.0 -3.675 -7.300
470 44.0 -3.301 -9.082
480 44.0 -4.025 -8.247
490 44.0 -3.520 -6.863
500 44.0 -3.487 -5.668
510 44.0 -2.256 -7.947
520 44.0 -3.821 -8.416
530 44.0 -4.172 -8.106
540 44.0 -5.045 -8.812
550 44.0 -3.759 -7.881
560 44.0 -3.274 -8.023
380 49.0 -3.439 -7.999
390 49.0 -2.711 -7.740
400 49.0 -2.443 -7.714
410 49.0 -2.049 -7.474
420 49.0 -1.601 -7.294
430 49.0 -1.328 -7.164
440 49.0 -1.094 -6.765
450 49.0 -0.828 -6.839
460 49.0 -3.861 -7.161
470 49.0 -3.798 -7.082
480 49.0 -2.482 -7.692
490 49.0 -5.186 -7.069
500 49.0 -2.612 -8.432
510 49.0 -3.627 -7.454
520 49.0 -2.788 -6.981
530 49.0 -3.807 -8.584
540 49.0 -3.075 -8.397
550 49.0 -3.583 -7.638
560 49.0 -3.450 -6.765
570 49.0 -2.970 -6.879
380 53.0 -8.163 -15.206
390 53.0 -7.760 -14.739
400 53.0 -7.234 -14.547
410 53.0 -7.202 -13.936
420 53.0 -6.442 -13.583
430 53.0 -6.331 -13.392
440 53.0 -5.520 -13.116
450 53.0 -5.368 -12.619
460 53.0 -8.803 -15.353
470 53.0 -7.258 -16.801
480 53.0 -8.143 -15.332
490 53.0 -9.231 -14.605
500 53.0 -9.099 -15.646
510 53.0 -9.446 -16.016
520 53.0 -9.074 -16.183
530 53.0 -6.890 -15.399
540 53.0 -8.461 -14.862
550 53.0 -8.227 -15.581
560 53.0 -8.258 -14.496
570 53.0 -8.204 -14.935
390 51.0 -7.712 -5.700
400 51.0 -7.406 -5.274
410 51.0 -7.280 -5.240
420 51.0 -7.167 -4.947
430 51.0 -7.121 -4.877
440 51.0 -7.204 -4.852
450 51.0 -7.127 -4.717
460 51.0 -7.119 -4.694
470 51.0 -7.648 -5.454
480 51.0 -6.463 -5.607
490 51.0 -8.513 -5.591
500 51.0 -8.607 -6.162
510 51.0 -8.449 -5.225
520 51.0 -6.463 -4.586
530 51.0 -8.373 -5.897
540 51.0 -6.888 -6.563
550 51.0 -7.093 -4.025
560 51.0 -8.014 -5.742
570 51.0 -6.970 -7.084
580 51.0 -7.713 -5.269
390 141.0 -0.997 -10.389
400 141.0 -1.129 -10.828
410 141.0 -1.440 -11.170
420 141.0 -1.745 -11.037
430 141.0 -2.118 -11.489
440 141.0 -2.551 -11.812
450 141.0 -2.566 -11.502
460 141.0 -2.845 -12.122
470 141.0 -0.564 -9.937
480 141.0 -0.073 -10.577
490 141.0 -1.056 -10.835
500 141.0 -2.336 -10.373
510 141.0 -0.891 -11.591
520 141.0 -1.172 -10.961
530 141.0 -1.403 -9.266
540 141.0 0.805 -10.710
550 141.0 -1.974 -9.863
560 141.0 0.464 -10.462
570 141.0 -0.646 -10.756
580 141.0 -1.347 -9.610
390 143.0 -0.710 -11.064
400 143.0 -1.056 -11.178
410 143.0 -1.230 -11.519
420 143.0 -1.496 -11.890
430 143.0 -1.692 -12.030
440 143.0 -2.128 -12.236
450 143.0 -2.385 -12.463
460 143.0 -2.640 -12.613
470 143.0 -2.601 -10.336
480 143.0 -0.467 -9.929
490 143.0 -0.592 -9.909
500 143.0 -0.010 -10.747
510 143.0 -1.392 -11.434
520 143.0 -0.001 -10.492
530 143.0 -1.406 -11.848
540 143.0 0.189 -11.374
550 143.0 0.319 -12.608
560 143.0 -1.498 -12.268
570 143.0 -2.457 -10.302
580 143.0 -1.203 -9.517
400 6.0 -0.779 -8.514
410 6.0 -0.721 -8.611
420 6.0 -0.888 -8.535
430 6.0 -0.544 -8.549
440 6.0 -0.760 -8.361
450 6.0 -0.885 -8.538
460 6.0 -0.665 -8.379
470 6.0 -0.915 -8.598
480 6.0 -0.973 -8.841
490 6.0 -0.620 -9.828
500 6.0 -2.134 -7.706
510 6.0 -1.550 -7.005
520 6.0 -2.024 -6.751
530 6.0 -0.633 -8.451
540 6.0 -1.008 -8.179
550 6.0 -0.604 -7.465
560 6.0 0.703 -7.833
570 6.0 -1.110 -7.674
580 6.0 -0.055 -8.283
590 6.0 -0.910 -6.105
400 17.0 -6.619 -12.325
410 17.0 -7.113 -12.319
420 17.0 -7.223 -12.365
430 17.0 -7.259 -12.695
440 17.0 -7.608 -12.776
450 17.0 -7.599 -12.767
460 17.0 -7.772 -12.844
470 17.0 -8.072 -12.513
480 17.0 -6.326 -11.283
490 17.0 -6.530 -11.489
500 17.0 -7.375 -10.970
510 17.0 -6.198 -14.146
520 17.0 -6.474 -13.517
530 17.0 -7.036 -12.949
540 17.0 -6.718 -11.881
550 17.0 -7.299 -10.796
560 17.0 -6.278 -11.359
570 17.0 -6.447 -11.698
580 17.0 -7.193 -12.897
590 17.0 -6.343 -13.358
400 20.0 -5.815 -12.314
410 20.0 -5.869 -12.332
420 20.0 -6.104 -12.278
430 20.0 -6.267 -12.442
440 20.0 -6.341 -12.427
450 20.0 -6.447 -12.803
460 20.0 -6.643 -13.061
470 20.0 -6.901 -13.091
480 20.0 -4.836 -12.367
490 20.0 -5.115 -11.756
500 20.0 -4.561 -12.903
510 20.0 -6.800 -12.639
520 20.0 -5.368 -12.594
530 20.0 -6.353 -13.483
540 20.0 -5.352 -12.583
550 20.0 -4.726 -10.970
560 20.0 -5.760 -13.664
570 20.0 -5.111 -10.869
580 20.0 -5.817 -11.276
590 20.0 -5.459 -12.910
400 23.0 -6.285 -11.591
410 23.0 -6.351 -11.790
420 23.0 -6.531 -12.189
430 23.0 -6.795 -12.417
440 23.0 -6.896 -12.276
450 23.0 -6.831 -12.564
460 23.0 -7.209 -12.781
470 23.0 -7.582 -12.419
480 23.0 -6.303 -13.408
490 23.0 -6.006 -10.057
500 23.0 -4.749 -11.010
510 23.0 -6.335 -10.805
520 23.0 -5.271 -11.235
530 23.0 -6.677 -13.136
540 23.0 -6.366 -11.986
550 23.0 -6.791 -12.898
560 23.0 -6.961 -12.723
570 23.0 -7.114 -10.779
580 23.0 -6.612 -11.196
590 23.0 -5.892 -11.886
400 26.0 -6.880 -11.542
410 26.0 -7.179 -11.434
420 26.0 -7.353 -11.688
430 26.0 -7.671 -11.706
440 26.0 -7.620 -11.928
450 26.0 -7.756 -12.043
460 26.0 -7.748 -11.985
470 26.0 -7.885 -12.334
480 26.0 -6.349 -10.823
490 26.0 -5.709 -11.813
500 26.0 -7.852 -12.140
510 26.0 -7.021 -9.897
520 26.0 -7.244 -12.145
530 26.0 -5.902 -10.976
540 26.0 -6.906 -11.940
550 26.0 -6.129 -11.722
560 26.0 -5.174 -11.193
570 26.0 -7.826 -12.558
580 26.0 -7.165 -10.808
590 26.0 -6.425 -9.932
400 54.0 -8.086 -15.618
410 54.0 -7.766 -15.751
420 54.0 -7.482 -15.698
430 54.0 -7.030 -15.794
440 54.0 -6.748 -15.909
450 54.0 -6.347 -15.950
460 54.0 -6.052 -15.910
470 54.0 -5.733 -15.994
480 54.0 -6.384 -16.217
490 54.0 -9.812 -15.990
500 54.0 -8.317 -16.304
510 54.0 -7.454 -15.906
520 54.0 -8.427 -14.498
530 54.0 -9.083 -15.126
540 54.0 -10.304 -15.119
550 54.0 -8.388 -18.557
560 54.0 -6.481 -16.044
570 54.0 -7.682 -17.002
580 54.0 -9.775 -14.926
590 54.0 -9.568 -13.373
400 55.0 -10.823 -11.405
410 55.0 -11.045 -10.978
420 55.0 -11.076 -10.589
430 55.0 -11.079 -10.157
440 55.0 -10.941 -9.587
450 55.0 -10.883 -9.164
460 55.0 -10.473 -8.844
470 55.0 -10.175 -8.524
480 55.0 -11.694 -11.214
490 55.0 -11.295 -10.983
500 55.0 -11.977 -12.196
510 55.0 -10.903 -11.074
520 55.0 -9.638 -10.478
530 55.0 -10.595 -10.968
540 55.0 -10.929 -11.852
550 55.0 -11.343 -11.053
560 55.0 -11.875 -11.072
570 55.0 -9.816 -12.407
580 55.0 -11.569 -11.716
590 55.0 -11.784 -11.416
400 368.0 -5.992 -7.479
410 368.0 -6.426 -7.338
420 368.0 -6.842 -7.016
430 368.0 -7.298 -6.524
440 368.0 -7.498 -6.159
450 368.0 -7.856 -5.762
460 368.0 -7.916 -5.727
470 368.0 -8.031 -5.711
480 368.0 -7.077 -6.403
490 368.0 -5.592 -8.058
500 368.0 -4.817 -7.493
510 368.0 -5.199 -6.507
520 368.0 -6.473 -6.375
530 368.0 -4.362 -9.764
540 368.0 -6.361 -6.355
550 368.0 -3.844 -7.568
560 368.0 -5.782 -7.418
570 368.0 -5.625 -7.773
580 368.0 -6.302 -7.361
590 368.0 -6.298 -7.526
400 372.0 -9.782 -5.836
410 372.0 -9.817 -5.774
420 372.0 -9.840 -5.854
430 372.0 -9.741 -5.837
440 372.0 -9.896 -5.809
450 372.0 -9.811 -6.037
460 372.0 -9.820 -5.816
470 372.0 -9.737 -5.979
480 372.0 -8.298 -6.053
490 372.0 -9.449 -6.463
500 372.0 -11.297 -5.831
510 372.0 -10.668 -5.061
520 372.0 -9.100 -5.970
530 372.0 -8.630 -6.309
540 372.0 -9.410 -6.044
550 372.0 -10.456 -6.105
560 372.0 -10.643 -6.365
570 372.0 -10.841 -6.214
580 372.0 -9.688 -6.483
590 372.0 -11.234 -7.132
400 376.0 -8.256 -6.524
410 376.0 -8.133 -6.521
420 376.0 -8.128 -6.536
430 376.0 -8.647 -6.045
440 376.0 -8.526 -6.423
450 376.0 -8.717 -6.524
460 376.0 -8.906 -6.327
470 376.0 -8.826 -6.407
480 376.0 -8.094 -5.696
490 376.0 -9.007 -6.879
500 376.0 -8.050 -6.780
510 376.0 -6.742 -6.589
520 376.0 -7.364 -6.118
530 376.0 -8.304 -6.673
540 376.0 -8.618 -7.048
550 376.0 -8.402 -6.281
560 376.0 -9.287 -7.848
570 376.0 -9.193 -6.223
580 376.0 -9.101 -7.978
590 376.0 -6.627 -7.577
430 677.0 -5.105 -3.049
440 677.0 -4.948 -3.143
450 677.0 -4.938 -3.248
460 677.0 -4.694 -3.414
470 677.0 -4.517 -3.487
480 677.0 -4.131 -3.534
490 677.0 -4.027 -3.703
500 677.0 -3.698 -3.489
510 677.0 -6.232 -3.993
520 677.0 -5.571 -3.743
530 677.0 -5.374 -2.799
540 677.0 -6.105 -2.917
550 677.0 -5.475 -2.792
560 677.0 -4.110 -4.583
570 677.0 -5.283 -2.259
580 677.0 -4.572 -0.498
590 677.0 -6.527 -3.058
600 677.0 -5.845 -3.905
610 677.0 -5.858 -3.452
620 677.0 -3.886 -3.879
450 131.0 -5.010 -17.027
460 131.0 -4.953 -17.151
470 131.0 -4.892 -17.273
480 131.0 -4.708 -17.178
490 131.0 -4.971 -17.601
500 131.0 -5.030 -17.426
510 131.0 -5.035 -17.405
520 131.0 -5.298 -17.671
530 131.0 -5.072 -18.008
540 131.0 -5.239 -18.010
550 131.0 -4.402 -17.015
560 131.0 -4.524 -17.893
570 131.0 -3.077 -16.954
580 131.0 -6.058 -16.562
590 131.0 -6.095 -17.150
600 131.0 -4.294 -16.710
610 131.0 -6.772 -17.164
620 131.0 -6.135 -15.039
630 131.0 -4.471 -16.888
640 131.0 -5.170 -17.995
450 134.0 -0.867 -9.233
460 134.0 -0.789 -9.635
470 134.0 -0.853 -9.362
480 134.0 -0.881 -9.226
490 134.0 -0.864 -9.288
500 134.0 -0.907 -9.230
510 134.0 -0.868 -9.121
520 134.0 -1.039 -9.235
530 134.0 -0.548 -9.755
540 134.0 -1.987 -10.589
550 134.0 -0.923 -10.612
560 134.0 -1.976 -9.287
570 134.0 -0.991 -9.190
580 134.0 -3.042 -8.169
590 134.0 -1.515 -9.744
600 134.0 -1.512 -9.783
610 134.0 0.628 -8.646
620 134.0 1.377 -6.909
630 134.0 -1.135 -9.119
640 134.0 -1.595 -7.619
450 151.0 -4.686 -16.901
460 151.0 -4.719 -16.658
470 151.0 -4.801 -16.560
480 151.0 -4.926 -16.469
490 151.0 -5.170 -16.388
500 151.0 -5.252 -16.309
510 151.0 -5.553 -16.054
520 151.0 -5.841 -15.710
530 151.0 -4.794 -17.375
540 151.0 -4.584 -17.484
550 151.0 -3.396 -15.735
560 151.0 -7.283 -17.448
570 151.0 -6.766 -18.607
580 151.0 -3.518 -16.481
590 151.0 -4.738 -16.894
600 151.0 -4.635 -17.828
610 151.0 -5.044 -17.275
620 151.0 -3.478 -15.309
630 151.0 -5.350 -17.315
640 151.0 -5.103 -17.705
460 139.0 -4.620 -11.851
470 139.0 -5.231 -12.063
480 139.0 -5.670 -12.260
490 139.0 -6.014 -12.370
500 139.0 -6.358 -12.556
510 139.0 -6.689 -12.728
520 139.0 -6.985 -12.754
530 139.0 -7.416 -12.909
540 139.0 -4.328 -12.710
550 139.0 -3.370 -10.505
560 139.0 -4.137 -10.574
570 139.0 -5.217 -11.204
580 139.0 -5.456 -12.019
590 139.0 -4.430 -11.919
600 139.0 -4.371 -11.477
610 139.0 -4.520 -11.276
620 139.0 -5.673 -12.336
630 139.0 -2.932 -11.683
640 139.0 -5.258 -13.437
650 139.0 -5.562 -12.377
460 679.0 -6.065 -6.505
470 679.0 -6.071 -6.590
480 679.0 -5.940 -6.663
490 679.0 -5.868 -6.608
500 679.0 -5.841 -6.557
510 679.0 -5.630 -6.803
520 679.0 -5.676 -6.744
530 679.0 -5.433 -6.738
540 679.0 -5.644 -6.008
550 679.0 -7.277 -6.983
560 679.0 -5.287 -6.996
570 679.0 -6.421 -7.673
580 679.0 -6.471 -7.828
590 679.0 -6.629 -6.571
600 679.0 -5.461 -7.073
610 679.0 -6.360 -7.654
620 679.0 -6.984 -5.835
630 679.0 -3.444 -5.957
640 679.0 -5.548 -5.926
650 679.0 -4.840 -6.296
490 154.0 -4.052 -16.767
500 154.0 -4.309 -16.771
510 154.0 -4.572 -16.531
520 154.0 -4.562 -16.423
530 154.0 -4.660 -16.252
540 154.0 -4.566 -16.557
550 154.0 -4.744 -16.214
560 154.0 -4.783 -16.168
570 154.0 -6.344 -16.842
580 154.0 -4.716 -16.649
590 154.0 -3.089 -17.104
600 154.0 -3.512 -18.401
610 154.0 -2.919 -17.217
620 154.0 -3.826 -16.404
630 154.0 -5.505 -17.159
640 154.0 -3.590 -16.651
650 154.0 -4.512 -15.415
660 154.0 -4.069 -16.224
670 154.0 -4.312 -17.668
680 154.0 -6.220 -17.932
500 155.0 -4.041 -16.584
510 155.0 -4.030 -16.610
520 155.0 -4.014 -16.616
530 155.0 -4.236 -16.518
540 155.0 -4.167 -16.604
550 155.0 -4.204 -16.354
560 155.0 -4.246 -16.172
570 155.0 -4.354 -15.867
580 155.0 -5.033 -17.142
590 155.0 -2.835 -15.411
600 155.0 -2.575 -16.631
610 155.0 -6.161 -16.617
620 155.0 -3.797 -16.236
630 155.0 -4.273 -16.107
640 155.0 -5.071 -17.298
650 155.0 -3.833 -15.803
660 155.0 -3.656 -15.885
670 155.0 -3.401 -16.270
680 155.0 -2.379 -16.422
690 155.0 -3.583 -16.971
500 545.0 -2.476 -14.584
510 545.0 -2.531 -14.489
520 545.0 -2.581 -14.094
530 545.0 -2.561 -14.019
540 545.0 -2.799 -13.740
550 545.0 -2.739 -13.265
560 545.0 -2.830 -13.236
570 545.0 -2.858 -12.949
580 545.0 -1.588 -15.463
590 545.0 -4.187 -15.302
600 545.0 -1.696 -15.541
610 545.0 -2.425 -14.943
620 545.0 -3.880 -17.022
630 545.0 -4.286 -16.552
640 545.0 -2.240 -13.816
650 545.0 -2.959 -15.282
660 545.0 -2.875 -15.213
670 545.0 -3.479 -14.934
680 545.0 -3.457 -14.763
690 545.0 -3.571 -15.432
530 146.0 -4.258 -10.177
540 146.0 -4.635 -10.479
550 146.0 -4.940 -10.820
560 146.0 -5.331 -11.117
570 146.0 -5.578 -11.304
580 146.0 -6.011 -11.625
590 146.0 -6.227 -11.727
600 146.0 -6.472 -11.970
610 146.0 -5.550 -8.514
620 146.0 -4.758 -10.443
630 146.0 -4.184 -10.359
640 146.0 -5.394 -9.772
650 146.0 -4.812 -10.761
660 146.0 -3.890 -8.996
670 146.0 -2.631 -9.302
680 146.0 -4.785 -9.730
690 146.0 -3.865 -11.367
700 146.0 -3.507 -8.538
710 146.0 -4.023 -12.208
720 146.0 -4.019 -9.309
530 150.0 -4.398 -15.998
540 150.0 -4.465 -15.936
550 150.0 -4.710 -15.813
560 150.0 -4.920 -15.661
570 150.0 -5.017 -15.378
580 150.0 -5.184 -15.294
590 150.0 -5.401 -15.158
600 150.0 -5.410 -15.002
610 150.0 -5.339 -17.116
620 150.0 -5.105 -14.994
630 150.0 -3.796 -14.851
640 150.0 -3.404 -16.028
650 150.0 -5.333 -14.962
660 150.0 -3.297 -14.883
670 150.0 -3.342 -15.491
680 150.0 -3.660 -14.912
690 150.0 -5.313 -15.901
700 150.0 -4.840 -15.273
710 150.0 -4.994 -15.378
720 150.0 -5.206 -15.600
530 548.0 -2.432 -14.259
540 548.0 -2.595 -14.165
550 548.0 -2.658 -14.108
560 548.0 -2.542 -14.037
570 548.0 -2.656 -14.018
580 548.0 -2.749 -13.854
590 548.0 -2.649 -13.658
600 548.0 -2.686 -13.651
610 548.0 -3.227 -12.664
620 548.0 -1.185 -14.644
630 548.0 -2.106 -14.749
640 548.0 -3.067 -14.596
650 548.0 -3.355 -15.124
660 548.0 -0.834 -14.347
670 548.0 -2.743 -15.951
680 548.0 -2.803 -14.464
690 548.0 -1.980 -14.272
700 548.0 -1.600 -14.272
710 548.0 -2.969 -13.953
720 548.0 -2.299 -13.688
540 148.0 -4.893 -9.874
550 148.0 -5.240 -10.140
560 148.0 -5.565 -10.348
570 148.0 -5.956 -10.645
580 148.0 -6.308 -10.729
590 148.0 -6.597 -11.250
600 148.0 -6.985 -11.347
610 148.0 -7.389 -11.812
620 148.0 -5.887 -10.993
630 148.0 -4.328 -10.274
640 148.0 -2.979 -11.547
650 148.0 -4.044 -10.815
660 148.0 -5.072 -9.860
670 148.0 -6.464 -9.451
680 148.0 -5.148 -9.954
690 148.0 -4.534 -10.561
700 148.0 -6.003 -9.529
710 148.0 -4.823 -9.976
720 148.0 -6.513 -9.033
730 148.0 -5.696 -11.523
540 531.0 -5.019 -17.755
550 531.0 -5.190 -17.204
560 531.0 -5.552 -17.152
570 531.0 -5.454 -16.741
580 531.0 -5.574 -16.677
590 531.0 -5.594 -16.535
600 531.0 -5.646 -16.203
610 531.0 -5.803 -16.185
620 531.0 -6.474 -18.883
630 531.0 -4.260 -16.009
640 531.0 -5.492 -16.907
650 531.0 -5.251 -16.922
660 531.0 -5.283 -17.561
670 531.0 -6.272 -17.062
680 531.0 -5.459 -19.382
690 531.0 -3.613 -17.259
700 531.0 -3.821 -20.302
710 531.0 -4.190 -18.105
720 531.0 -5.740 -18.345
730 531.0 -5.612 -18.260
