10 1.0 14.935 5.307
20 1.0 14.495 5.329
30 1.0 14.054 5.351
40 1.0 13.614 5.374
50 1.0 13.173 5.394
60 1.0 12.726 5.394
70 1.0 12.280 5.394
80 1.0 11.834 5.394
90 1.0 11.827 5.408
100 1.0 11.824 5.420
110 1.0 11.814 5.435
120 1.0 11.812 5.449
130 1.0 11.831 5.460
140 1.0 11.842 5.474
150 1.0 11.846 5.485
160 1.0 11.862 5.494
170 1.0 11.880 5.514
180 1.0 11.892 5.519
190 1.0 11.904 5.530
200 1.0 11.906 5.534
10 2.0 15.182 5.825
20 2.0 14.829 5.816
30 2.0 14.476 5.808
40 2.0 14.122 5.799
50 2.0 13.688 5.872
60 2.0 13.255 5.944
70 2.0 12.821 6.016
80 2.0 12.358 6.063
90 2.0 12.366 6.064
100 2.0 12.364 6.075
110 2.0 12.359 6.096
120 2.0 12.361 6.108
130 2.0 12.363 6.122
140 2.0 12.372 6.131
150 2.0 12.376 6.146
160 2.0 12.365 6.152
170 2.0 12.381 6.157
180 2.0 12.381 6.162
190 2.0 12.392 6.162
200 2.0 12.395 6.172
80 3.0 4.038 0.129
90 3.0 4.431 0.940
100 3.0 4.846 1.607
110 3.0 5.276 2.178
120 3.0 5.737 2.731
130 3.0 6.268 3.242
140 3.0 6.793 3.715
150 3.0 7.294 4.033
160 3.0 7.316 4.115
170 3.0 7.343 4.197
180 3.0 7.511 4.311
190 3.0 7.645 4.471
200 3.0 7.570 4.506
210 3.0 7.644 4.575
220 3.0 7.907 4.605
230 3.0 8.045 4.994
240 3.0 7.922 5.247
250 3.0 7.835 5.102
260 3.0 7.994 5.249
270 3.0 8.118 5.063
220 4.0 -0.028 6.828
230 4.0 0.531 6.818
240 4.0 1.090 6.809
250 4.0 1.656 6.791
260 4.0 2.252 6.735
270 4.0 2.848 6.679
280 4.0 3.449 6.615
290 4.0 4.066 6.516
300 4.0 4.081 6.528
310 4.0 4.130 6.518
320 4.0 4.178 6.519
330 4.0 4.230 6.533
340 4.0 4.271 6.531
350 4.0 4.279 6.544
360 4.0 4.316 6.543
370 4.0 4.368 6.546
380 4.0 4.410 6.560
390 4.0 4.451 6.558
400 4.0 4.491 6.540
410 4.0 4.549 6.525
210 5.0 7.291 0.194
220 5.0 6.962 0.941
230 5.0 6.632 1.688
240 5.0 6.244 2.435
250 5.0 5.842 3.183
260 5.0 5.462 3.846
270 5.0 5.105 4.428
280 5.0 4.728 4.983
290 5.0 4.787 4.859
300 5.0 4.760 4.915
310 5.0 4.691 5.011
320 5.0 4.707 4.962
330 5.0 4.634 5.145
340 5.0 4.618 5.112
350 5.0 4.577 5.163
360 5.0 4.569 5.243
370 5.0 4.648 5.235
380 5.0 4.558 5.323
390 5.0 4.573 5.493
400 5.0 4.550 5.773
210 6.0 6.693 0.095
220 6.0 6.328 0.821
230 6.0 5.964 1.546
240 6.0 5.591 2.230
250 6.0 5.204 2.854
260 6.0 4.817 3.478
270 6.0 4.427 4.070
280 6.0 4.028 4.590
290 6.0 4.099 4.463
300 6.0 4.073 4.510
310 6.0 4.070 4.586
320 6.0 4.050 4.582
330 6.0 3.971 4.587
340 6.0 3.998 4.622
350 6.0 3.993 4.891
360 6.0 4.033 4.798
370 6.0 3.973 4.928
380 6.0 3.965 5.004
390 6.0 3.951 5.119
400 6.0 3.928 5.253
330 7.0 0.002 7.691
340 7.0 0.308 7.420
350 7.0 0.614 7.149
360 7.0 0.962 6.923
370 7.0 1.338 6.727
380 7.0 1.714 6.531
390 7.0 2.116 6.416
400 7.0 2.524 6.322
410 7.0 2.528 6.312
420 7.0 2.546 6.309
430 7.0 2.562 6.320
440 7.0 2.595 6.312
450 7.0 2.602 6.315
460 7.0 2.603 6.315
470 7.0 2.604 6.316
480 7.0 2.597 6.326
490 7.0 2.596 6.316
500 7.0 2.595 6.305
510 7.0 2.596 6.295
520 7.0 2.589 6.300
380 8.0 -0.004 5.125
390 8.0 0.437 5.155
400 8.0 0.877 5.185
410 8.0 1.318 5.215
420 8.0 1.757 5.230
430 8.0 2.194 5.237
440 8.0 2.632 5.243
450 8.0 3.069 5.249
460 8.0 3.078 5.259
470 8.0 3.096 5.254
480 8.0 3.095 5.253
490 8.0 3.089 5.249
500 8.0 3.079 5.254
510 8.0 3.062 5.258
520 8.0 3.061 5.258
530 8.0 3.051 5.262
540 8.0 3.052 5.260
550 8.0 3.032 5.262
560 8.0 3.030 5.263
570 8.0 3.017 5.261
390 9.0 0.131 4.090
400 9.0 0.604 4.180
410 9.0 1.076 4.271
420 9.0 1.548 4.361
430 9.0 2.015 4.430
440 9.0 2.475 4.468
450 9.0 2.934 4.506
460 9.0 3.394 4.543
470 9.0 3.405 4.546
480 9.0 3.432 4.543
490 9.0 3.445 4.554
500 9.0 3.455 4.562
510 9.0 3.458 4.559
520 9.0 3.454 4.566
530 9.0 3.441 4.579
540 9.0 3.432 4.580
550 9.0 3.419 4.579
560 9.0 3.399 4.584
570 9.0 3.380 4.586
580 9.0 3.362 4.597
400 10.0 0.063 8.687
410 10.0 0.274 8.449
420 10.0 0.484 8.210
430 10.0 0.695 7.971
440 10.0 1.037 7.874
450 10.0 1.412 7.811
460 10.0 1.815 7.729
470 10.0 2.246 7.627
480 10.0 2.239 7.634
490 10.0 2.263 7.633
500 10.0 2.273 7.639
510 10.0 2.271 7.646
520 10.0 2.271 7.655
530 10.0 2.258 7.674
540 10.0 2.266 7.674
550 10.0 2.261 7.682
560 10.0 2.259 7.686
570 10.0 2.250 7.691
580 10.0 2.248 7.707
590 10.0 2.259 7.720
430 11.0 0.126 5.639
440 11.0 0.547 5.669
450 11.0 0.968 5.700
460 11.0 1.391 5.732
470 11.0 1.829 5.777
480 11.0 2.267 5.823
490 11.0 2.705 5.868
500 11.0 3.141 5.915
510 11.0 3.142 5.918
520 11.0 3.174 5.923
530 11.0 3.175 5.935
540 11.0 3.172 5.947
550 11.0 3.166 5.959
560 11.0 3.162 5.956
570 11.0 3.140 5.962
580 11.0 3.123 5.964
590 11.0 3.105 5.965
600 11.0 3.090 5.970
610 11.0 3.082 5.978
620 11.0 3.076 5.986
450 12.0 0.147 4.320
460 12.0 0.659 4.407
470 12.0 1.172 4.495
480 12.0 1.684 4.582
490 12.0 2.137 4.619
500 12.0 2.590 4.656
510 12.0 3.044 4.693
520 12.0 3.497 4.725
530 12.0 3.498 4.719
540 12.0 3.534 4.732
550 12.0 3.541 4.734
560 12.0 3.554 4.739
570 12.0 3.553 4.746
580 12.0 3.541 4.756
590 12.0 3.525 4.756
600 12.0 3.522 4.753
610 12.0 3.523 4.755
620 12.0 3.510 4.745
630 12.0 3.499 4.754
640 12.0 3.500 4.754
450 13.0 -0.008 5.199
460 13.0 0.491 5.240
470 13.0 0.990 5.281
480 13.0 1.489 5.321
490 13.0 2.005 5.352
500 13.0 2.544 5.367
510 13.0 3.083 5.382
520 13.0 3.605 5.385
530 13.0 3.624 5.379
540 13.0 3.642 5.378
550 13.0 3.667 5.377
560 13.0 3.671 5.369
570 13.0 3.683 5.366
580 13.0 3.711 5.366
590 13.0 3.715 5.371
600 13.0 3.709 5.374
610 13.0 3.718 5.366
620 13.0 3.728 5.368
630 13.0 3.726 5.369
640 13.0 3.729 5.366
530 14.0 14.993 5.400
540 14.0 14.400 5.550
550 14.0 13.808 5.700
560 14.0 13.243 5.842
570 14.0 12.705 5.974
580 14.0 12.167 6.107
590 14.0 11.629 6.240
600 14.0 11.083 6.418
610 14.0 11.094 6.421
620 14.0 11.068 6.439
630 14.0 11.047 6.443
640 14.0 11.026 6.430
650 14.0 11.025 6.438
660 14.0 11.039 6.437
670 14.0 11.035 6.449
680 14.0 11.046 6.462
690 14.0 11.040 6.477
700 14.0 11.039 6.476
710 14.0 11.057 6.471
720 14.0 11.086 6.482
560 15.0 15.263 5.224
570 15.0 14.779 5.410
580 15.0 14.296 5.595
590 15.0 13.813 5.781
600 15.0 13.300 5.923
610 15.0 12.783 6.061
620 15.0 12.266 6.198
630 15.0 11.792 6.366
640 15.0 11.785 6.378
650 15.0 11.776 6.404
660 15.0 11.773 6.403
670 15.0 11.778 6.416
680 15.0 11.782 6.417
690 15.0 11.788 6.412
700 15.0 11.792 6.409
710 15.0 11.815 6.407
720 15.0 11.835 6.405
730 15.0 11.857 6.387
740 15.0 11.876 6.385
750 15.0 11.885 6.365
570 16.0 14.829 4.791
580 16.0 14.333 5.014
590 16.0 13.838 5.237
600 16.0 13.342 5.446
610 16.0 12.844 5.619
620 16.0 12.347 5.793
630 16.0 11.849 5.966
640 16.0 11.389 6.170
650 16.0 11.405 6.168
660 16.0 11.395 6.181
670 16.0 11.395 6.181
680 16.0 11.396 6.185
690 16.0 11.406 6.177
700 16.0 11.419 6.168
710 16.0 11.425 6.164
720 16.0 11.449 6.146
730 16.0 11.468 6.138
740 16.0 11.476 6.129
750 16.0 11.506 6.120
760 16.0 11.516 6.120
620 17.0 0.223 9.911
630 17.0 0.333 9.589
640 17.0 0.459 9.282
650 17.0 0.651 9.032
660 17.0 0.842 8.783
670 17.0 1.130 8.608
680 17.0 1.417 8.433
690 17.0 1.705 8.258
700 17.0 1.714 8.269
710 17.0 1.717 8.283
720 17.0 1.738 8.295
730 17.0 1.742 8.303
740 17.0 1.743 8.323
750 17.0 1.738 8.350
760 17.0 1.727 8.354
770 17.0 1.733 8.362
780 17.0 1.728 8.366
790 17.0 1.730 8.372
800 17.0 1.731 8.368
810 17.0 1.725 8.395
640 18.0 -0.012 8.950
650 18.0 0.259 8.711
660 18.0 0.529 8.472
670 18.0 0.800 8.234
680 18.0 1.193 8.051
690 18.0 1.585 7.868
700 18.0 1.978 7.685
710 18.0 2.421 7.586
720 18.0 2.436 7.567
730 18.0 2.468 7.568
740 18.0 2.485 7.566
750 18.0 2.513 7.555
760 18.0 2.525 7.551
770 18.0 2.520 7.544
780 18.0 2.537 7.534
790 18.0 2.537 7.532
800 18.0 2.538 7.545
810 18.0 2.545 7.535
820 18.0 2.536 7.525
830 18.0 2.523 7.519
990 19.0 0.314 5.167
1000 19.0 0.938 5.209
1010 19.0 1.562 5.250
1020 19.0 2.173 5.278
1030 19.0 2.764 5.289
1040 19.0 3.355 5.299
1050 19.0 3.946 5.309
1060 19.0 4.537 5.319
1070 19.0 4.546 5.319
1080 19.0 4.607 5.321
1090 19.0 4.660 5.315
1100 19.0 4.703 5.318
1110 19.0 4.744 5.308
1120 19.0 4.786 5.297
1130 19.0 4.833 5.290
1140 19.0 4.889 5.286
1150 19.0 4.951 5.278
1160 19.0 4.975 5.277
1170 19.0 5.047 5.261
1180 19.0 5.089 5.259
1160 20.0 13.191 13.648
1170 20.0 13.208 13.262
1180 20.0 13.224 12.877
1190 20.0 13.233 12.496
1200 20.0 13.182 12.164
1210 20.0 13.131 11.831
1220 20.0 13.080 11.498
1230 20.0 13.002 11.169
1240 20.0 13.000 11.163
1250 20.0 13.015 11.128
1260 20.0 13.022 11.100
1270 20.0 13.016 11.081
1280 20.0 13.028 11.040
1290 20.0 13.040 11.029
1300 20.0 13.067 10.996
1310 20.0 13.080 10.973
1320 20.0 13.101 10.957
1330 20.0 13.124 10.926
1340 20.0 13.145 10.895
1350 20.0 13.156 10.844
1210 21.0 13.673 12.051
1220 21.0 13.647 11.650
1230 21.0 13.622 11.249
1240 21.0 13.551 10.822
1250 21.0 13.468 10.387
1260 21.0 13.386 9.952
1270 21.0 13.301 9.562
1280 21.0 13.217 9.172
1290 21.0 13.216 9.181
1300 21.0 13.216 9.141
1310 21.0 13.210 9.119
1320 21.0 13.218 9.074
1330 21.0 13.237 9.021
1340 21.0 13.247 8.994
1350 21.0 13.274 8.952
1360 21.0 13.278 8.906
1370 21.0 13.289 8.882
1380 21.0 13.306 8.846
1390 21.0 13.323 8.771
1400 21.0 13.328 8.711
1170 22.0 0.343 4.132
1180 22.0 0.989 4.141
1190 22.0 1.636 4.149
1200 22.0 2.309 4.165
1210 22.0 3.001 4.185
1220 22.0 3.692 4.206
1230 22.0 4.383 4.240
1240 22.0 5.067 4.399
1250 22.0 5.086 4.402
1260 22.0 5.191 4.411
1270 22.0 5.274 4.415
1280 22.0 5.338 4.429
1290 22.0 5.442 4.415
1300 22.0 5.540 4.411
1310 22.0 5.603 4.398
1320 22.0 5.716 4.394
1330 22.0 5.812 4.396
1340 22.0 5.954 4.368
1350 22.0 6.093 4.369
1360 22.0 6.192 4.389
1190 23.0 0.063 5.179
1200 23.0 0.520 5.274
1210 23.0 0.977 5.370
1220 23.0 1.434 5.465
1230 23.0 1.904 5.566
1240 23.0 2.388 5.672
1250 23.0 2.871 5.778
1260 23.0 3.314 5.868
1270 23.0 3.324 5.876
1280 23.0 3.343 5.891
1290 23.0 3.357 5.887
1300 23.0 3.361 5.884
1310 23.0 3.360 5.895
1320 23.0 3.328 5.892
1330 23.0 3.331 5.892
1340 23.0 3.324 5.888
1350 23.0 3.321 5.891
1360 23.0 3.292 5.888
1370 23.0 3.289 5.888
1380 23.0 3.270 5.886
1200 24.0 -0.017 9.205
1210 24.0 0.251 8.912
1220 24.0 0.519 8.619
1230 24.0 0.800 8.372
1240 24.0 1.096 8.170
1250 24.0 1.392 7.969
1260 24.0 1.692 7.811
1270 24.0 2.001 7.756
1280 24.0 2.005 7.746
1290 24.0 2.022 7.739
1300 24.0 2.034 7.738
1310 24.0 2.036 7.736
1320 24.0 2.059 7.752
1330 24.0 2.071 7.749
1340 24.0 2.068 7.753
1350 24.0 2.078 7.755
1360 24.0 2.085 7.763
1370 24.0 2.087 7.771
1380 24.0 2.102 7.767
1390 24.0 2.110 7.769
1220 25.0 0.105 8.210
1230 25.0 0.394 8.042
1240 25.0 0.682 7.874
1250 25.0 0.984 7.719
1260 25.0 1.316 7.596
1270 25.0 1.649 7.473
1280 25.0 1.994 7.366
1290 25.0 2.389 7.324
1300 25.0 2.395 7.336
1310 25.0 2.420 7.344
1320 25.0 2.422 7.354
1330 25.0 2.424 7.360
1340 25.0 2.422 7.374
1350 25.0 2.425 7.379
1360 25.0 2.416 7.386
1370 25.0 2.408 7.401
1380 25.0 2.406 7.413
1390 25.0 2.392 7.428
1400 25.0 2.383 7.443
1410 25.0 2.386 7.436
1220 26.0 15.145 4.021
1230 26.0 14.594 3.906
1240 26.0 14.042 3.791
1250 26.0 13.491 3.675
1260 26.0 12.824 3.699
1270 26.0 12.158 3.723
1280 26.0 11.491 3.747
1290 26.0 10.890 3.706
1300 26.0 10.882 3.715
1310 26.0 10.825 3.714
1320 26.0 10.775 3.734
1330 26.0 10.728 3.749
1340 26.0 10.695 3.755
1350 26.0 10.660 3.756
1360 26.0 10.627 3.755
1370 26.0 10.580 3.746
1380 26.0 10.525 3.745
1390 26.0 10.505 3.737
1400 26.0 10.471 3.740
1410 26.0 10.436 3.743
1220 27.0 0.093 4.129
1230 27.0 0.635 4.129
1240 27.0 1.177 4.129
1250 27.0 1.720 4.129
1260 27.0 2.279 4.145
1270 27.0 2.850 4.172
1280 27.0 3.422 4.200
1290 27.0 3.999 4.233
1300 27.0 4.020 4.234
1310 27.0 4.079 4.235
1320 27.0 4.099 4.235
1330 27.0 4.120 4.239
1340 27.0 4.144 4.242
1350 27.0 4.167 4.248
1360 27.0 4.196 4.255
1370 27.0 4.227 4.256
1380 27.0 4.239 4.269
1390 27.0 4.239 4.267
1400 27.0 4.257 4.260
1410 27.0 4.288 4.261
1230 28.0 0.383 4.923
1240 28.0 0.940 4.889
1250 28.0 1.496 4.855
1260 28.0 2.036 4.874
1270 28.0 2.569 4.917
1280 28.0 3.102 4.959
1290 28.0 3.635 5.002
1300 28.0 4.193 5.047
1310 28.0 4.202 5.047
1320 28.0 4.233 5.053
1330 28.0 4.273 5.049
1340 28.0 4.306 5.048
1350 28.0 4.317 5.055
1360 28.0 4.353 5.052
1370 28.0 4.359 5.050
1380 28.0 4.383 5.047
1390 28.0 4.399 5.057
1400 28.0 4.411 5.050
1410 28.0 4.420 5.040
1420 28.0 4.437 5.035
1230 29.0 15.153 4.344
1240 29.0 14.515 4.375
1250 29.0 13.877 4.407
1260 29.0 13.238 4.439
1270 29.0 12.629 4.456
1280 29.0 12.019 4.472
1290 29.0 11.411 4.485
1300 29.0 10.818 4.463
1310 29.0 10.807 4.480
1320 29.0 10.758 4.496
1330 29.0 10.709 4.511
1340 29.0 10.676 4.532
1350 29.0 10.636 4.554
1360 29.0 10.621 4.565
1370 29.0 10.574 4.569
1380 29.0 10.540 4.581
1390 29.0 10.514 4.585
1400 29.0 10.465 4.603
1410 29.0 10.450 4.617
1420 29.0 10.408 4.613
1350 30.0 0.366 5.193
1360 30.0 0.929 5.271
1370 30.0 1.493 5.347
1380 30.0 2.058 5.416
1390 30.0 2.627 5.472
1400 30.0 3.195 5.527
1410 30.0 3.757 5.570
1420 30.0 4.309 5.594
1430 30.0 4.342 5.600
1440 30.0 4.377 5.601
1450 30.0 4.411 5.599
1460 30.0 4.426 5.606
1470 30.0 4.461 5.612
1480 30.0 4.463 5.609
1490 30.0 4.485 5.619
1500 30.0 4.500 5.601
1510 30.0 4.492 5.608
1520 30.0 4.529 5.596
1530 30.0 4.524 5.592
1540 30.0 4.522 5.576
1350 31.0 0.175 4.523
1360 31.0 0.734 4.584
1370 31.0 1.294 4.646
1380 31.0 1.853 4.707
1390 31.0 2.430 4.772
1400 31.0 3.014 4.838
1410 31.0 3.599 4.904
1420 31.0 4.184 4.960
1430 31.0 4.183 4.968
1440 31.0 4.227 4.968
1450 31.0 4.280 4.971
1460 31.0 4.302 4.967
1470 31.0 4.321 4.979
1480 31.0 4.350 4.977
1490 31.0 4.362 4.987
1500 31.0 4.379 4.977
1510 31.0 4.394 4.982
1520 31.0 4.419 4.991
1530 31.0 4.414 4.985
1540 31.0 4.440 4.992
1420 32.0 0.286 5.595
1430 32.0 0.688 5.711
1440 32.0 1.091 5.827
1450 32.0 1.494 5.943
1460 32.0 1.944 5.949
1470 32.0 2.393 5.956
1480 32.0 2.842 5.962
1490 32.0 3.300 5.966
1500 32.0 3.313 5.975
1510 32.0 3.327 5.967
1520 32.0 3.345 5.966
1530 32.0 3.355 5.980
1540 32.0 3.353 5.978
1550 32.0 3.359 5.982
1560 32.0 3.356 5.982
1570 32.0 3.340 5.992
1580 32.0 3.335 5.984
1590 32.0 3.324 5.990
1600 32.0 3.301 5.985
1610 32.0 3.287 5.989
1490 33.0 14.880 4.953
1500 33.0 14.459 5.122
1510 33.0 14.037 5.289
1520 33.0 13.609 5.434
1530 33.0 13.180 5.579
1540 33.0 12.771 5.728
1550 33.0 12.408 5.887
1560 33.0 12.044 6.046
1570 33.0 12.051 6.049
1580 33.0 12.036 6.038
1590 33.0 12.031 6.042
1600 33.0 12.028 6.040
1610 33.0 12.048 6.036
1620 33.0 12.062 6.034
1630 33.0 12.070 6.025
1640 33.0 12.084 6.016
1650 33.0 12.094 6.012
1660 33.0 12.109 5.994
1670 33.0 12.118 5.988
1680 33.0 12.130 5.983
1510 34.0 15.116 4.963
1520 34.0 14.679 5.284
1530 34.0 14.242 5.606
1540 34.0 13.793 5.913
1550 34.0 13.234 6.097
1560 34.0 12.676 6.280
1570 34.0 12.202 6.426
1580 34.0 11.812 6.533
1590 34.0 11.800 6.545
1600 34.0 11.782 6.558
1610 34.0 11.787 6.566
1620 34.0 11.787 6.565
1630 34.0 11.791 6.574
1640 34.0 11.803 6.584
1650 34.0 11.805 6.581
1660 34.0 11.815 6.592
1670 34.0 11.839 6.580
1680 34.0 11.847 6.579
1690 34.0 11.853 6.590
1700 34.0 11.859 6.593
1520 35.0 15.219 6.162
1530 35.0 14.721 6.305
1540 35.0 14.223 6.449
1550 35.0 13.724 6.592
1560 35.0 13.184 6.731
1570 35.0 12.625 6.869
1580 35.0 12.057 7.007
1590 35.0 11.400 7.152
1600 35.0 11.419 7.160
1610 35.0 11.397 7.164
1620 35.0 11.377 7.157
1630 35.0 11.363 7.168
1640 35.0 11.375 7.165
1650 35.0 11.393 7.163
1660 35.0 11.399 7.152
1670 35.0 11.409 7.152
1680 35.0 11.442 7.149
1690 35.0 11.452 7.146
1700 35.0 11.463 7.141
1710 35.0 11.470 7.142
1560 36.0 15.161 6.912
1570 36.0 14.715 6.863
1580 36.0 14.270 6.814
1590 36.0 13.824 6.765
1600 36.0 13.357 6.719
1610 36.0 12.841 6.680
1620 36.0 12.325 6.642
1630 36.0 11.808 6.608
1640 36.0 11.823 6.601
1650 36.0 11.807 6.606
1660 36.0 11.785 6.600
1670 36.0 11.787 6.593
1680 36.0 11.782 6.598
1690 36.0 11.781 6.596
1700 36.0 11.798 6.599
1710 36.0 11.806 6.593
1720 36.0 11.805 6.587
1730 36.0 11.815 6.584
1740 36.0 11.799 6.588
1750 36.0 11.787 6.604
1650 37.0 15.162 8.294
1660 37.0 14.655 8.170
1670 37.0 14.149 8.046
1680 37.0 13.646 7.909
1690 37.0 13.160 7.720
1700 37.0 12.674 7.531
1710 37.0 12.160 7.388
1720 37.0 11.581 7.354
1730 37.0 11.573 7.340
1740 37.0 11.529 7.334
1750 37.0 11.500 7.320
1760 37.0 11.460 7.304
1770 37.0 11.431 7.298
1780 37.0 11.407 7.292
1790 37.0 11.386 7.279
1800 37.0 11.379 7.254
1810 37.0 11.371 7.248
1820 37.0 11.366 7.227
1830 37.0 11.351 7.216
1840 37.0 11.336 7.199
1560 38.0 0.196 9.869
1570 38.0 0.245 9.749
1580 38.0 0.295 9.630
1590 38.0 0.344 9.511
1600 38.0 0.387 9.376
1610 38.0 0.414 9.207
1620 38.0 0.441 9.038
1630 38.0 0.467 8.869
1640 38.0 0.474 8.871
1650 38.0 0.474 8.868
1660 38.0 0.474 8.870
1670 38.0 0.475 8.875
1680 38.0 0.472 8.868
1690 38.0 0.478 8.858
1700 38.0 0.479 8.851
1710 38.0 0.474 8.863
1720 38.0 0.480 8.859
1730 38.0 0.471 8.858
1740 38.0 0.471 8.849
1750 38.0 0.470 8.851
1620 39.0 0.073 7.889
1630 39.0 0.175 7.780
1640 39.0 0.277 7.672
1650 39.0 0.379 7.563
1660 39.0 0.470 7.502
1670 39.0 0.558 7.452
1680 39.0 0.614 7.417
1690 39.0 0.623 7.404
1700 39.0 0.625 7.412
1710 39.0 0.623 7.415
1720 39.0 0.621 7.419
1730 39.0 0.616 7.421
1740 39.0 0.616 7.431
1750 39.0 0.606 7.433
1760 39.0 0.602 7.438
1770 39.0 0.596 7.438
1780 39.0 0.589 7.441
1790 39.0 0.578 7.440
1800 39.0 0.576 7.445
1810 39.0 0.574 7.448
1650 40.0 0.072 8.195
1660 40.0 0.156 8.044
1670 40.0 0.240 7.892
1680 40.0 0.318 7.757
1690 40.0 0.346 7.766
1700 40.0 0.373 7.774
1710 40.0 0.400 7.782
1720 40.0 0.427 7.791
1730 40.0 0.427 7.789
1740 40.0 0.425 7.784
1750 40.0 0.417 7.789
1760 40.0 0.419 7.793
1770 40.0 0.417 7.788
1780 40.0 0.416 7.779
1790 40.0 0.399 7.781
1800 40.0 0.403 7.772
1810 40.0 0.401 7.774
1820 40.0 0.399 7.764
1830 40.0 0.391 7.755
1840 40.0 0.392 7.761
1800 41.0 0.330 4.615
1810 41.0 0.941 4.645
1820 41.0 1.551 4.675
1830 41.0 2.161 4.704
1840 41.0 2.786 4.729
1850 41.0 3.443 4.740
1860 41.0 4.100 4.752
1870 41.0 4.757 4.764
1880 41.0 4.759 4.762
1890 41.0 4.840 4.776
1900 41.0 4.903 4.769
1910 41.0 4.969 4.776
1920 41.0 5.035 4.783
1930 41.0 5.084 4.775
1940 41.0 5.153 4.766
1950 41.0 5.194 4.756
1960 41.0 5.271 4.742
1970 41.0 5.337 4.722
1980 41.0 5.437 4.736
1990 41.0 5.521 4.711
1930 42.0 0.196 4.818
1940 42.0 0.851 4.809
1950 42.0 1.506 4.801
1960 42.0 2.159 4.774
1970 42.0 2.811 4.735
1980 42.0 3.463 4.697
1990 42.0 4.138 4.593
2000 42.0 4.837 4.424
2010 42.0 4.859 4.427
2020 42.0 4.936 4.434
2030 42.0 5.022 4.429
2040 42.0 5.096 4.423
2050 42.0 5.165 4.421
2060 42.0 5.252 4.440
2070 42.0 5.340 4.423
2080 42.0 5.415 4.409
2090 42.0 5.571 4.409
2100 42.0 5.666 4.390
2110 42.0 5.770 4.403
2120 42.0 5.925 4.397
1960 43.0 15.233 4.349
1970 43.0 14.613 4.336
1980 43.0 13.993 4.323
1990 43.0 13.373 4.310
2000 43.0 12.753 4.297
2010 43.0 12.138 4.296
2020 43.0 11.524 4.296
2030 43.0 10.909 4.296
2040 43.0 10.900 4.307
2050 43.0 10.868 4.319
2060 43.0 10.813 4.324
2070 43.0 10.773 4.322
2080 43.0 10.729 4.337
2090 43.0 10.704 4.339
2100 43.0 10.675 4.342
2110 43.0 10.632 4.350
2120 43.0 10.610 4.362
2130 43.0 10.567 4.379
2140 43.0 10.524 4.384
2150 43.0 10.500 4.397
1970 44.0 14.747 4.936
1980 44.0 14.101 4.928
1990 44.0 13.456 4.920
2000 44.0 12.822 4.885
2010 44.0 12.200 4.823
2020 44.0 11.571 4.766
2030 44.0 10.917 4.732
2040 44.0 10.263 4.698
2050 44.0 10.259 4.709
2060 44.0 10.199 4.718
2070 44.0 10.142 4.730
2080 44.0 10.117 4.738
2090 44.0 10.044 4.761
2100 44.0 10.015 4.775
2110 44.0 9.972 4.775
2120 44.0 9.922 4.780
2130 44.0 9.879 4.776
2140 44.0 9.821 4.772
2150 44.0 9.742 4.764
2160 44.0 9.681 4.754
2070 45.0 14.997 5.441
2080 45.0 14.528 5.441
2090 45.0 14.059 5.441
2100 45.0 13.557 5.511
2110 45.0 13.054 5.580
2120 45.0 12.552 5.649
2130 45.0 12.098 5.732
2140 45.0 11.650 5.817
2150 45.0 11.653 5.831
2160 45.0 11.634 5.832
2170 45.0 11.632 5.833
2180 45.0 11.643 5.840
2190 45.0 11.638 5.853
2200 45.0 11.650 5.854
2210 45.0 11.661 5.845
2220 45.0 11.659 5.849
2230 45.0 11.674 5.851
2240 45.0 11.692 5.845
2250 45.0 11.708 5.837
2260 45.0 11.723 5.831
2080 46.0 15.260 5.654
2090 46.0 14.695 5.741
2100 46.0 14.131 5.828
2110 46.0 13.565 5.913
2120 46.0 12.998 5.996
2130 46.0 12.449 6.091
2140 46.0 11.978 6.234
2150 46.0 11.507 6.377
2160 46.0 11.513 6.377
2170 46.0 11.497 6.371
2180 46.0 11.493 6.366
2190 46.0 11.496 6.353
2200 46.0 11.496 6.338
2210 46.0 11.492 6.329
2220 46.0 11.487 6.323
2230 46.0 11.490 6.306
2240 46.0 11.485 6.304
2250 46.0 11.491 6.297
2260 46.0 11.502 6.300
2270 46.0 11.508 6.299
2090 47.0 14.973 7.664
2100 47.0 14.733 7.494
2110 47.0 14.492 7.324
2120 47.0 14.234 7.168
2130 47.0 13.963 7.024
2140 47.0 13.692 6.878
2150 47.0 13.367 6.782
2160 47.0 13.027 6.697
2170 47.0 13.037 6.700
2180 47.0 13.033 6.712
2190 47.0 13.030 6.720
2200 47.0 13.028 6.724
2210 47.0 13.018 6.735
2220 47.0 13.017 6.747
2230 47.0 13.025 6.758
2240 47.0 13.016 6.775
2250 47.0 13.011 6.789
2260 47.0 13.016 6.790
2270 47.0 13.006 6.801
2280 47.0 13.015 6.803
2180 48.0 15.069 6.305
2190 48.0 14.964 6.327
2200 48.0 14.859 6.348
2210 48.0 14.745 6.199
2220 48.0 14.631 6.050
2230 48.0 14.402 5.940
2240 48.0 14.097 5.857
2250 48.0 13.693 5.785
2260 48.0 13.698 5.780
2270 48.0 13.684 5.771
2280 48.0 13.664 5.774
2290 48.0 13.659 5.763
2300 48.0 13.660 5.765
2310 48.0 13.666 5.764
2320 48.0 13.663 5.769
2330 48.0 13.669 5.774
2340 48.0 13.665 5.770
2350 48.0 13.662 5.761
2360 48.0 13.658 5.760
2370 48.0 13.657 5.746
2180 49.0 15.048 5.704
2190 49.0 14.752 5.715
2200 49.0 14.455 5.726
2210 49.0 14.240 5.603
2220 49.0 14.046 5.447
2230 49.0 13.784 5.303
2240 49.0 13.252 5.204
2250 49.0 12.775 5.179
2260 49.0 12.786 5.160
2270 49.0 12.780 5.156
2280 49.0 12.765 5.149
2290 49.0 12.750 5.158
2300 49.0 12.740 5.157
2310 49.0 12.744 5.155
2320 49.0 12.754 5.160
2330 49.0 12.757 5.156
2340 49.0 12.755 5.152
2350 49.0 12.765 5.148
2360 49.0 12.763 5.139
2370 49.0 12.766 5.133
2320 50.0 14.916 5.673
2330 50.0 14.406 5.728
2340 50.0 13.896 5.783
2350 50.0 13.400 5.840
2360 50.0 12.908 5.898
2370 50.0 12.417 5.956
2380 50.0 11.926 6.005
2390 50.0 11.432 6.043
2400 50.0 11.433 6.044
2410 50.0 11.434 6.047
2420 50.0 11.424 6.052
2430 50.0 11.419 6.054
2440 50.0 11.430 6.061
2450 50.0 11.424 6.049
2460 50.0 11.429 6.052
2470 50.0 11.439 6.049
2480 50.0 11.465 6.043
2490 50.0 11.470 6.046
2500 50.0 11.480 6.057
2510 50.0 11.502 6.053
2320 51.0 14.988 5.260
2330 51.0 14.474 5.309
2340 51.0 13.960 5.359
2350 51.0 13.446 5.408
2360 51.0 12.936 5.453
2370 51.0 12.426 5.497
2380 51.0 11.917 5.541
2390 51.0 11.407 5.585
2400 51.0 11.405 5.585
2410 51.0 11.383 5.588
2420 51.0 11.361 5.587
2430 51.0 11.371 5.578
2440 51.0 11.363 5.579
2450 51.0 11.354 5.592
2460 51.0 11.349 5.590
2470 51.0 11.334 5.605
2480 51.0 11.336 5.608
2490 51.0 11.345 5.602
2500 51.0 11.344 5.596
2510 51.0 11.331 5.591
2340 52.0 14.931 4.057
2350 52.0 14.401 4.057
2360 52.0 13.871 4.057
2370 52.0 13.346 4.053
2380 52.0 12.823 4.045
2390 52.0 12.300 4.037
2400 52.0 11.789 4.053
2410 52.0 11.291 4.092
2420 52.0 11.276 4.101
2430 52.0 11.241 4.121
2440 52.0 11.235 4.121
2450 52.0 11.201 4.125
2460 52.0 11.190 4.123
2470 52.0 11.175 4.132
2480 52.0 11.174 4.138
2490 52.0 11.166 4.140
2500 52.0 11.176 4.151
2510 52.0 11.165 4.160
2520 52.0 11.181 4.161
2530 52.0 11.169 4.186
2380 53.0 14.980 5.038
2390 53.0 14.506 5.060
2400 53.0 14.033 5.083
2410 53.0 13.559 5.105
2420 53.0 13.050 5.128
2430 53.0 12.537 5.151
2440 53.0 12.023 5.175
2450 53.0 11.510 5.198
2460 53.0 11.500 5.202
2470 53.0 11.486 5.206
2480 53.0 11.466 5.212
2490 53.0 11.446 5.224
2500 53.0 11.430 5.221
2510 53.0 11.426 5.228
2520 53.0 11.438 5.230
2530 53.0 11.434 5.234
2540 53.0 11.429 5.240
2550 53.0 11.422 5.246
2560 53.0 11.440 5.256
2570 53.0 11.443 5.259
2480 54.0 0.009 5.138
2490 54.0 0.470 5.115
2500 54.0 0.932 5.092
2510 54.0 1.394 5.069
2520 54.0 1.864 5.063
2530 54.0 2.340 5.069
2540 54.0 2.816 5.074
2550 54.0 3.292 5.080
2560 54.0 3.298 5.089
2570 54.0 3.332 5.083
2580 54.0 3.356 5.094
2590 54.0 3.370 5.110
2600 54.0 3.364 5.112
2610 54.0 3.356 5.121
2620 54.0 3.340 5.128
2630 54.0 3.338 5.123
2640 54.0 3.319 5.122
2650 54.0 3.310 5.132
2660 54.0 3.301 5.145
2670 54.0 3.279 5.147
2920 55.0 14.709 8.194
2930 55.0 13.989 8.020
2940 55.0 13.268 7.845
2950 55.0 12.502 7.649
2960 55.0 11.730 7.450
2970 55.0 10.995 7.313
2980 55.0 10.297 7.237
2990 55.0 9.582 7.162
3000 55.0 9.591 7.163
3010 55.0 9.500 7.127
3020 55.0 9.400 7.112
3030 55.0 9.254 7.088
3040 55.0 9.046 7.037
3050 55.0 8.955 7.023
3060 55.0 8.841 6.975
3070 55.0 8.623 6.931
3080 55.0 8.435 6.834
3090 55.0 8.387 6.815
3100 55.0 8.172 6.710
3110 55.0 8.132 6.617
2970 56.0 15.289 5.692
2980 56.0 14.687 5.782
2990 56.0 14.085 5.873
3000 56.0 13.482 5.963
3010 56.0 12.900 6.071
3020 56.0 12.326 6.187
3030 56.0 11.752 6.303
3040 56.0 11.188 6.421
3050 56.0 11.187 6.417
3060 56.0 11.152 6.424
3070 56.0 11.119 6.432
3080 56.0 11.090 6.422
3090 56.0 11.081 6.408
3100 56.0 11.074 6.398
3110 56.0 11.060 6.398
3120 56.0 11.039 6.395
3130 56.0 11.037 6.385
3140 56.0 11.022 6.383
3150 56.0 11.013 6.384
3160 56.0 10.991 6.377
2970 57.0 15.257 5.251
2980 57.0 14.683 5.309
2990 57.0 14.110 5.367
3000 57.0 13.536 5.424
3010 57.0 12.931 5.505
3020 57.0 12.312 5.597
3030 57.0 11.693 5.688
3040 57.0 11.093 5.787
3050 57.0 11.089 5.785
3060 57.0 11.058 5.782
3070 57.0 11.013 5.770
3080 57.0 10.974 5.756
3090 57.0 10.932 5.763
3100 57.0 10.914 5.747
3110 57.0 10.883 5.742
3120 57.0 10.862 5.733
3130 57.0 10.856 5.732
3140 57.0 10.844 5.726
3150 57.0 10.809 5.721
3160 57.0 10.781 5.709
3020 58.0 0.042 6.945
3030 58.0 0.412 6.909
3040 58.0 0.782 6.873
3050 58.0 1.152 6.836
3060 58.0 1.529 6.793
3070 58.0 1.910 6.748
3080 58.0 2.287 6.698
3090 58.0 2.635 6.616
3100 58.0 2.638 6.626
3110 58.0 2.651 6.635
3120 58.0 2.649 6.638
3130 58.0 2.646 6.635
3140 58.0 2.641 6.650
3150 58.0 2.634 6.665
3160 58.0 2.625 6.670
3170 58.0 2.617 6.681
3180 58.0 2.604 6.690
3190 58.0 2.600 6.707
3200 58.0 2.586 6.714
3210 58.0 2.586 6.721
3040 59.0 0.307 5.983
3050 59.0 0.709 5.970
3060 59.0 1.113 5.956
3070 59.0 1.515 5.943
3080 59.0 1.913 5.870
3090 59.0 2.310 5.797
3100 59.0 2.708 5.724
3110 59.0 3.115 5.650
3120 59.0 3.122 5.648
3130 59.0 3.140 5.650
3140 59.0 3.144 5.663
3150 59.0 3.158 5.665
3160 59.0 3.170 5.675
3170 59.0 3.157 5.694
3180 59.0 3.138 5.710
3190 59.0 3.123 5.719
3200 59.0 3.105 5.731
3210 59.0 3.095 5.736
3220 59.0 3.079 5.748
3230 59.0 3.066 5.754
3210 60.0 0.116 6.872
3220 60.0 0.592 6.748
3230 60.0 1.068 6.623
3240 60.0 1.543 6.589
3250 60.0 2.018 6.564
3260 60.0 2.493 6.540
3270 60.0 2.968 6.515
3280 60.0 3.494 6.508
3290 60.0 3.499 6.489
3300 60.0 3.533 6.497
3310 60.0 3.559 6.499
3320 60.0 3.581 6.495
3330 60.0 3.577 6.501
3340 60.0 3.578 6.505
3350 60.0 3.584 6.521
3360 60.0 3.581 6.518
3370 60.0 3.579 6.516
3380 60.0 3.559 6.530
3390 60.0 3.569 6.530
3400 60.0 3.546 6.544
3210 61.0 0.063 7.685
3220 61.0 0.512 7.549
3230 61.0 0.962 7.414
3240 61.0 1.411 7.278
3250 61.0 1.867 7.167
3260 61.0 2.336 7.113
3270 61.0 2.805 7.058
3280 61.0 3.274 7.004
3290 61.0 3.278 6.999
3300 61.0 3.303 6.997
3310 61.0 3.327 6.996
3320 61.0 3.344 7.015
3330 61.0 3.357 7.030
3340 61.0 3.355 7.031
3350 61.0 3.344 7.047
3360 61.0 3.352 7.043
3370 61.0 3.339 7.051
3380 61.0 3.336 7.053
3390 61.0 3.335 7.059
3400 61.0 3.329 7.059
3240 62.0 0.218 7.173
3250 62.0 0.664 7.138
3260 62.0 1.109 7.103
3270 62.0 1.555 7.068
3280 62.0 1.998 7.060
3290 62.0 2.440 7.055
3300 62.0 2.883 7.050
3310 62.0 3.325 7.045
3320 62.0 3.328 7.049
3330 62.0 3.334 7.053
3340 62.0 3.345 7.057
3350 62.0 3.354 7.064
3360 62.0 3.356 7.064
3370 62.0 3.363 7.064
3380 62.0 3.352 7.077
3390 62.0 3.332 7.078
3400 62.0 3.312 7.076
3410 62.0 3.309 7.076
3420 62.0 3.293 7.081
3430 62.0 3.265 7.091
3240 63.0 0.104 6.654
3250 63.0 0.512 6.603
3260 63.0 0.920 6.552
3270 63.0 1.328 6.502
3280 63.0 1.747 6.461
3290 63.0 2.168 6.422
3300 63.0 2.589 6.384
3310 63.0 3.054 6.364
3320 63.0 3.031 6.373
3330 63.0 3.040 6.384
3340 63.0 3.049 6.400
3350 63.0 3.042 6.408
3360 63.0 3.035 6.424
3370 63.0 3.029 6.440
3380 63.0 2.998 6.464
3390 63.0 2.992 6.490
3400 63.0 2.961 6.503
3410 63.0 2.934 6.530
3420 63.0 2.911 6.549
3430 63.0 2.899 6.548
3300 64.0 0.102 5.373
3310 64.0 0.707 5.404
3320 64.0 1.311 5.435
3330 64.0 1.915 5.465
3340 64.0 2.526 5.494
3350 64.0 3.137 5.524
3360 64.0 3.748 5.553
3370 64.0 4.359 5.582
3380 64.0 4.387 5.575
3390 64.0 4.448 5.562
3400 64.0 4.511 5.561
3410 64.0 4.560 5.563
3420 64.0 4.620 5.551
3430 64.0 4.657 5.540
3440 64.0 4.718 5.546
3450 64.0 4.763 5.547
3460 64.0 4.832 5.564
3470 64.0 4.873 5.564
3480 64.0 4.950 5.565
3490 64.0 4.998 5.568
3320 65.0 0.245 4.244
3330 65.0 0.841 4.224
3340 65.0 1.436 4.203
3350 65.0 2.031 4.183
3360 65.0 2.631 4.210
3370 65.0 3.232 4.258
3380 65.0 3.833 4.305
3390 65.0 4.453 4.348
3400 65.0 4.466 4.343
3410 65.0 4.523 4.356
3420 65.0 4.557 4.355
3430 65.0 4.599 4.353
3440 65.0 4.644 4.352
3450 65.0 4.685 4.337
3460 65.0 4.695 4.346
3470 65.0 4.775 4.332
3480 65.0 4.814 4.306
3490 65.0 4.818 4.325
3500 65.0 4.869 4.319
3510 65.0 4.926 4.318
3320 66.0 15.111 5.943
3330 66.0 14.560 6.034
3340 66.0 14.009 6.124
3350 66.0 13.472 6.231
3360 66.0 12.936 6.340
3370 66.0 12.426 6.463
3380 66.0 11.927 6.592
3390 66.0 11.428 6.722
3400 66.0 11.425 6.720
3410 66.0 11.406 6.719
3420 66.0 11.407 6.718
3430 66.0 11.401 6.714
3440 66.0 11.389 6.718
3450 66.0 11.405 6.706
3460 66.0 11.416 6.681
3470 66.0 11.424 6.668
3480 66.0 11.443 6.642
3490 66.0 11.449 6.633
3500 66.0 11.468 6.626
3510 66.0 11.486 6.624
3760 68.0 -0.069 5.244
3770 68.0 0.383 5.396
3780 68.0 0.836 5.548
3790 68.0 1.289 5.700
3800 68.0 1.726 5.824
3810 68.0 2.147 5.922
3820 68.0 2.568 6.020
3830 68.0 2.989 6.118
3840 68.0 2.998 6.115
3850 68.0 3.019 6.112
3860 68.0 3.017 6.104
3870 68.0 3.010 6.091
3880 68.0 3.007 6.086
3890 68.0 3.013 6.084
3900 68.0 3.022 6.062
3910 68.0 3.012 6.046
3920 68.0 3.006 6.034
3930 68.0 3.004 6.039
3940 68.0 2.995 6.032
3950 68.0 2.994 6.031
3910 69.0 15.206 5.762
3920 69.0 14.629 5.831
3930 69.0 14.052 5.900
3940 69.0 13.475 5.970
3950 69.0 12.915 6.063
3960 69.0 12.362 6.168
3970 69.0 11.810 6.272
3980 69.0 11.260 6.328
3990 69.0 11.235 6.332
4000 69.0 11.199 6.341
4010 69.0 11.173 6.354
4020 69.0 11.147 6.350
4030 69.0 11.126 6.356
4040 69.0 11.118 6.348
4050 69.0 11.095 6.331
4060 69.0 11.067 6.327
4070 69.0 11.050 6.322
4080 69.0 11.035 6.328
4090 69.0 11.049 6.320
4100 69.0 11.034 6.320
3920 70.0 14.899 5.079
3930 70.0 14.317 5.126
3940 70.0 13.735 5.174
3950 70.0 13.147 5.264
3960 70.0 12.549 5.418
3970 70.0 11.952 5.572
3980 70.0 11.363 5.693
3990 70.0 10.793 5.735
4000 70.0 10.776 5.748
4010 70.0 10.733 5.753
4020 70.0 10.694 5.752
4030 70.0 10.685 5.755
4040 70.0 10.661 5.764
4050 70.0 10.664 5.756
4060 70.0 10.636 5.728
4070 70.0 10.630 5.729
4080 70.0 10.632 5.714
4090 70.0 10.631 5.717
4100 70.0 10.611 5.711
4110 70.0 10.585 5.704
4000 71.0 -0.176 6.326
4010 71.0 0.422 6.203
4020 71.0 1.019 6.080
4030 71.0 1.617 5.956
4040 71.0 2.212 5.833
4050 71.0 2.805 5.710
4060 71.0 3.398 5.588
4070 71.0 3.975 5.471
4080 71.0 3.989 5.484
4090 71.0 4.033 5.463
4100 71.0 4.074 5.454
4110 71.0 4.131 5.447
4120 71.0 4.145 5.447
4130 71.0 4.180 5.442
4140 71.0 4.219 5.461
4150 71.0 4.258 5.459
4160 71.0 4.312 5.453
4170 71.0 4.392 5.431
4180 71.0 4.431 5.439
4190 71.0 4.477 5.434
4090 72.0 -0.145 4.711
4100 72.0 0.409 4.679
4110 72.0 0.963 4.647
4120 72.0 1.517 4.616
4130 72.0 2.096 4.587
4140 72.0 2.686 4.560
4150 72.0 3.275 4.532
4160 72.0 3.858 4.509
4170 72.0 3.867 4.498
4180 72.0 3.921 4.496
4190 72.0 3.959 4.499
4200 72.0 4.013 4.513
4210 72.0 4.025 4.514
4220 72.0 4.061 4.521
4230 72.0 4.081 4.526
4240 72.0 4.138 4.531
4250 72.0 4.161 4.538
4260 72.0 4.193 4.558
4270 72.0 4.235 4.559
4280 72.0 4.269 4.546
4250 73.0 -0.162 4.821
4260 73.0 0.348 4.821
4270 73.0 0.857 4.821
4280 73.0 1.366 4.821
4290 73.0 1.880 4.815
4300 73.0 2.398 4.804
4310 73.0 2.917 4.792
4320 73.0 3.435 4.780
4330 73.0 3.449 4.790
4340 73.0 3.461 4.796
4350 73.0 3.492 4.797
4360 73.0 3.502 4.804
4370 73.0 3.536 4.801
4380 73.0 3.520 4.798
4390 73.0 3.548 4.802
4400 73.0 3.548 4.806
4410 73.0 3.546 4.804
4420 73.0 3.541 4.805
4430 73.0 3.549 4.800
4440 73.0 3.545 4.807
4260 74.0 0.229 4.385
4270 74.0 0.709 4.365
4280 74.0 1.191 4.344
4290 74.0 1.672 4.324
4300 74.0 2.198 4.280
4310 74.0 2.735 4.229
4320 74.0 3.272 4.179
4330 74.0 3.809 4.129
4340 74.0 3.817 4.132
4350 74.0 3.841 4.144
4360 74.0 3.874 4.150
4370 74.0 3.894 4.158
4380 74.0 3.902 4.163
4390 74.0 3.884 4.182
4400 74.0 3.872 4.182
4410 74.0 3.893 4.190
4420 74.0 3.886 4.200
4430 74.0 3.872 4.216
4440 74.0 3.878 4.231
4450 74.0 3.882 4.252
4380 75.0 15.090 5.680
4390 75.0 14.459 5.697
4400 75.0 13.828 5.713
4410 75.0 13.202 5.729
4420 75.0 12.630 5.741
4430 75.0 12.058 5.754
4440 75.0 11.486 5.766
4450 75.0 10.914 5.742
4460 75.0 10.912 5.757
4470 75.0 10.878 5.762
4480 75.0 10.847 5.786
4490 75.0 10.816 5.790
4500 75.0 10.794 5.798
4510 75.0 10.777 5.794
4520 75.0 10.761 5.816
4530 75.0 10.741 5.821
4540 75.0 10.712 5.817
4550 75.0 10.698 5.824
4560 75.0 10.682 5.828
4570 75.0 10.671 5.831
4450 76.0 15.058 5.161
4460 76.0 14.521 5.221
4470 76.0 13.983 5.277
4480 76.0 13.434 5.309
4490 76.0 12.885 5.340
4500 76.0 12.348 5.339
4510 76.0 11.815 5.331
4520 76.0 11.281 5.322
4530 76.0 11.265 5.333
4540 76.0 11.243 5.338
4550 76.0 11.215 5.339
4560 76.0 11.189 5.332
4570 76.0 11.181 5.340
4580 76.0 11.166 5.339
4590 76.0 11.148 5.354
4600 76.0 11.136 5.351
4610 76.0 11.122 5.351
4620 76.0 11.112 5.372
4630 76.0 11.110 5.370
4640 76.0 11.109 5.379
4460 77.0 15.048 5.919
4470 77.0 14.518 5.989
4480 77.0 13.988 6.060
4490 77.0 13.455 6.134
4500 77.0 12.915 6.213
4510 77.0 12.375 6.293
4520 77.0 11.848 6.365
4530 77.0 11.352 6.419
4540 77.0 11.359 6.428
4550 77.0 11.344 6.435
4560 77.0 11.325 6.445
4570 77.0 11.320 6.442
4580 77.0 11.314 6.442
4590 77.0 11.313 6.439
4600 77.0 11.318 6.441
4610 77.0 11.307 6.451
4620 77.0 11.325 6.433
4630 77.0 11.325 6.420
4640 77.0 11.328 6.417
4650 77.0 11.334 6.407
4470 78.0 15.069 5.441
4480 78.0 14.520 5.514
4490 78.0 13.971 5.587
4500 78.0 13.389 5.659
4510 78.0 12.793 5.730
4520 78.0 12.196 5.802
4530 78.0 11.647 5.850
4540 78.0 11.117 5.889
4550 78.0 11.100 5.898
4560 78.0 11.060 5.908
4570 78.0 11.026 5.908
4580 78.0 11.009 5.915
4590 78.0 10.988 5.928
4600 78.0 10.979 5.919
4610 78.0 10.963 5.931
4620 78.0 10.954 5.919
4630 78.0 10.957 5.916
4640 78.0 10.937 5.921
4650 78.0 10.912 5.924
4660 78.0 10.912 5.928
4500 79.0 15.221 5.444
4510 79.0 14.672 5.433
4520 79.0 14.123 5.423
4530 79.0 13.538 5.366
4540 79.0 12.915 5.262
4550 79.0 12.296 5.167
4560 79.0 11.690 5.110
4570 79.0 11.084 5.053
4580 79.0 11.083 5.060
4590 79.0 11.017 5.074
4600 79.0 10.987 5.085
4610 79.0 10.962 5.094
4620 79.0 10.926 5.081
4630 79.0 10.877 5.099
4640 79.0 10.842 5.108
4650 79.0 10.800 5.118
4660 79.0 10.766 5.138
4670 79.0 10.716 5.146
4680 79.0 10.717 5.149
4690 79.0 10.692 5.151
4510 80.0 -0.112 4.699
4520 80.0 0.402 4.628
4530 80.0 0.917 4.557
4540 80.0 1.431 4.487
4550 80.0 1.954 4.454
4560 80.0 2.476 4.421
4570 80.0 2.997 4.391
4580 80.0 3.500 4.391
4590 80.0 3.516 4.385
4600 80.0 3.557 4.399
4610 80.0 3.594 4.408
4620 80.0 3.602 4.411
4630 80.0 3.635 4.415
4640 80.0 3.627 4.415
4650 80.0 3.633 4.418
4660 80.0 3.645 4.427
4670 80.0 3.623 4.427
4680 80.0 3.639 4.433
4690 80.0 3.638 4.447
4700 80.0 3.616 4.451
4520 81.0 0.289 3.911
4530 81.0 0.801 3.903
4540 81.0 1.313 3.895
4550 81.0 1.814 3.879
4560 81.0 2.297 3.851
4570 81.0 2.779 3.823
4580 81.0 3.262 3.795
4590 81.0 3.761 3.814
4600 81.0 3.774 3.815
4610 81.0 3.802 3.827
4620 81.0 3.826 3.829
4630 81.0 3.838 3.829
4640 81.0 3.845 3.831
4650 81.0 3.857 3.844
4660 81.0 3.869 3.846
4670 81.0 3.868 3.843
4680 81.0 3.881 3.844
4690 81.0 3.855 3.848
4700 81.0 3.872 3.856
4710 81.0 3.885 3.867
4780 86.0 15.150 5.395
4790 86.0 14.552 5.385
4800 86.0 13.955 5.376
4810 86.0 13.343 5.335
4820 86.0 12.712 5.247
4830 86.0 12.081 5.160
4840 86.0 11.434 5.076
4850 86.0 10.763 4.996
4860 86.0 10.755 5.021
4870 86.0 10.719 5.024
4880 86.0 10.673 5.036
4890 86.0 10.601 5.035
4900 86.0 10.569 5.024
4910 86.0 10.517 5.027
4920 86.0 10.461 5.034
4930 86.0 10.418 5.035
4940 86.0 10.360 5.034
4950 86.0 10.286 5.050
4960 86.0 10.202 5.043
4970 86.0 10.141 5.039
4790 87.0 14.722 6.141
4800 87.0 14.026 6.203
4810 87.0 13.340 6.240
4820 87.0 12.693 6.179
4830 87.0 12.046 6.117
4840 87.0 11.390 6.033
4850 87.0 10.725 5.928
4860 87.0 10.060 5.823
4870 87.0 10.072 5.833
4880 87.0 10.035 5.843
4890 87.0 9.976 5.833
4900 87.0 9.897 5.842
4910 87.0 9.829 5.849
4920 87.0 9.762 5.843
4930 87.0 9.701 5.843
4940 87.0 9.616 5.831
4950 87.0 9.515 5.845
4960 87.0 9.419 5.822
4970 87.0 9.309 5.819
4980 87.0 9.206 5.817
4790 88.0 0.185 8.452
4800 88.0 0.512 8.364
4810 88.0 0.840 8.275
4820 88.0 1.176 8.155
4830 88.0 1.514 8.028
4840 88.0 1.852 7.900
4850 88.0 2.203 7.882
4860 88.0 2.554 7.864
4870 88.0 2.556 7.866
4880 88.0 2.560 7.860
4890 88.0 2.562 7.862
4900 88.0 2.558 7.868
4910 88.0 2.556 7.870
4920 88.0 2.559 7.880
4930 88.0 2.548 7.883
4940 88.0 2.542 7.877
4950 88.0 2.532 7.900
4960 88.0 2.526 7.904
4970 88.0 2.514 7.906
4980 88.0 2.505 7.908
4830 89.0 0.138 4.918
4840 89.0 0.618 4.928
4850 89.0 1.098 4.937
4860 89.0 1.541 4.983
4870 89.0 1.969 5.045
4880 89.0 2.397 5.107
4890 89.0 2.793 5.157
4900 89.0 3.169 5.199
4910 89.0 3.173 5.204
4920 89.0 3.198 5.217
4930 89.0 3.201 5.224
4940 89.0 3.192 5.236
4950 89.0 3.180 5.239
4960 89.0 3.171 5.246
4970 89.0 3.161 5.250
4980 89.0 3.139 5.278
4990 89.0 3.125 5.279
5000 89.0 3.108 5.279
5010 89.0 3.094 5.291
5020 89.0 3.084 5.300
4830 90.0 -0.097 4.128
4840 90.0 0.251 4.190
4850 90.0 0.598 4.252
4860 90.0 0.961 4.304
4870 90.0 1.359 4.330
4880 90.0 1.756 4.357
4890 90.0 2.187 4.330
4900 90.0 2.639 4.268
4910 90.0 2.629 4.261
4920 90.0 2.653 4.263
4930 90.0 2.648 4.256
4940 90.0 2.646 4.251
4950 90.0 2.638 4.249
4960 90.0 2.636 4.249
4970 90.0 2.642 4.245
4980 90.0 2.629 4.251
4990 90.0 2.618 4.247
5000 90.0 2.614 4.262
5010 90.0 2.600 4.268
5020 90.0 2.582 4.268
4890 91.0 15.030 3.396
4900 91.0 14.411 3.789
4910 91.0 13.799 4.130
4920 91.0 13.194 4.418
4930 91.0 12.586 4.700
4940 91.0 11.954 4.920
4950 91.0 11.323 5.140
4960 91.0 10.711 5.388
4970 91.0 10.693 5.398
4980 91.0 10.614 5.445
4990 91.0 10.523 5.466
5000 91.0 10.475 5.514
5010 91.0 10.419 5.549
5020 91.0 10.375 5.585
5030 91.0 10.302 5.629
5040 91.0 10.236 5.689
5050 91.0 10.160 5.707
5060 91.0 10.054 5.782
5070 91.0 10.000 5.829
5080 91.0 9.903 5.876
4900 92.0 14.886 4.272
4910 92.0 14.345 4.590
4920 92.0 13.779 4.890
4930 92.0 13.118 5.118
4940 92.0 12.463 5.343
4950 92.0 11.867 5.552
4960 92.0 11.270 5.761
4970 92.0 10.655 5.984
4980 92.0 10.645 5.976
4990 92.0 10.600 5.987
5000 92.0 10.553 6.009
5010 92.0 10.504 6.031
5020 92.0 10.469 6.032
5030 92.0 10.444 6.040
5040 92.0 10.405 6.061
5050 92.0 10.366 6.061
5060 92.0 10.359 6.061
5070 92.0 10.334 6.070
5080 92.0 10.317 6.077
5090 92.0 10.285 6.104
4860 93.0 0.031 5.040
4870 93.0 0.507 5.140
4880 93.0 0.984 5.240
4890 93.0 1.394 5.213
4900 93.0 1.796 5.172
4910 93.0 2.180 5.136
4920 93.0 2.552 5.104
4930 93.0 2.924 5.072
4940 93.0 2.929 5.066
4950 93.0 2.939 5.061
4960 93.0 2.942 5.058
4970 93.0 2.947 5.071
4980 93.0 2.939 5.078
4990 93.0 2.920 5.081
5000 93.0 2.903 5.076
5010 93.0 2.886 5.078
5020 93.0 2.872 5.084
5030 93.0 2.844 5.094
5040 93.0 2.821 5.087
5050 93.0 2.813 5.094
4870 94.0 0.147 4.469
4880 94.0 0.568 4.497
4890 94.0 0.989 4.522
4900 94.0 1.410 4.545
4910 94.0 1.823 4.549
4920 94.0 2.224 4.527
4930 94.0 2.580 4.434
4940 94.0 2.833 4.180
4950 94.0 2.837 4.202
4960 94.0 2.847 4.207
4970 94.0 2.845 4.209
4980 94.0 2.851 4.209
4990 94.0 2.850 4.210
5000 94.0 2.848 4.220
5010 94.0 2.847 4.232
5020 94.0 2.840 4.246
5030 94.0 2.837 4.255
5040 94.0 2.827 4.276
5050 94.0 2.814 4.294
5060 94.0 2.810 4.300
5180 98.0 15.031 10.223
5190 98.0 14.645 10.064
5200 98.0 14.256 9.885
5210 98.0 13.860 9.660
5220 98.0 13.508 9.389
5230 98.0 13.187 9.088
5240 98.0 12.976 8.738
5250 98.0 12.813 8.366
5260 98.0 12.819 8.358
5270 98.0 12.822 8.331
5280 98.0 12.821 8.313
5290 98.0 12.809 8.288
5300 98.0 12.820 8.253
5310 98.0 12.821 8.252
5320 98.0 12.821 8.227
5330 98.0 12.840 8.224
5340 98.0 12.848 8.211
5350 98.0 12.845 8.202
5360 98.0 12.847 8.192
5370 98.0 12.848 8.178
5200 99.0 14.948 9.049
5210 99.0 14.591 8.821
5220 99.0 14.236 8.587
5230 99.0 13.901 8.305
5240 99.0 13.566 8.023
5250 99.0 13.203 7.701
5260 99.0 12.837 7.374
5270 99.0 12.456 7.064
5280 99.0 12.453 7.051
5290 99.0 12.438 7.029
5300 99.0 12.434 6.998
5310 99.0 12.420 6.965
5320 99.0 12.424 6.938
5330 99.0 12.424 6.918
5340 99.0 12.435 6.901
5350 99.0 12.435 6.875
5360 99.0 12.443 6.869
5370 99.0 12.442 6.862
5380 99.0 12.438 6.836
5390 99.0 12.432 6.819
5290 100.0 -0.065 4.590
5300 100.0 0.363 4.565
5310 100.0 0.791 4.540
5320 100.0 1.219 4.516
5330 100.0 1.637 4.531
5340 100.0 2.053 4.556
5350 100.0 2.468 4.581
5360 100.0 2.883 4.606
5370 100.0 2.894 4.610
5380 100.0 2.916 4.617
5390 100.0 2.937 4.620
5400 100.0 2.942 4.625
5410 100.0 2.925 4.629
5420 100.0 2.909 4.635
5430 100.0 2.895 4.647
5440 100.0 2.894 4.654
5450 100.0 2.882 4.651
5460 100.0 2.874 4.651
5470 100.0 2.854 4.655
5480 100.0 2.834 4.654
5290 101.0 -0.245 5.752
5300 101.0 0.472 5.990
5310 101.0 1.190 6.229
5320 101.0 1.871 6.444
5330 101.0 2.496 6.623
5340 101.0 3.122 6.802
5350 101.0 3.748 6.981
5360 101.0 4.336 7.033
5370 101.0 4.349 7.033
5380 101.0 4.451 7.063
5390 101.0 4.544 7.071
5400 101.0 4.623 7.097
5410 101.0 4.679 7.121
5420 101.0 4.799 7.133
5430 101.0 4.903 7.162
5440 101.0 4.975 7.199
5450 101.0 5.094 7.219
5460 101.0 5.200 7.271
5470 101.0 5.387 7.303
5480 101.0 5.452 7.333
5300 102.0 -0.021 4.294
5310 102.0 0.400 4.301
5320 102.0 0.821 4.309
5330 102.0 1.242 4.316
5340 102.0 1.663 4.316
5350 102.0 2.084 4.309
5360 102.0 2.505 4.302
5370 102.0 2.927 4.291
5380 102.0 2.922 4.296
5390 102.0 2.945 4.307
5400 102.0 2.951 4.315
5410 102.0 2.951 4.319
5420 102.0 2.938 4.315
5430 102.0 2.936 4.330
5440 102.0 2.924 4.340
5450 102.0 2.913 4.352
5460 102.0 2.902 4.357
5470 102.0 2.884 4.357
5480 102.0 2.866 4.358
5490 102.0 2.849 4.362
5370 103.0 15.128 8.476
5380 103.0 14.823 8.407
5390 103.0 14.519 8.338
5400 103.0 14.214 8.269
5410 103.0 13.909 8.200
5420 103.0 13.554 8.073
5430 103.0 13.186 7.931
5440 103.0 12.817 7.789
5450 103.0 12.815 7.783
5460 103.0 12.806 7.770
5470 103.0 12.796 7.764
5480 103.0 12.793 7.748
5490 103.0 12.796 7.756
5500 103.0 12.801 7.757
5510 103.0 12.803 7.752
5520 103.0 12.808 7.751
5530 103.0 12.826 7.757
5540 103.0 12.805 7.766
5550 103.0 12.795 7.770
5560 103.0 12.786 7.776
5390 104.0 15.139 7.925
5400 104.0 14.894 7.798
5410 104.0 14.648 7.671
5420 104.0 14.403 7.543
5430 104.0 14.136 7.462
5440 104.0 13.864 7.392
5450 104.0 13.592 7.322
5460 104.0 13.320 7.252
5470 104.0 13.316 7.228
5480 104.0 13.320 7.222
5490 104.0 13.314 7.223
5500 104.0 13.315 7.224
5510 104.0 13.314 7.220
5520 104.0 13.329 7.211
5530 104.0 13.324 7.199
5540 104.0 13.322 7.198
5550 104.0 13.329 7.201
5560 104.0 13.338 7.201
5570 104.0 13.338 7.190
5580 104.0 13.328 7.183
5410 105.0 15.019 8.333
5420 105.0 14.768 8.234
5430 105.0 14.516 8.134
5440 105.0 14.265 8.035
5450 105.0 13.948 7.961
5460 105.0 13.588 7.905
5470 105.0 13.228 7.848
5480 105.0 12.868 7.792
5490 105.0 12.868 7.789
5500 105.0 12.854 7.796
5510 105.0 12.843 7.784
5520 105.0 12.835 7.775
5530 105.0 12.831 7.774
5540 105.0 12.838 7.765
5550 105.0 12.845 7.764
5560 105.0 12.843 7.754
5570 105.0 12.826 7.743
5580 105.0 12.837 7.747
5590 105.0 12.846 7.743
5600 105.0 12.836 7.739
5500 106.0 14.836 4.320
5510 106.0 14.270 4.320
5520 106.0 13.704 4.320
5530 106.0 13.127 4.282
5540 106.0 12.533 4.188
5550 106.0 11.939 4.095
5560 106.0 11.381 4.063
5570 106.0 10.846 4.073
5580 106.0 10.833 4.071
5590 106.0 10.809 4.079
5600 106.0 10.784 4.087
5610 106.0 10.771 4.093
5620 106.0 10.740 4.098
5630 106.0 10.710 4.108
5640 106.0 10.677 4.117
5650 106.0 10.659 4.118
5660 106.0 10.640 4.123
5670 106.0 10.631 4.131
5680 106.0 10.610 4.140
5690 106.0 10.585 4.145
5560 107.0 0.013 5.579
5570 107.0 0.518 5.635
5580 107.0 1.023 5.690
5590 107.0 1.528 5.746
5600 107.0 2.002 5.790
5610 107.0 2.472 5.832
5620 107.0 2.943 5.874
5630 107.0 3.375 5.984
5640 107.0 3.383 5.991
5650 107.0 3.412 5.997
5660 107.0 3.417 6.013
5670 107.0 3.419 6.005
5680 107.0 3.425 5.994
5690 107.0 3.417 5.995
5700 107.0 3.414 6.002
5710 107.0 3.413 6.007
5720 107.0 3.401 6.010
5730 107.0 3.383 6.001
5740 107.0 3.377 6.004
5750 107.0 3.354 6.003
5580 108.0 0.048 4.877
5590 108.0 0.544 4.954
5600 108.0 1.039 5.031
5610 108.0 1.535 5.108
5620 108.0 1.987 5.224
5630 108.0 2.419 5.356
5640 108.0 2.852 5.489
5650 108.0 3.276 5.627
5660 108.0 3.277 5.633
5670 108.0 3.301 5.644
5680 108.0 3.322 5.643
5690 108.0 3.320 5.644
5700 108.0 3.314 5.649
5710 108.0 3.328 5.655
5720 108.0 3.319 5.651
5730 108.0 3.320 5.646
5740 108.0 3.303 5.637
5750 108.0 3.292 5.640
5760 108.0 3.294 5.643
5770 108.0 3.278 5.647
5580 109.0 14.863 4.555
5590 109.0 14.347 4.485
5600 109.0 13.831 4.416
5610 109.0 13.320 4.375
5620 109.0 12.822 4.399
5630 109.0 12.324 4.422
5640 109.0 11.863 4.483
5650 109.0 11.487 4.627
5660 109.0 11.476 4.641
5670 109.0 11.472 4.653
5680 109.0 11.461 4.662
5690 109.0 11.448 4.669
5700 109.0 11.429 4.671
5710 109.0 11.426 4.671
5720 109.0 11.421 4.680
5730 109.0 11.417 4.693
5740 109.0 11.419 4.705
5750 109.0 11.414 4.721
5760 109.0 11.429 4.716
5770 109.0 11.436 4.727
5580 110.0 14.814 4.229
5590 110.0 14.334 4.181
5600 110.0 13.854 4.134
5610 110.0 13.367 4.144
5620 110.0 12.878 4.161
5630 110.0 12.391 4.188
5640 110.0 11.920 4.303
5650 110.0 11.448 4.417
5660 110.0 11.442 4.421
5670 110.0 11.425 4.437
5680 110.0 11.412 4.454
5690 110.0 11.396 4.454
5700 110.0 11.382 4.469
5710 110.0 11.388 4.466
5720 110.0 11.381 4.465
5730 110.0 11.384 4.476
5740 110.0 11.397 4.483
5750 110.0 11.403 4.482
5760 110.0 11.418 4.499
5770 110.0 11.425 4.493
5610 111.0 -0.097 4.465
5620 111.0 0.436 4.458
5630 111.0 0.969 4.450
5640 111.0 1.501 4.443
5650 111.0 2.016 4.397
5660 111.0 2.511 4.312
5670 111.0 3.007 4.227
5680 111.0 3.447 4.131
5690 111.0 3.465 4.128
5700 111.0 3.502 4.131
5710 111.0 3.532 4.132
5720 111.0 3.549 4.139
5730 111.0 3.563 4.142
5740 111.0 3.570 4.150
5750 111.0 3.557 4.164
5760 111.0 3.569 4.171
5770 111.0 3.583 4.179
5780 111.0 3.580 4.191
5790 111.0 3.591 4.191
5800 111.0 3.592 4.208
5630 112.0 0.314 5.207
5640 112.0 0.837 5.157
5650 112.0 1.359 5.108
5660 112.0 1.835 5.004
5670 112.0 2.264 4.845
5680 112.0 2.692 4.686
5690 112.0 3.071 4.554
5700 112.0 3.437 4.430
5710 112.0 3.433 4.416
5720 112.0 3.466 4.406
5730 112.0 3.475 4.404
5740 112.0 3.493 4.400
5750 112.0 3.471 4.405
5760 112.0 3.466 4.398
5770 112.0 3.456 4.401
5780 112.0 3.455 4.412
5790 112.0 3.453 4.418
5800 112.0 3.421 4.442
5810 112.0 3.417 4.458
5820 112.0 3.408 4.460
5640 113.0 15.160 9.629
5650 113.0 14.709 9.334
5660 113.0 14.258 9.038
5670 113.0 13.839 8.757
5680 113.0 13.434 8.481
5690 113.0 13.029 8.209
5700 113.0 12.617 7.960
5710 113.0 12.204 7.712
5720 113.0 12.200 7.713
5730 113.0 12.177 7.714
5740 113.0 12.137 7.727
5750 113.0 12.087 7.724
5760 113.0 12.052 7.728
5770 113.0 12.007 7.724
5780 113.0 11.966 7.734
5790 113.0 11.939 7.738
5800 113.0 11.918 7.718
5810 113.0 11.900 7.697
5820 113.0 11.879 7.684
5830 113.0 11.849 7.683
5830 114.0 0.160 4.672
5840 114.0 0.856 4.527
5850 114.0 1.551 4.382
5860 114.0 2.295 4.264
5870 114.0 3.044 4.150
5880 114.0 3.788 4.014
5890 114.0 4.525 3.844
5900 114.0 5.262 3.675
5910 114.0 5.268 3.668
5920 114.0 5.361 3.653
5930 114.0 5.486 3.623
5940 114.0 5.570 3.598
5950 114.0 5.704 3.559
5960 114.0 5.855 3.542
5970 114.0 6.008 3.517
5980 114.0 6.132 3.518
5990 114.0 6.330 3.503
6000 114.0 6.582 3.476
6010 114.0 6.703 3.478
6020 114.0 7.223 3.391
5830 115.0 0.072 10.116
5840 115.0 0.222 9.860
5850 115.0 0.373 9.604
5860 115.0 0.542 9.349
5870 115.0 0.739 9.096
5880 115.0 0.937 8.842
5890 115.0 1.153 8.595
5900 115.0 1.444 8.375
5910 115.0 1.448 8.389
5920 115.0 1.470 8.381
5930 115.0 1.477 8.377
5940 115.0 1.491 8.387
5950 115.0 1.485 8.406
5960 115.0 1.492 8.424
5970 115.0 1.495 8.439
5980 115.0 1.507 8.448
5990 115.0 1.507 8.462
6000 115.0 1.512 8.479
6010 115.0 1.517 8.494
6020 115.0 1.512 8.506
5900 116.0 0.421 4.471
5910 116.0 1.052 4.391
5920 116.0 1.686 4.326
5930 116.0 2.340 4.385
5940 116.0 2.994 4.445
5950 116.0 3.643 4.541
5960 116.0 4.282 4.719
5970 116.0 4.921 4.898
5980 116.0 4.942 4.892
5990 116.0 5.026 4.905
6000 116.0 5.084 4.905
6010 116.0 5.166 4.897
6020 116.0 5.206 4.888
6030 116.0 5.300 4.889
6040 116.0 5.342 4.887
6050 116.0 5.427 4.863
6060 116.0 5.520 4.840
6070 116.0 5.629 4.830
6080 116.0 5.669 4.827
6090 116.0 5.801 4.834
6020 117.0 14.724 7.890
6030 117.0 14.118 7.728
6040 117.0 13.512 7.566
6050 117.0 12.823 7.446
6060 117.0 12.134 7.327
6070 117.0 11.460 7.360
6080 117.0 10.790 7.430
6090 117.0 10.112 7.499
6100 117.0 10.084 7.529
6110 117.0 10.011 7.525
6120 117.0 9.914 7.537
6130 117.0 9.835 7.541
6140 117.0 9.755 7.534
6150 117.0 9.698 7.545
6160 117.0 9.586 7.567
6170 117.0 9.487 7.567
6180 117.0 9.378 7.554
6190 117.0 9.283 7.540
6200 117.0 9.136 7.529
6210 117.0 8.992 7.523
6010 118.0 0.350 9.887
6020 118.0 0.378 9.565
6030 118.0 0.422 9.270
6040 118.0 0.535 9.079
6050 118.0 0.647 8.888
6060 118.0 0.792 8.724
6070 118.0 1.067 8.669
6080 118.0 1.342 8.614
6090 118.0 1.338 8.615
6100 118.0 1.338 8.627
6110 118.0 1.336 8.627
6120 118.0 1.345 8.620
6130 118.0 1.344 8.627
6140 118.0 1.342 8.634
6150 118.0 1.352 8.629
6160 118.0 1.363 8.637
6170 118.0 1.351 8.639
6180 118.0 1.346 8.652
6190 118.0 1.347 8.656
6200 118.0 1.348 8.661
6060 119.0 0.011 8.391
6070 119.0 0.378 8.322
6080 119.0 0.744 8.252
6090 119.0 1.111 8.183
6100 119.0 1.491 8.162
6110 119.0 1.878 8.162
6120 119.0 2.265 8.162
6130 119.0 2.652 8.162
6140 119.0 2.645 8.172
6150 119.0 2.658 8.189
6160 119.0 2.672 8.203
6170 119.0 2.658 8.222
6180 119.0 2.646 8.235
6190 119.0 2.634 8.249
6200 119.0 2.629 8.257
6210 119.0 2.615 8.268
6220 119.0 2.601 8.294
6230 119.0 2.590 8.307
6240 119.0 2.569 8.320
6250 119.0 2.563 8.338
6140 120.0 15.183 4.360
6150 120.0 14.718 4.396
6160 120.0 14.252 4.433
6170 120.0 13.787 4.469
6180 120.0 13.308 4.511
6190 120.0 12.817 4.558
6200 120.0 12.326 4.606
6210 120.0 11.859 4.675
6220 120.0 11.861 4.687
6230 120.0 11.844 4.702
6240 120.0 11.828 4.716
6250 120.0 11.829 4.716
6260 120.0 11.839 4.722
6270 120.0 11.842 4.721
6280 120.0 11.853 4.721
6290 120.0 11.874 4.715
6300 120.0 11.885 4.726
6310 120.0 11.899 4.741
6320 120.0 11.922 4.747
6330 120.0 11.934 4.740
6170 121.0 14.903 4.747
6180 121.0 14.349 4.898
6190 121.0 13.795 5.049
6200 121.0 13.257 5.181
6210 121.0 12.760 5.268
6220 121.0 12.263 5.355
6230 121.0 11.765 5.441
6240 121.0 11.267 5.507
6250 121.0 11.270 5.511
6260 121.0 11.260 5.494
6270 121.0 11.243 5.491
6280 121.0 11.232 5.477
6290 121.0 11.243 5.471
6300 121.0 11.252 5.457
6310 121.0 11.266 5.457
6320 121.0 11.275 5.447
6330 121.0 11.292 5.433
6340 121.0 11.307 5.417
6350 121.0 11.305 5.409
6360 121.0 11.305 5.394
6250 122.0 0.161 8.698
6260 122.0 0.314 8.481
6270 122.0 0.467 8.264
6280 122.0 0.639 8.066
6290 122.0 0.889 7.942
6300 122.0 1.138 7.818
6310 122.0 1.387 7.721
6320 122.0 1.634 7.651
6330 122.0 1.636 7.642
6340 122.0 1.631 7.630
6350 122.0 1.634 7.614
6360 122.0 1.650 7.600
6370 122.0 1.655 7.586
6380 122.0 1.660 7.575
6390 122.0 1.659 7.567
6400 122.0 1.658 7.560
6410 122.0 1.656 7.553
6420 122.0 1.650 7.540
6430 122.0 1.648 7.543
6440 122.0 1.651 7.545
6270 123.0 0.204 7.711
6280 123.0 0.486 7.487
6290 123.0 0.769 7.261
6300 123.0 1.052 7.036
6310 123.0 1.349 6.880
6320 123.0 1.652 6.754
6330 123.0 1.955 6.628
6340 123.0 2.267 6.521
6350 123.0 2.265 6.525
6360 123.0 2.283 6.519
6370 123.0 2.282 6.520
6380 123.0 2.277 6.507
6390 123.0 2.277 6.502
6400 123.0 2.285 6.498
6410 123.0 2.293 6.497
6420 123.0 2.284 6.500
6430 123.0 2.278 6.498
6440 123.0 2.268 6.497
6450 123.0 2.253 6.493
6460 123.0 2.257 6.487
6530 127.0 0.238 5.018
6540 127.0 0.800 5.170
6550 127.0 1.361 5.322
6560 127.0 1.922 5.474
6570 127.0 2.463 5.615
6580 127.0 3.002 5.756
6590 127.0 3.540 5.896
6600 127.0 4.088 6.012
6610 127.0 4.109 6.029
6620 127.0 4.160 6.050
6630 127.0 4.199 6.050
6640 127.0 4.228 6.057
6650 127.0 4.283 6.074
6660 127.0 4.304 6.081
6670 127.0 4.302 6.079
6680 127.0 4.302 6.091
6690 127.0 4.347 6.096
6700 127.0 4.372 6.104
6710 127.0 4.401 6.107
6720 127.0 4.416 6.102
6530 128.0 0.101 4.191
6540 128.0 0.696 4.339
6550 128.0 1.290 4.486
6560 128.0 1.884 4.634
6570 128.0 2.444 4.793
6580 128.0 2.989 4.959
6590 128.0 3.534 5.124
6600 128.0 4.079 5.289
6610 128.0 4.103 5.303
6620 128.0 4.130 5.313
6630 128.0 4.159 5.335
6640 128.0 4.171 5.334
6650 128.0 4.217 5.345
6660 128.0 4.224 5.345
6670 128.0 4.250 5.343
6680 128.0 4.245 5.347
6690 128.0 4.269 5.334
6700 128.0 4.322 5.347
6710 128.0 4.348 5.362
6720 128.0 4.368 5.366
6570 129.0 -0.027 5.444
6580 129.0 0.633 5.790
6590 129.0 1.294 6.135
6600 129.0 1.954 6.481
6610 129.0 2.652 6.794
6620 129.0 3.353 7.103
6630 129.0 4.049 7.371
6640 129.0 4.721 7.472
6650 129.0 4.704 7.490
6660 129.0 4.785 7.517
6670 129.0 4.865 7.562
6680 129.0 4.977 7.596
6690 129.0 5.053 7.625
6700 129.0 5.125 7.671
6710 129.0 5.276 7.703
6720 129.0 5.311 7.769
6730 129.0 5.387 7.802
6740 129.0 5.543 7.872
6750 129.0 5.630 7.932
6760 129.0 5.790 8.014
6750 130.0 0.021 9.475
6760 130.0 0.177 9.192
6770 130.0 0.333 8.909
6780 130.0 0.513 8.670
6790 130.0 0.751 8.531
6800 130.0 0.989 8.392
6810 130.0 1.245 8.250
6820 130.0 1.578 8.091
6830 130.0 1.581 8.094
6840 130.0 1.596 8.091
6850 130.0 1.603 8.095
6860 130.0 1.612 8.081
6870 130.0 1.621 8.083
6880 130.0 1.634 8.078
6890 130.0 1.652 8.083
6900 130.0 1.652 8.087
6910 130.0 1.660 8.099
6920 130.0 1.663 8.104
6930 130.0 1.668 8.110
6940 130.0 1.679 8.118
6770 131.0 0.193 8.095
6780 131.0 0.452 7.866
6790 131.0 0.711 7.636
6800 131.0 1.031 7.502
6810 131.0 1.357 7.379
6820 131.0 1.684 7.255
6830 131.0 1.983 7.228
6840 131.0 2.283 7.200
6850 131.0 2.281 7.197
6860 131.0 2.289 7.202
6870 131.0 2.291 7.207
6880 131.0 2.290 7.223
6890 131.0 2.298 7.215
6900 131.0 2.306 7.220
6910 131.0 2.313 7.224
6920 131.0 2.308 7.224
6930 131.0 2.301 7.227
6940 131.0 2.300 7.231
6950 131.0 2.293 7.240
6960 131.0 2.301 7.238
6930 132.0 14.850 5.756
6940 132.0 14.248 5.768
6950 132.0 13.623 5.779
6960 132.0 12.940 5.791
6970 132.0 12.257 5.802
6980 132.0 11.575 5.814
6990 132.0 10.903 5.836
7000 132.0 10.277 5.900
7010 132.0 10.268 5.920
7020 132.0 10.221 5.941
7030 132.0 10.167 5.942
7040 132.0 10.093 5.958
7050 132.0 10.039 5.979
7060 132.0 10.003 5.974
7070 132.0 9.933 5.988
7080 132.0 9.883 6.002
7090 132.0 9.839 6.016
7100 132.0 9.784 6.017
7110 132.0 9.724 6.024
7120 132.0 9.674 6.040
6950 133.0 0.084 5.012
6960 133.0 0.630 5.124
6970 133.0 1.176 5.235
6980 133.0 1.722 5.347
6990 133.0 2.300 5.434
7000 133.0 2.887 5.513
7010 133.0 3.474 5.593
7020 133.0 4.032 5.667
7030 133.0 4.058 5.675
7040 133.0 4.108 5.699
7050 133.0 4.152 5.704
7060 133.0 4.186 5.714
7070 133.0 4.213 5.709
7080 133.0 4.219 5.720
7090 133.0 4.236 5.720
7100 133.0 4.245 5.721
7110 133.0 4.291 5.716
7120 133.0 4.309 5.708
7130 133.0 4.340 5.716
7140 133.0 4.347 5.713
6950 134.0 -0.145 5.937
6960 134.0 0.427 6.011
6970 134.0 1.000 6.086
6980 134.0 1.572 6.160
6990 134.0 2.147 6.218
7000 134.0 2.727 6.250
7010 134.0 3.308 6.282
7020 134.0 3.888 6.315
7030 134.0 3.893 6.317
7040 134.0 3.932 6.325
7050 134.0 3.973 6.332
7060 134.0 3.999 6.325
7070 134.0 4.007 6.324
7080 134.0 4.013 6.323
7090 134.0 4.051 6.307
7100 134.0 4.057 6.299
7110 134.0 4.079 6.299
7120 134.0 4.100 6.288
7130 134.0 4.116 6.286
7140 134.0 4.121 6.278
7000 135.0 0.212 5.746
7010 135.0 0.651 5.686
7020 135.0 1.089 5.626
7030 135.0 1.553 5.652
7040 135.0 2.029 5.713
7050 135.0 2.504 5.775
7060 135.0 2.986 5.902
7070 135.0 3.473 6.074
7080 135.0 3.467 6.087
7090 135.0 3.487 6.093
7100 135.0 3.497 6.102
7110 135.0 3.507 6.101
7120 135.0 3.500 6.110
7130 135.0 3.495 6.115
7140 135.0 3.494 6.114
7150 135.0 3.481 6.118
7160 135.0 3.468 6.119
7170 135.0 3.456 6.129
7180 135.0 3.447 6.126
7190 135.0 3.443 6.114
7030 136.0 15.073 7.885
7040 136.0 14.685 7.741
7050 136.0 14.297 7.596
7060 136.0 13.909 7.452
7070 136.0 13.497 7.323
7080 136.0 13.027 7.232
7090 136.0 12.556 7.141
7100 136.0 12.086 7.050
7110 136.0 12.081 7.054
7120 136.0 12.074 7.061
7130 136.0 12.059 7.042
7140 136.0 12.045 7.040
7150 136.0 12.048 7.045
7160 136.0 12.045 7.041
7170 136.0 12.037 7.031
7180 136.0 12.032 7.024
7190 136.0 12.035 7.028
7200 136.0 12.038 7.021
7210 136.0 12.049 7.021
7220 136.0 12.049 7.013
7140 137.0 0.256 4.387
7150 137.0 0.682 4.473
7160 137.0 1.109 4.559
7170 137.0 1.536 4.645
7180 137.0 1.889 4.849
7190 137.0 2.233 5.066
7200 137.0 2.690 5.223
7210 137.0 3.195 5.354
7220 137.0 3.189 5.358
7230 137.0 3.195 5.353
7240 137.0 3.211 5.349
7250 137.0 3.222 5.345
7260 137.0 3.217 5.333
7270 137.0 3.227 5.321
7280 137.0 3.222 5.319
7290 137.0 3.213 5.319
7300 137.0 3.209 5.305
7310 137.0 3.196 5.286
7320 137.0 3.185 5.279
7330 137.0 3.183 5.273
7160 138.0 0.331 5.646
7170 138.0 0.894 5.680
7180 138.0 1.458 5.714
7190 138.0 1.981 5.769
7200 138.0 2.477 5.837
7210 138.0 2.974 5.905
7220 138.0 3.499 5.957
7230 138.0 4.033 6.005
7240 138.0 4.036 6.007
7250 138.0 4.074 6.004
7260 138.0 4.102 6.006
7270 138.0 4.124 6.002
7280 138.0 4.121 5.989
7290 138.0 4.131 5.994
7300 138.0 4.137 5.984
7310 138.0 4.131 5.990
7320 138.0 4.131 5.987
7330 138.0 4.128 5.988
7340 138.0 4.120 5.986
7350 138.0 4.111 5.979
7170 139.0 14.026 12.163
7180 139.0 13.968 11.759
7190 139.0 13.910 11.356
7200 139.0 13.837 10.950
7210 139.0 13.729 10.538
7220 139.0 13.620 10.126
7230 139.0 13.512 9.713
7240 139.0 13.329 9.344
7250 139.0 13.312 9.346
7260 139.0 13.300 9.332
7270 139.0 13.300 9.290
7280 139.0 13.298 9.234
7290 139.0 13.282 9.184
7300 139.0 13.261 9.151
7310 139.0 13.267 9.130
7320 139.0 13.259 9.107
7330 139.0 13.256 9.066
7340 139.0 13.249 9.034
7350 139.0 13.224 9.014
7360 139.0 13.233 8.992
7200 140.0 14.058 12.153
7210 140.0 13.913 11.773
7220 140.0 13.768 11.392
7230 140.0 13.624 11.013
7240 140.0 13.478 10.646
7250 140.0 13.332 10.279
7260 140.0 13.186 9.912
7270 140.0 13.050 9.541
7280 140.0 13.033 9.559
7290 140.0 13.045 9.519
7300 140.0 13.034 9.499
7310 140.0 13.036 9.496
7320 140.0 13.044 9.486
7330 140.0 13.059 9.454
7340 140.0 13.052 9.461
7350 140.0 13.052 9.440
7360 140.0 13.055 9.437
7370 140.0 13.064 9.425
7380 140.0 13.058 9.406
7390 140.0 13.059 9.399
7350 141.0 0.311 4.902
7360 141.0 0.930 4.987
7370 141.0 1.549 5.071
7380 141.0 2.168 5.155
7390 141.0 2.765 5.239
7400 141.0 3.362 5.323
7410 141.0 3.960 5.407
7420 141.0 4.569 5.491
7430 141.0 4.587 5.488
7440 141.0 4.657 5.489
7450 141.0 4.732 5.501
7460 141.0 4.752 5.509
7470 141.0 4.803 5.514
7480 141.0 4.858 5.513
7490 141.0 4.880 5.521
7500 141.0 4.921 5.513
7510 141.0 4.949 5.526
7520 141.0 5.030 5.545
7530 141.0 5.045 5.541
7540 141.0 5.131 5.544
7360 142.0 -0.140 5.497
7370 142.0 0.526 5.597
7380 142.0 1.191 5.697
7390 142.0 1.856 5.797
7400 142.0 2.511 5.905
7410 142.0 3.156 6.020
7420 142.0 3.801 6.136
7430 142.0 4.452 6.208
7440 142.0 4.465 6.216
7450 142.0 4.546 6.234
7460 142.0 4.618 6.239
7470 142.0 4.706 6.240
7480 142.0 4.774 6.258
7490 142.0 4.810 6.264
7500 142.0 4.901 6.282
7510 142.0 4.944 6.281
7520 142.0 5.052 6.295
7530 142.0 5.165 6.318
7540 142.0 5.287 6.335
7550 142.0 5.376 6.337
7430 143.0 15.272 7.911
7440 143.0 14.807 7.714
7450 143.0 14.343 7.516
7460 143.0 13.878 7.319
7470 143.0 13.437 7.193
7480 143.0 13.002 7.087
7490 143.0 12.566 6.980
7500 143.0 12.055 6.962
7510 143.0 12.051 6.952
7520 143.0 12.020 6.955
7530 143.0 12.009 6.949
7540 143.0 11.998 6.942
7550 143.0 11.983 6.944
7560 143.0 11.973 6.949
7570 143.0 11.968 6.946
7580 143.0 11.974 6.938
7590 143.0 11.972 6.931
7600 143.0 11.971 6.935
7610 143.0 11.971 6.933
7620 143.0 11.963 6.928
7480 144.0 -0.054 4.562
7490 144.0 0.407 4.631
7500 144.0 0.869 4.700
7510 144.0 1.331 4.769
7520 144.0 1.784 4.846
7530 144.0 2.231 4.928
7540 144.0 2.678 5.010
7550 144.0 3.120 5.135
7560 144.0 3.113 5.149
7570 144.0 3.132 5.154
7580 144.0 3.151 5.154
7590 144.0 3.137 5.157
7600 144.0 3.119 5.155
7610 144.0 3.105 5.151
7620 144.0 3.097 5.157
7630 144.0 3.091 5.154
7640 144.0 3.076 5.162
7650 144.0 3.064 5.154
7660 144.0 3.051 5.148
7670 144.0 3.043 5.152
7490 145.0 0.211 5.567
7500 145.0 0.641 5.624
7510 145.0 1.070 5.681
7520 145.0 1.519 5.776
7530 145.0 1.980 5.895
7540 145.0 2.441 6.014
7550 145.0 2.913 6.072
7560 145.0 3.384 6.129
7570 145.0 3.389 6.130
7580 145.0 3.414 6.133
7590 145.0 3.442 6.136
7600 145.0 3.448 6.144
7610 145.0 3.437 6.133
7620 145.0 3.460 6.125
7630 145.0 3.447 6.126
7640 145.0 3.427 6.127
7650 145.0 3.426 6.120
7660 145.0 3.417 6.131
7670 145.0 3.389 6.127
7680 145.0 3.366 6.122
7490 146.0 14.886 7.936
7500 146.0 14.520 7.865
7510 146.0 14.153 7.794
7520 146.0 13.818 7.695
7530 146.0 13.491 7.589
7540 146.0 13.160 7.487
7550 146.0 12.796 7.422
7560 146.0 12.433 7.357
7570 146.0 12.442 7.342
7580 146.0 12.428 7.328
7590 146.0 12.424 7.321
7600 146.0 12.421 7.305
7610 146.0 12.433 7.304
7620 146.0 12.443 7.296
7630 146.0 12.441 7.292
7640 146.0 12.443 7.281
7650 146.0 12.445 7.284
7660 146.0 12.458 7.277
7670 146.0 12.464 7.280
7680 146.0 12.480 7.277
7510 147.0 0.238 4.188
7520 147.0 0.821 4.224
7530 147.0 1.404 4.261
7540 147.0 1.968 4.338
7550 147.0 2.524 4.431
7560 147.0 3.080 4.525
7570 147.0 3.551 4.694
7580 147.0 4.013 4.871
7590 147.0 4.028 4.878
7600 147.0 4.061 4.889
7610 147.0 4.085 4.890
7620 147.0 4.098 4.899
7630 147.0 4.113 4.899
7640 147.0 4.120 4.904
7650 147.0 4.127 4.899
7660 147.0 4.134 4.908
7670 147.0 4.158 4.913
7680 147.0 4.157 4.925
7690 147.0 4.155 4.921
7700 147.0 4.146 4.922
7520 148.0 15.031 7.783
7530 148.0 14.653 7.568
7540 148.0 14.268 7.360
7550 148.0 13.832 7.215
7560 148.0 13.396 7.070
7570 148.0 12.950 6.945
7580 148.0 12.478 6.866
7590 148.0 12.055 6.788
7600 148.0 12.037 6.780
7610 148.0 12.024 6.769
7620 148.0 12.017 6.775
7630 148.0 12.018 6.787
7640 148.0 12.017 6.786
7650 148.0 12.021 6.788
7660 148.0 12.007 6.803
7670 148.0 12.020 6.800
7680 148.0 12.020 6.815
7690 148.0 12.022 6.818
7700 148.0 12.008 6.833
7710 148.0 11.998 6.821
7630 150.0 0.042 5.441
7640 150.0 0.508 5.535
7650 150.0 0.974 5.629
7660 150.0 1.431 5.718
7670 150.0 1.852 5.788
7680 150.0 2.273 5.858
7690 150.0 2.694 5.929
7700 150.0 3.115 5.995
7710 150.0 3.125 5.997
7720 150.0 3.152 6.000
7730 150.0 3.157 6.005
7740 150.0 3.166 6.002
7750 150.0 3.162 6.006
7760 150.0 3.167 5.996
7770 150.0 3.152 5.990
7780 150.0 3.142 5.984
7790 150.0 3.130 5.983
7800 150.0 3.114 5.976
7810 150.0 3.110 5.979
7820 150.0 3.105 5.970
7630 151.0 0.324 4.809
7640 151.0 0.767 4.957
7650 151.0 1.210 5.105
7660 151.0 1.656 5.219
7670 151.0 2.105 5.298
7680 151.0 2.554 5.378
7690 151.0 2.978 5.462
7700 151.0 3.378 5.552
7710 151.0 3.387 5.557
7720 151.0 3.428 5.570
7730 151.0 3.451 5.579
7740 151.0 3.459 5.589
7750 151.0 3.468 5.583
7760 151.0 3.455 5.588
7770 151.0 3.448 5.587
7780 151.0 3.445 5.580
7790 151.0 3.422 5.578
7800 151.0 3.420 5.561
7810 151.0 3.416 5.558
7820 151.0 3.406 5.559
7680 152.0 15.163 4.127
7690 152.0 14.650 4.149
7700 152.0 14.137 4.171
7710 152.0 13.624 4.194
7720 152.0 13.153 4.251
7730 152.0 12.700 4.323
7740 152.0 12.247 4.396
7750 152.0 11.805 4.450
7760 152.0 11.810 4.454
7770 152.0 11.792 4.461
7780 152.0 11.781 4.466
7790 152.0 11.775 4.475
7800 152.0 11.784 4.474
7810 152.0 11.802 4.472
7820 152.0 11.803 4.469
7830 152.0 11.811 4.475
7840 152.0 11.829 4.480
7850 152.0 11.846 4.477
7860 152.0 11.854 4.480
7870 152.0 11.867 4.484
7690 153.0 14.988 4.876
7700 153.0 14.475 4.913
7710 153.0 13.962 4.951
7720 153.0 13.449 4.988
7730 153.0 12.947 4.997
7740 153.0 12.445 5.006
7750 153.0 11.984 5.027
7760 153.0 11.583 5.066
7770 153.0 11.589 5.081
7780 153.0 11.560 5.089
7790 153.0 11.551 5.097
7800 153.0 11.549 5.097
7810 153.0 11.541 5.092
7820 153.0 11.538 5.103
7830 153.0 11.548 5.100
7840 153.0 11.558 5.097
7850 153.0 11.568 5.101
7860 153.0 11.569 5.097
7870 153.0 11.587 5.106
7880 153.0 11.603 5.109
7720 154.0 -0.100 4.878
7730 154.0 0.624 4.974
7740 154.0 1.348 5.069
7750 154.0 2.067 5.172
7760 154.0 2.742 5.336
7770 154.0 3.417 5.501
7780 154.0 4.094 5.661
7790 154.0 4.782 5.804
7800 154.0 4.789 5.824
7810 154.0 4.866 5.836
7820 154.0 4.965 5.833
7830 154.0 5.039 5.874
7840 154.0 5.190 5.891
7850 154.0 5.277 5.904
7860 154.0 5.405 5.938
7870 154.0 5.531 5.931
7880 154.0 5.775 5.947
7890 154.0 6.000 5.998
7900 154.0 6.123 6.010
7910 154.0 6.254 6.032
7720 155.0 15.299 4.655
7730 155.0 14.777 4.593
7740 155.0 14.255 4.531
7750 155.0 13.732 4.469
7760 155.0 13.191 4.367
7770 155.0 12.647 4.262
7780 155.0 12.103 4.155
7790 155.0 11.555 4.059
7800 155.0 11.546 4.060
7810 155.0 11.513 4.050
7820 155.0 11.494 4.053
7830 155.0 11.463 4.058
7840 155.0 11.458 4.048
7850 155.0 11.428 4.041
7860 155.0 11.406 4.034
7870 155.0 11.398 4.028
7880 155.0 11.385 4.026
7890 155.0 11.386 4.015
7900 155.0 11.352 4.016
7910 155.0 11.321 4.008
7780 156.0 0.105 5.704
7790 156.0 0.539 5.786
7800 156.0 0.973 5.868
7810 156.0 1.407 5.950
7820 156.0 1.858 6.016
7830 156.0 2.313 6.077
7840 156.0 2.768 6.139
7850 156.0 3.231 6.246
7860 156.0 3.254 6.256
7870 156.0 3.277 6.264
7880 156.0 3.295 6.267
7890 156.0 3.295 6.262
7900 156.0 3.285 6.267
7910 156.0 3.282 6.267
7920 156.0 3.284 6.277
7930 156.0 3.265 6.273
7940 156.0 3.261 6.269
7950 156.0 3.243 6.268
7960 156.0 3.227 6.268
7970 156.0 3.209 6.267
7780 157.0 -0.080 4.626
7790 157.0 0.397 4.718
7800 157.0 0.875 4.810
7810 157.0 1.349 4.904
7820 157.0 1.794 5.019
7830 157.0 2.238 5.134
7840 157.0 2.670 5.224
7850 157.0 3.083 5.277
7860 157.0 3.091 5.271
7870 157.0 3.115 5.269
7880 157.0 3.122 5.259
7890 157.0 3.146 5.273
7900 157.0 3.161 5.262
7910 157.0 3.158 5.250
7920 157.0 3.150 5.240
7930 157.0 3.136 5.244
7940 157.0 3.117 5.236
7950 157.0 3.100 5.238
7960 157.0 3.086 5.240
7970 157.0 3.067 5.235
7780 158.0 0.201 4.824
7790 158.0 0.683 4.961
7800 158.0 1.164 5.097
7810 158.0 1.623 5.194
7820 158.0 2.051 5.233
7830 158.0 2.479 5.271
7840 158.0 2.910 5.332
7850 158.0 3.348 5.445
7860 158.0 3.353 5.446
7870 158.0 3.381 5.452
7880 158.0 3.395 5.441
7890 158.0 3.402 5.447
7900 158.0 3.399 5.441
7910 158.0 3.388 5.443
7920 158.0 3.389 5.449
7930 158.0 3.354 5.450
7940 158.0 3.349 5.459
7950 158.0 3.337 5.455
7960 158.0 3.319 5.452
7970 158.0 3.308 5.441
7900 159.0 14.981 4.982
7910 159.0 14.437 4.954
7920 159.0 13.892 4.926
7930 159.0 13.347 4.898
7940 159.0 12.830 4.977
7950 159.0 12.321 5.083
7960 159.0 11.811 5.189
7970 159.0 11.301 5.296
7980 159.0 11.305 5.315
7990 159.0 11.287 5.322
8000 159.0 11.260 5.320
8010 159.0 11.236 5.326
8020 159.0 11.219 5.314
8030 159.0 11.205 5.320
8040 159.0 11.192 5.320
8050 159.0 11.194 5.321
8060 159.0 11.186 5.317
8070 159.0 11.182 5.319
8080 159.0 11.195 5.318
8090 159.0 11.210 5.310
7990 160.0 14.899 4.866
8000 160.0 14.262 4.936
8010 160.0 13.624 5.006
8020 160.0 12.986 5.077
8030 160.0 12.389 5.148
8040 160.0 11.797 5.220
8050 160.0 11.205 5.293
8060 160.0 10.613 5.365
8070 160.0 10.616 5.379
8080 160.0 10.561 5.378
8090 160.0 10.506 5.382
8100 160.0 10.463 5.368
8110 160.0 10.431 5.364
8120 160.0 10.388 5.361
8130 160.0 10.360 5.359
8140 160.0 10.328 5.353
8150 160.0 10.298 5.345
8160 160.0 10.259 5.341
8170 160.0 10.216 5.345
8180 160.0 10.151 5.342
8150 161.0 9.706 12.299
8160 161.0 9.718 11.850
8170 161.0 9.731 11.401
8180 161.0 9.743 10.952
8190 161.0 9.756 10.502
8200 161.0 9.760 10.041
8210 161.0 9.731 9.531
8220 161.0 9.702 9.021
8230 161.0 9.702 9.040
8240 161.0 9.694 8.990
8250 161.0 9.691 8.928
8260 161.0 9.713 8.840
8270 161.0 9.705 8.778
8280 161.0 9.704 8.710
8290 161.0 9.711 8.633
8300 161.0 9.730 8.544
8310 161.0 9.769 8.494
8320 161.0 9.754 8.414
8330 161.0 9.796 8.319
8340 161.0 9.811 8.218
8180 162.0 0.146 4.256
8190 162.0 0.765 4.341
8200 162.0 1.384 4.425
8210 162.0 2.003 4.509
8220 162.0 2.589 4.655
8230 162.0 3.162 4.826
8240 162.0 3.734 4.998
8250 162.0 4.323 5.171
8260 162.0 4.356 5.186
8270 162.0 4.393 5.212
8280 162.0 4.462 5.220
8290 162.0 4.490 5.237
8300 162.0 4.536 5.257
8310 162.0 4.577 5.268
8320 162.0 4.620 5.274
8330 162.0 4.675 5.292
8340 162.0 4.737 5.300
8350 162.0 4.802 5.310
8360 162.0 4.843 5.323
8370 162.0 4.920 5.348
8190 163.0 0.370 4.794
8200 163.0 0.984 4.883
8210 163.0 1.597 4.981
8220 163.0 2.198 5.152
8230 163.0 2.799 5.322
8240 163.0 3.389 5.495
8250 163.0 3.953 5.672
8260 163.0 4.516 5.849
8270 163.0 4.520 5.857
8280 163.0 4.555 5.875
8290 163.0 4.607 5.902
8300 163.0 4.650 5.930
8310 163.0 4.683 5.941
8320 163.0 4.748 5.966
8330 163.0 4.795 5.978
8340 163.0 4.822 6.007
8350 163.0 4.857 6.033
8360 163.0 4.900 6.058
8370 163.0 4.911 6.077
8380 163.0 4.986 6.093
8250 164.0 14.841 5.937
8260 164.0 14.324 5.982
8270 164.0 13.806 6.027
8280 164.0 13.288 6.072
8290 164.0 12.799 6.247
8300 164.0 12.322 6.478
8310 164.0 11.845 6.709
8320 164.0 11.384 6.892
8330 164.0 11.384 6.899
8340 164.0 11.376 6.910
8350 164.0 11.380 6.931
8360 164.0 11.391 6.937
8370 164.0 11.411 6.943
8380 164.0 11.424 6.961
8390 164.0 11.454 6.966
8400 164.0 11.468 6.971
8410 164.0 11.477 6.982
8420 164.0 11.503 6.970
8430 164.0 11.523 6.976
8440 164.0 11.544 6.982
8270 165.0 14.939 2.586
8280 165.0 14.495 3.225
8290 165.0 14.051 3.865
8300 165.0 13.543 4.391
8310 165.0 12.938 4.749
8320 165.0 12.333 5.107
8330 165.0 11.789 5.436
8340 165.0 11.245 5.766
8350 165.0 11.252 5.777
8360 165.0 11.190 5.842
8370 165.0 11.137 5.883
8380 165.0 11.065 5.920
8390 165.0 10.998 5.953
8400 165.0 10.976 6.020
8410 165.0 10.928 6.105
8420 165.0 10.821 6.179
8430 165.0 10.731 6.255
8440 165.0 10.632 6.303
8450 165.0 10.514 6.452
8460 165.0 10.401 6.534
8300 166.0 13.021 13.480
8310 166.0 13.094 13.100
8320 166.0 13.166 12.719
8330 166.0 13.238 12.339
8340 166.0 13.270 11.955
8350 166.0 13.302 11.572
8360 166.0 13.334 11.189
8370 166.0 13.335 10.807
8380 166.0 13.336 10.808
8390 166.0 13.354 10.780
8400 166.0 13.371 10.760
8410 166.0 13.382 10.736
8420 166.0 13.378 10.724
8430 166.0 13.379 10.706
8440 166.0 13.385 10.682
8450 166.0 13.398 10.683
8460 166.0 13.404 10.676
8470 166.0 13.400 10.662
8480 166.0 13.397 10.662
8490 166.0 13.395 10.661
8310 167.0 14.185 12.315
8320 167.0 14.156 11.870
8330 167.0 14.127 11.426
8340 167.0 14.095 10.980
8350 167.0 14.039 10.518
8360 167.0 13.983 10.057
8370 167.0 13.925 9.594
8380 167.0 13.852 9.117
8390 167.0 13.842 9.133
8400 167.0 13.871 9.078
8410 167.0 13.888 9.045
8420 167.0 13.907 8.989
8430 167.0 13.920 8.929
8440 167.0 13.957 8.863
8450 167.0 13.967 8.806
8460 167.0 13.987 8.757
8470 167.0 14.016 8.712
8480 167.0 14.023 8.636
8490 167.0 14.031 8.608
8500 167.0 14.047 8.463
8310 168.0 15.053 7.960
8320 168.0 14.677 7.844
8330 168.0 14.302 7.727
8340 168.0 13.926 7.611
8350 168.0 13.536 7.505
8360 168.0 13.121 7.412
8370 168.0 12.707 7.320
8380 168.0 12.297 7.236
8390 168.0 12.293 7.229
8400 168.0 12.282 7.230
8410 168.0 12.277 7.235
8420 168.0 12.267 7.230
8430 168.0 12.268 7.211
8440 168.0 12.271 7.200
8450 168.0 12.278 7.188
8460 168.0 12.283 7.173
8470 168.0 12.287 7.168
8480 168.0 12.299 7.161
8490 168.0 12.304 7.162
8500 168.0 12.306 7.155
8300 169.0 15.113 3.800
8310 169.0 14.579 4.131
8320 169.0 14.045 4.461
8330 169.0 13.510 4.791
8340 169.0 12.977 5.117
8350 169.0 12.444 5.443
8360 169.0 11.917 5.756
8370 169.0 11.417 6.014
8380 169.0 11.409 6.038
8390 169.0 11.370 6.076
8400 169.0 11.353 6.102
8410 169.0 11.328 6.141
8420 169.0 11.291 6.175
8430 169.0 11.249 6.212
8440 169.0 11.226 6.245
8450 169.0 11.195 6.293
8460 169.0 11.173 6.334
8470 169.0 11.135 6.356
8480 169.0 11.100 6.399
8490 169.0 11.049 6.445
8310 170.0 -0.081 5.438
8320 170.0 0.400 5.609
8330 170.0 0.881 5.779
8340 170.0 1.362 5.950
8350 170.0 1.842 6.106
8360 170.0 2.317 6.206
8370 170.0 2.792 6.306
8380 170.0 3.270 6.395
8390 170.0 3.281 6.398
8400 170.0 3.302 6.401
8410 170.0 3.327 6.398
8420 170.0 3.350 6.396
8430 170.0 3.339 6.400
8440 170.0 3.347 6.399
8450 170.0 3.350 6.401
8460 170.0 3.347 6.387
8470 170.0 3.347 6.392
8480 170.0 3.366 6.385
8490 170.0 3.372 6.374
8500 170.0 3.378 6.381
8340 171.0 15.074 7.565
8350 171.0 14.603 7.335
8360 171.0 14.131 7.106
8370 171.0 13.640 6.893
8380 171.0 13.117 6.704
8390 171.0 12.594 6.515
8400 171.0 12.067 6.380
8410 171.0 11.533 6.301
8420 171.0 11.516 6.312
8430 171.0 11.487 6.333
8440 171.0 11.446 6.331
8450 171.0 11.399 6.316
8460 171.0 11.359 6.335
8470 171.0 11.360 6.315
8480 171.0 11.328 6.313
8490 171.0 11.297 6.304
8500 171.0 11.283 6.291
8510 171.0 11.243 6.288
8520 171.0 11.207 6.274
8530 171.0 11.161 6.248
8470 172.0 0.028 7.324
8480 172.0 0.415 7.218
8490 172.0 0.803 7.111
8500 172.0 1.191 7.004
8510 172.0 1.578 6.897
8520 172.0 1.999 6.848
8530 172.0 2.420 6.800
8540 172.0 2.841 6.751
8550 172.0 2.842 6.736
8560 172.0 2.853 6.739
8570 172.0 2.867 6.736
8580 172.0 2.872 6.733
8590 172.0 2.874 6.732
8600 172.0 2.862 6.736
8610 172.0 2.855 6.730
8620 172.0 2.843 6.732
8630 172.0 2.843 6.733
8640 172.0 2.826 6.732
8650 172.0 2.803 6.739
8660 172.0 2.805 6.756
8480 173.0 0.268 6.451
8490 173.0 0.634 6.274
8500 173.0 1.001 6.097
8510 173.0 1.391 5.944
8520 173.0 1.818 5.828
8530 173.0 2.245 5.712
8540 173.0 2.672 5.596
8550 173.0 3.142 5.623
8560 173.0 3.139 5.624
8570 173.0 3.157 5.620
8580 173.0 3.165 5.621
8590 173.0 3.171 5.633
8600 173.0 3.166 5.654
8610 173.0 3.161 5.667
8620 173.0 3.145 5.682
8630 173.0 3.143 5.704
8640 173.0 3.141 5.708
8650 173.0 3.134 5.722
8660 173.0 3.118 5.725
8670 173.0 3.107 5.721
8710 174.0 0.093 7.327
8720 174.0 0.245 7.208
8730 174.0 0.396 7.088
8740 174.0 0.547 6.969
8750 174.0 0.560 6.969
8760 174.0 0.573 6.969
8770 174.0 0.586 6.969
8780 174.0 0.599 6.969
8790 174.0 0.601 6.973
8800 174.0 0.594 6.977
8810 174.0 0.594 6.974
8820 174.0 0.594 6.975
8830 174.0 0.601 6.973
8840 174.0 0.597 6.966
8850 174.0 0.597 6.959
8860 174.0 0.594 6.964
8870 174.0 0.595 6.960
8880 174.0 0.593 6.964
8890 174.0 0.595 6.962
8900 174.0 0.594 6.965
8800 175.0 0.015 4.925
8810 175.0 0.493 4.841
8820 175.0 0.971 4.757
8830 175.0 1.449 4.673
8840 175.0 1.935 4.622
8850 175.0 2.455 4.699
8860 175.0 2.975 4.776
8870 175.0 3.495 4.853
8880 175.0 3.502 4.872
8890 175.0 3.528 4.873
8900 175.0 3.538 4.878
8910 175.0 3.561 4.887
8920 175.0 3.554 4.891
8930 175.0 3.554 4.905
8940 175.0 3.560 4.917
8950 175.0 3.566 4.923
8960 175.0 3.565 4.920
8970 175.0 3.562 4.931
8980 175.0 3.562 4.932
8990 175.0 3.541 4.941
8810 176.0 0.284 5.448
8820 176.0 0.861 5.359
8830 176.0 1.437 5.271
8840 176.0 1.989 5.256
8850 176.0 2.515 5.316
8860 176.0 3.041 5.376
8870 176.0 3.578 5.467
8880 176.0 4.139 5.633
8890 176.0 4.150 5.627
8900 176.0 4.187 5.634
8910 176.0 4.229 5.635
8920 176.0 4.257 5.652
8930 176.0 4.262 5.641
8940 176.0 4.278 5.638
8950 176.0 4.269 5.642
8960 176.0 4.287 5.624
8970 176.0 4.282 5.630
8980 176.0 4.291 5.641
8990 176.0 4.308 5.637
9000 176.0 4.318 5.628
8880 177.0 14.763 4.139
8890 177.0 14.191 4.207
8900 177.0 13.620 4.275
8910 177.0 13.049 4.344
8920 177.0 12.506 4.422
8930 177.0 12.029 4.526
8940 177.0 11.552 4.629
8950 177.0 11.090 4.722
8960 177.0 11.102 4.720
8970 177.0 11.084 4.733
8980 177.0 11.058 4.738
8990 177.0 11.048 4.750
9000 177.0 11.060 4.738
9010 177.0 11.075 4.723
9020 177.0 11.086 4.711
9030 177.0 11.090 4.697
9040 177.0 11.105 4.698
9050 177.0 11.099 4.702
9060 177.0 11.115 4.707
9070 177.0 11.130 4.697
8900 178.0 14.694 4.472
8910 178.0 14.029 4.634
8920 178.0 13.364 4.796
8930 178.0 12.731 4.925
8940 178.0 12.145 5.007
8950 178.0 11.560 5.089
8960 178.0 11.012 5.157
8970 178.0 10.617 5.167
8980 178.0 10.616 5.164
8990 178.0 10.581 5.159
9000 178.0 10.555 5.157
9010 178.0 10.531 5.164
9020 178.0 10.521 5.160
9030 178.0 10.492 5.164
9040 178.0 10.497 5.154
9050 178.0 10.502 5.144
9060 178.0 10.480 5.133
9070 178.0 10.476 5.118
9080 178.0 10.452 5.113
9090 178.0 10.443 5.111
9110 179.0 0.138 10.109
9120 179.0 0.291 9.921
9130 179.0 0.444 9.733
9140 179.0 0.597 9.545
9150 179.0 0.716 9.355
9160 179.0 0.800 9.165
9170 179.0 0.884 8.974
9180 179.0 1.070 8.834
9190 179.0 1.071 8.836
9200 179.0 1.072 8.831
9210 179.0 1.081 8.831
9220 179.0 1.083 8.830
9230 179.0 1.081 8.830
9240 179.0 1.089 8.839
9250 179.0 1.087 8.843
9260 179.0 1.087 8.840
9270 179.0 1.085 8.845
9280 179.0 1.091 8.850
9290 179.0 1.090 8.856
9300 179.0 1.089 8.863
9180 180.0 0.302 4.111
9190 180.0 0.780 4.124
9200 180.0 1.258 4.137
9210 180.0 1.735 4.150
9220 180.0 2.207 4.228
9230 180.0 2.677 4.323
9240 180.0 3.147 4.417
9250 180.0 3.617 4.511
9260 180.0 3.632 4.518
9270 180.0 3.648 4.537
9280 180.0 3.675 4.550
9290 180.0 3.677 4.561
9300 180.0 3.688 4.582
9310 180.0 3.676 4.576
9320 180.0 3.664 4.589
9330 180.0 3.663 4.581
9340 180.0 3.654 4.584
9350 180.0 3.639 4.585
9360 180.0 3.615 4.588
9370 180.0 3.611 4.591
9210 181.0 0.147 4.081
9220 181.0 0.579 4.094
9230 181.0 1.011 4.106
9240 181.0 1.443 4.119
9250 181.0 1.881 4.137
9260 181.0 2.344 4.179
9270 181.0 2.805 4.220
9280 181.0 3.268 4.262
9290 181.0 3.274 4.260
9300 181.0 3.301 4.269
9310 181.0 3.300 4.269
9320 181.0 3.310 4.272
9330 181.0 3.302 4.271
9340 181.0 3.294 4.263
9350 181.0 3.281 4.268
9360 181.0 3.266 4.270
9370 181.0 3.267 4.280
9380 181.0 3.254 4.285
9390 181.0 3.233 4.279
9400 181.0 3.220 4.272
9220 182.0 0.147 4.200
9230 182.0 0.583 4.217
9240 182.0 1.018 4.233
9250 182.0 1.453 4.245
9260 182.0 1.888 4.215
9270 182.0 2.322 4.185
9280 182.0 2.756 4.156
9290 182.0 3.193 4.246
9300 182.0 3.182 4.246
9310 182.0 3.209 4.253
9320 182.0 3.205 4.263
9330 182.0 3.209 4.281
9340 182.0 3.209 4.288
9350 182.0 3.202 4.288
9360 182.0 3.199 4.298
9370 182.0 3.172 4.302
9380 182.0 3.149 4.306
9390 182.0 3.140 4.309
9400 182.0 3.117 4.320
9410 182.0 3.091 4.324
9300 183.0 15.105 6.548
9310 183.0 14.718 6.625
9320 183.0 14.331 6.702
9330 183.0 13.944 6.779
9340 183.0 13.527 6.744
9350 183.0 13.098 6.661
9360 183.0 12.667 6.582
9370 183.0 12.219 6.528
9380 183.0 12.229 6.532
9390 183.0 12.230 6.552
9400 183.0 12.212 6.563
9410 183.0 12.206 6.588
9420 183.0 12.219 6.599
9430 183.0 12.225 6.602
9440 183.0 12.235 6.612
9450 183.0 12.247 6.610
9460 183.0 12.260 6.616
9470 183.0 12.270 6.619
9480 183.0 12.288 6.624
9490 183.0 12.304 6.635
9300 184.0 15.224 7.193
9310 184.0 14.785 7.229
9320 184.0 14.345 7.264
9330 184.0 13.906 7.299
9340 184.0 13.465 7.322
9350 184.0 13.023 7.297
9360 184.0 12.580 7.272
9370 184.0 12.138 7.231
9380 184.0 12.139 7.241
9390 184.0 12.124 7.244
9400 184.0 12.110 7.249
9410 184.0 12.106 7.248
9420 184.0 12.110 7.255
9430 184.0 12.104 7.265
9440 184.0 12.123 7.270
9450 184.0 12.137 7.278
9460 184.0 12.160 7.298
9470 184.0 12.174 7.296
9480 184.0 12.189 7.321
9490 184.0 12.199 7.336
9490 185.0 14.917 6.788
9500 185.0 14.341 6.903
9510 185.0 13.764 7.017
9520 185.0 13.238 7.099
9530 185.0 12.712 7.182
9540 185.0 12.189 7.228
9550 185.0 11.671 7.219
9560 185.0 11.153 7.209
9570 185.0 11.151 7.209
9580 185.0 11.127 7.200
9590 185.0 11.124 7.191
9600 185.0 11.109 7.182
9610 185.0 11.095 7.181
9620 185.0 11.096 7.173
9630 185.0 11.074 7.173
9640 185.0 11.068 7.171
9650 185.0 11.075 7.159
9660 185.0 11.087 7.160
9670 185.0 11.078 7.149
9680 185.0 11.088 7.131
9540 186.0 15.217 9.089
9550 186.0 14.953 8.979
9560 186.0 14.688 8.869
9570 186.0 14.424 8.759
9580 186.0 14.159 8.649
9590 186.0 13.853 8.521
9600 186.0 13.530 8.387
9610 186.0 13.206 8.252
9620 186.0 13.207 8.239
9630 186.0 13.201 8.247
9640 186.0 13.201 8.239
9650 186.0 13.192 8.247
9660 186.0 13.181 8.247
9670 186.0 13.184 8.242
9680 186.0 13.191 8.248
9690 186.0 13.193 8.254
9700 186.0 13.205 8.258
9710 186.0 13.215 8.259
9720 186.0 13.223 8.267
9730 186.0 13.218 8.261
9620 187.0 14.961 4.948
9630 187.0 14.526 4.985
9640 187.0 14.091 5.022
9650 187.0 13.656 5.059
9660 187.0 13.221 5.096
9670 187.0 12.873 5.006
9680 187.0 12.562 4.860
9690 187.0 12.200 4.725
9700 187.0 12.207 4.725
9710 187.0 12.200 4.734
9720 187.0 12.201 4.738
9730 187.0 12.205 4.749
9740 187.0 12.203 4.756
9750 187.0 12.204 4.774
9760 187.0 12.200 4.794
9770 187.0 12.219 4.781
9780 187.0 12.228 4.779
9790 187.0 12.233 4.773
9800 187.0 12.231 4.781
9810 187.0 12.231 4.785
9630 188.0 15.027 4.916
9640 188.0 14.599 4.972
9650 188.0 14.171 5.028
9660 188.0 13.743 5.083
9670 188.0 13.414 5.063
9680 188.0 13.085 5.042
9690 188.0 12.807 4.976
9700 188.0 12.491 4.898
9710 188.0 12.483 4.902
9720 188.0 12.478 4.923
9730 188.0 12.468 4.943
9740 188.0 12.456 4.945
9750 188.0 12.453 4.967
9760 188.0 12.463 4.981
9770 188.0 12.481 4.982
9780 188.0 12.488 5.006
9790 188.0 12.490 5.015
9800 188.0 12.498 5.030
9810 188.0 12.500 5.048
9820 188.0 12.502 5.066
9840 189.0 -0.008 5.892
9850 189.0 0.491 5.919
9860 189.0 0.990 5.947
9870 189.0 1.489 5.974
9880 189.0 1.980 5.983
9890 189.0 2.457 5.966
9900 189.0 2.935 5.948
9910 189.0 3.412 5.931
9920 189.0 3.417 5.948
9930 189.0 3.450 5.950
9940 189.0 3.467 5.954
9950 189.0 3.463 5.953
9960 189.0 3.463 5.955
9970 189.0 3.455 5.961
9980 189.0 3.447 5.962
9990 189.0 3.447 5.961
10000 189.0 3.439 5.965
10010 189.0 3.432 5.964
10020 189.0 3.417 5.959
10030 189.0 3.412 5.960
9850 190.0 0.327 6.534
9860 190.0 0.775 6.522
9870 190.0 1.224 6.509
9880 190.0 1.673 6.497
9890 190.0 2.175 6.492
9900 190.0 2.712 6.492
9910 190.0 3.249 6.492
9920 190.0 3.786 6.492
9930 190.0 3.784 6.501
9940 190.0 3.806 6.501
9950 190.0 3.820 6.508
9960 190.0 3.841 6.510
9970 190.0 3.845 6.514
9980 190.0 3.865 6.524
9990 190.0 3.863 6.542
10000 190.0 3.875 6.557
10010 190.0 3.856 6.565
10020 190.0 3.857 6.585
10030 190.0 3.841 6.592
10040 190.0 3.837 6.599
9900 191.0 15.145 5.104
9910 191.0 14.602 5.135
9920 191.0 14.059 5.167
9930 191.0 13.516 5.198
9940 191.0 12.970 5.233
9950 191.0 12.391 5.300
9960 191.0 11.812 5.366
9970 191.0 11.234 5.432
9980 191.0 11.227 5.428
9990 191.0 11.198 5.428
10000 191.0 11.172 5.433
10010 191.0 11.158 5.424
10020 191.0 11.155 5.423
10030 191.0 11.147 5.432
10040 191.0 11.149 5.419
10050 191.0 11.156 5.410
10060 191.0 11.154 5.411
10070 191.0 11.150 5.411
10080 191.0 11.132 5.402
10090 191.0 11.135 5.394
9900 192.0 15.124 5.632
9910 192.0 14.574 5.632
9920 192.0 14.024 5.632
9930 192.0 13.473 5.632
9940 192.0 12.923 5.632
9950 192.0 12.377 5.736
9960 192.0 11.833 5.840
9970 192.0 11.287 5.945
9980 192.0 11.273 5.953
9990 192.0 11.249 5.955
10000 192.0 11.226 5.964
10010 192.0 11.214 5.969
10020 192.0 11.190 5.965
10030 192.0 11.184 5.971
10040 192.0 11.178 5.971
10050 192.0 11.169 5.967
10060 192.0 11.147 5.960
10070 192.0 11.135 5.964
10080 192.0 11.134 5.960
10090 192.0 11.135 5.959
9910 193.0 -0.080 8.959
9920 193.0 0.330 8.518
9930 193.0 0.741 8.076
9940 193.0 1.243 7.798
9950 193.0 1.807 7.629
9960 193.0 2.370 7.459
9970 193.0 2.939 7.232
9980 193.0 3.514 6.948
9990 193.0 3.528 6.963
10000 193.0 3.601 6.958
10010 193.0 3.668 6.925
10020 193.0 3.736 6.898
10030 193.0 3.785 6.851
10040 193.0 3.835 6.829
10050 193.0 3.886 6.784
10060 193.0 3.969 6.745
10070 193.0 4.037 6.741
10080 193.0 4.141 6.725
10090 193.0 4.242 6.689
10100 193.0 4.360 6.667
9930 194.0 15.143 4.596
9940 194.0 14.565 4.528
9950 194.0 13.988 4.460
9960 194.0 13.411 4.391
9970 194.0 12.824 4.319
9980 194.0 12.214 4.237
9990 194.0 11.605 4.154
10000 194.0 10.989 4.102
10010 194.0 10.997 4.097
10020 194.0 10.939 4.105
10030 194.0 10.880 4.108
10040 194.0 10.841 4.110
10050 194.0 10.823 4.116
10060 194.0 10.788 4.117
10070 194.0 10.742 4.116
10080 194.0 10.718 4.103
10090 194.0 10.715 4.104
10100 194.0 10.680 4.105
10110 194.0 10.649 4.091
10120 194.0 10.604 4.099
9950 195.0 14.831 5.449
9960 195.0 14.234 5.410
9970 195.0 13.638 5.370
9980 195.0 13.030 5.307
9990 195.0 12.405 5.209
10000 195.0 11.780 5.110
10010 195.0 11.155 5.012
10020 195.0 10.582 4.773
10030 195.0 10.575 4.780
10040 195.0 10.536 4.769
10050 195.0 10.483 4.781
10060 195.0 10.449 4.773
10070 195.0 10.411 4.782
10080 195.0 10.363 4.772
10090 195.0 10.312 4.760
10100 195.0 10.264 4.740
10110 195.0 10.230 4.716
10120 195.0 10.182 4.710
10130 195.0 10.120 4.698
10140 195.0 10.053 4.694
10050 196.0 15.061 5.219
10060 196.0 14.556 5.387
10070 196.0 14.051 5.554
10080 196.0 13.542 5.716
10090 196.0 12.996 5.840
10100 196.0 12.450 5.964
10110 196.0 11.918 6.038
10120 196.0 11.406 6.038
10130 196.0 11.401 6.042
10140 196.0 11.373 6.040
10150 196.0 11.358 6.034
10160 196.0 11.353 6.038
10170 196.0 11.372 6.015
10180 196.0 11.373 5.999
10190 196.0 11.393 5.991
10200 196.0 11.399 5.989
10210 196.0 11.404 5.971
10220 196.0 11.416 5.960
10230 196.0 11.428 5.958
10240 196.0 11.432 5.951
10130 197.0 0.176 8.297
10140 197.0 0.512 8.155
10150 197.0 0.847 8.013
10160 197.0 1.186 7.911
10170 197.0 1.539 7.967
10180 197.0 1.892 8.023
10190 197.0 2.245 8.079
10200 197.0 2.586 8.102
10210 197.0 2.584 8.109
10220 197.0 2.592 8.118
10230 197.0 2.593 8.131
10240 197.0 2.596 8.146
10250 197.0 2.585 8.149
10260 197.0 2.580 8.154
10270 197.0 2.562 8.164
10280 197.0 2.558 8.176
10290 197.0 2.554 8.184
10300 197.0 2.536 8.201
10310 197.0 2.539 8.212
10320 197.0 2.520 8.226
10150 198.0 0.143 8.461
10160 198.0 0.525 8.346
10170 198.0 0.907 8.231
10180 198.0 1.314 8.189
10190 198.0 1.757 8.258
10200 198.0 2.201 8.326
10210 198.0 2.631 8.382
10220 198.0 3.052 8.429
10230 198.0 3.056 8.440
10240 198.0 3.085 8.449
10250 198.0 3.086 8.464
10260 198.0 3.092 8.468
10270 198.0 3.081 8.466
10280 198.0 3.077 8.484
10290 198.0 3.063 8.494
10300 198.0 3.045 8.511
10310 198.0 3.019 8.517
10320 198.0 2.999 8.526
10330 198.0 2.984 8.526
10340 198.0 2.960 8.528
10160 199.0 0.358 5.183
10170 199.0 0.937 5.193
10180 199.0 1.515 5.203
10190 199.0 2.087 5.216
10200 199.0 2.658 5.230
10210 199.0 3.229 5.244
10220 199.0 3.822 5.225
10230 199.0 4.437 5.175
10240 199.0 4.435 5.173
10250 199.0 4.478 5.185
10260 199.0 4.531 5.184
10270 199.0 4.552 5.194
10280 199.0 4.585 5.196
10290 199.0 4.597 5.205
10300 199.0 4.644 5.192
10310 199.0 4.671 5.195
10320 199.0 4.693 5.212
10330 199.0 4.719 5.211
10340 199.0 4.751 5.208
10350 199.0 4.792 5.208
10170 200.0 0.108 8.317
10180 200.0 0.515 8.141
10190 200.0 0.922 7.966
10200 200.0 1.329 7.792
10210 200.0 1.796 7.713
10220 200.0 2.278 7.660
10230 200.0 2.760 7.606
10240 200.0 3.288 7.594
10250 200.0 3.292 7.585
10260 200.0 3.312 7.576
10270 200.0 3.326 7.567
10280 200.0 3.322 7.567
10290 200.0 3.343 7.569
10300 200.0 3.348 7.572
10310 200.0 3.347 7.571
10320 200.0 3.331 7.600
10330 200.0 3.324 7.598
10340 200.0 3.310 7.609
10350 200.0 3.304 7.619
10360 200.0 3.287 7.613
10240 202.0 0.236 8.491
10250 202.0 0.571 8.226
10260 202.0 0.906 7.961
10270 202.0 1.298 7.766
10280 202.0 1.746 7.643
10290 202.0 2.194 7.520
10300 202.0 2.655 7.412
10310 202.0 3.135 7.326
10320 202.0 3.139 7.328
10330 202.0 3.171 7.343
10340 202.0 3.197 7.351
10350 202.0 3.220 7.369
10360 202.0 3.233 7.389
10370 202.0 3.242 7.408
10380 202.0 3.252 7.415
10390 202.0 3.253 7.432
10400 202.0 3.255 7.446
10410 202.0 3.237 7.451
10420 202.0 3.222 7.460
10430 202.0 3.217 7.470
