0 5 -1.59 0.93
10 5 -1.59 0.93
20 5 -1.59 0.93
30 5 -1.59 0.93
40 5 -1.59 0.93
50 5 -1.59 0.93
60 5 -1.59 0.93
70 5 -1.59 0.93
80 5 -1.59 0.93
90 5 -1.59 0.93
100 5 -1.59 0.93
110 5 -1.59 0.93
120 5 -1.59 0.93
130 5 -1.59 0.93
140 5 -1.59 0.93
150 5 -1.59 0.93
160 5 -1.59 0.93
170 5 -1.59 0.93
180 5 -1.59 0.93
190 5 -1.59 0.93
0 6 -1.72 1.32
10 6 -1.72 1.32
20 6 -1.72 1.32
30 6 -1.72 1.32
40 6 -1.72 1.32
50 6 -1.72 1.32
60 6 -1.72 1.32
70 6 -1.72 1.32
80 6 -1.72 1.32
90 6 -1.72 1.32
100 6 -1.72 1.32
110 6 -1.7 1.32
120 6 -1.7 1.32
130 6 -1.7 1.32
140 6 -1.7 1.32
150 6 -1.7 1.32
160 6 -1.7 1.32
170 6 -1.7 1.32
180 6 -1.7 1.32
190 6 -1.7 1.32
0 8 -1.45 -0.76
10 8 -1.45 -0.76
20 8 -1.45 -0.76
30 8 -1.45 -0.76
40 8 -1.45 -0.76
50 8 -1.45 -0.76
60 8 -1.45 -0.76
70 8 -1.45 -0.76
80 8 -1.45 -0.76
90 8 -1.45 -0.76
100 8 -1.45 -0.76
110 8 -1.45 -0.76
120 8 -1.45 -0.76
130 8 -1.45 -0.76
140 8 -1.45 -0.76
150 8 -1.45 -0.76
160 8 -1.45 -0.76
170 8 -1.45 -0.76
180 8 -1.51 -0.65
190 8 -1.45 -0.74
500 24 0.27 2.65
510 24 0.44 2.34
520 24 0.58 2.1
530 24 0.7 1.88
540 24 0.72 1.61
550 24 0.76 1.34
560 24 0.83 1.0
570 24 0.82 0.68
580 24 0.85 0.35
590 24 0.99 0.01
600 24 1.07 -0.32
610 24 1.13 -0.71
620 24 1.22 -1.08
630 24 1.29 -1.47
640 24 1.33 -1.82
650 24 1.42 -2.18
660 24 1.49 -2.54
670 24 1.5 -2.91
680 24 1.54 -3.31
690 24 1.64 -3.8
500 25 -0.67 2.78
510 25 -0.45 2.56
520 25 -0.29 2.33
530 25 -0.09 2.1
540 25 0.05 1.83
550 25 0.15 1.52
560 25 0.27 1.22
570 25 0.26 0.9
580 25 0.3 0.59
590 25 0.27 0.28
600 25 0.26 -0.05
610 25 0.3 -0.39
620 25 0.26 -0.78
630 25 0.34 -1.18
640 25 0.37 -1.57
650 25 0.42 -1.96
660 25 0.5 -2.33
670 25 0.54 -2.74
680 25 0.66 -3.14
690 25 0.71 -3.52
590 28 0.74 3.69
600 28 0.78 3.36
610 28 0.87 3.03
620 28 0.92 2.66
630 28 0.96 2.31
640 28 1.07 1.96
650 28 1.11 1.63
660 28 1.1 1.26
670 28 1.15 0.91
680 28 1.2 0.56
690 28 1.2 0.2
700 28 1.22 -0.14
710 28 1.32 -0.53
720 28 1.34 -0.97
730 28 1.31 -1.39
740 28 1.29 -1.88
750 28 1.2 -2.36
760 28 1.13 -2.86
770 28 1.13 -3.41
780 28 1.09 -3.95
1000 38 -1.4 -7.32
1010 38 -1.4 -7.3
1020 38 -1.4 -7.28
1030 38 -1.4 -7.28
1040 38 -1.4 -7.28
1050 38 -1.4 -7.28
1060 38 -1.4 -7.28
1070 38 -1.4 -7.28
1080 38 -1.4 -7.28
1090 38 -1.36 -7.32
1100 38 -1.33 -7.38
1110 38 -1.31 -7.42
1120 38 -1.31 -7.43
1130 38 -1.31 -7.43
1140 38 -1.31 -7.43
1150 38 -1.31 -7.43
1160 38 -1.31 -7.43
1170 38 -1.31 -7.43
1180 38 -1.31 -7.43
1190 38 -1.31 -7.43
1150 46 -1.65 0.9
1160 46 -1.65 0.9
1170 46 -1.65 0.9
1180 46 -1.65 0.9
1190 46 -1.65 0.9
1200 46 -1.65 0.9
1210 46 -1.65 0.9
1220 46 -1.65 0.9
1230 46 -1.65 0.9
1240 46 -1.65 0.9
1250 46 -1.65 0.9
1260 46 -1.65 0.9
1270 46 -1.65 0.9
1280 46 -1.65 0.9
1290 46 -1.65 0.9
1300 46 -1.65 0.9
1310 46 -1.65 0.9
1320 46 -1.65 0.9
1330 46 -1.65 0.9
1340 46 -1.65 0.9
1150 47 -1.72 1.28
1160 47 -1.72 1.28
1170 47 -1.72 1.28
1180 47 -1.72 1.28
1190 47 -1.72 1.28
1200 47 -1.72 1.28
1210 47 -1.72 1.28
1220 47 -1.72 1.28
1230 47 -1.72 1.28
1240 47 -1.72 1.28
1250 47 -1.72 1.28
1260 47 -1.72 1.28
1270 47 -1.72 1.28
1280 47 -1.72 1.28
1290 47 -1.72 1.28
1300 47 -1.72 1.28
1310 47 -1.72 1.28
1320 47 -1.72 1.28
1330 47 -1.72 1.28
1340 47 -1.72 1.28
2770 71 2.66 3.27
2780 71 2.67 2.68
2790 71 2.69 2.07
2800 71 2.64 1.45
2810 71 2.63 0.86
2820 71 2.63 0.25
2830 71 2.6 -0.34
2840 71 2.62 -0.93
2850 71 2.56 -1.51
2860 71 2.45 -2.13
2870 71 2.35 -2.71
2880 71 2.19 -3.29
2890 71 2.13 -3.91
2900 71 2.06 -4.54
2910 71 2.02 -5.18
2920 71 2.09 -5.8
2930 71 2.15 -6.46
2940 71 2.28 -7.13
2950 71 2.38 -7.77
2960 71 2.43 -8.43
2770 72 1.95 3.46
2780 72 1.86 2.86
2790 72 1.83 2.27
2800 72 1.79 1.72
2810 72 1.75 1.16
2820 72 1.79 0.55
2830 72 1.8 -0.06
2840 72 1.79 -0.66
2850 72 1.79 -1.27
2860 72 1.69 -1.91
2870 72 1.6 -2.54
2880 72 1.49 -3.15
2890 72 1.35 -3.77
2900 72 1.29 -4.42
2910 72 1.2 -5.06
2920 72 1.09 -5.73
2930 72 0.99 -6.42
2940 72 0.83 -7.1
2950 72 0.76 -7.76
2960 72 0.75 -8.58
3100 83 1.65 2.7
3110 83 1.73 2.09
3120 83 1.73 1.52
3130 83 1.71 0.91
3140 83 1.78 0.3
3150 83 1.76 -0.31
3160 83 1.72 -0.89
3170 83 1.74 -1.47
3180 83 1.68 -2.07
3190 83 1.66 -2.67
3200 83 1.68 -3.29
3210 83 1.58 -3.91
3220 83 1.49 -4.55
3230 83 1.35 -5.17
3240 83 1.09 -5.74
3250 83 0.93 -6.33
3260 83 0.75 -6.88
3270 83 0.51 -7.43
3280 83 0.46 -8.02
3290 83 0.41 -8.57
4000 96 1.98 3.74
4010 96 1.96 3.44
4020 96 1.98 3.11
4030 96 1.86 2.78
4040 96 1.83 2.43
4050 96 1.86 2.07
4060 96 1.8 1.7
4070 96 1.81 1.32
4080 96 1.85 0.94
4090 96 1.84 0.48
4100 96 1.86 0.01
4110 96 1.9 -0.5
4120 96 1.86 -0.92
4130 96 1.9 -1.47
4140 96 1.92 -1.94
4150 96 1.87 -2.41
4160 96 1.95 -2.91
4170 96 1.99 -3.4
4180 96 1.96 -3.89
4190 96 2.07 -4.38
4000 97 1.22 3.29
4010 97 1.26 2.92
4020 97 1.33 2.57
4030 97 1.34 2.2
4040 97 1.32 1.84
4050 97 1.31 1.45
4060 97 1.24 1.04
4070 97 1.16 0.67
4080 97 1.06 0.21
4090 97 1.03 -0.23
4100 97 1.03 -0.59
4110 97 1.04 -1.03
4120 97 1.01 -1.61
4130 97 1.05 -2.07
4140 97 1.1 -2.52
4150 97 1.17 -2.99
4160 97 1.24 -3.42
4170 97 1.32 -4.01
4180 97 1.33 -4.47
4190 97 1.43 -4.96
4000 101 1.26 -8.15
4010 101 1.26 -8.15
4020 101 1.25 -8.13
4030 101 1.25 -8.13
4040 101 1.31 -8.2
4050 101 1.36 -8.29
4060 101 1.37 -8.31
4070 101 1.37 -8.31
4080 101 1.37 -8.31
4090 101 1.37 -8.31
4100 101 1.37 -8.31
4110 101 1.37 -8.31
4120 101 1.38 -8.32
4130 101 1.39 -8.32
4140 101 1.39 -8.32
4150 101 1.39 -8.32
4160 101 1.39 -8.32
4170 101 1.39 -8.32
4180 101 1.39 -8.32
4190 101 1.39 -8.32
4000 102 1.37 -9.2
4010 102 1.37 -9.2
4020 102 1.37 -9.2
4030 102 1.38 -9.18
4040 102 1.38 -9.18
4050 102 1.38 -9.18
4060 102 1.38 -9.18
4070 102 1.38 -9.18
4080 102 1.38 -9.18
4090 102 1.38 -9.18
4100 102 1.38 -9.18
4110 102 1.38 -9.18
4120 102 1.38 -9.18
4130 102 1.38 -9.18
4140 102 1.38 -9.18
4150 102 1.38 -9.18
4160 102 1.38 -9.18
4170 102 1.38 -9.18
4180 102 1.38 -9.18
4190 102 1.38 -9.18
4430 104 1.34 -9.22
4440 104 1.34 -9.22
4450 104 1.34 -9.22
4460 104 1.34 -9.22
4470 104 1.34 -9.22
4480 104 1.34 -9.2
4490 104 1.34 -9.2
4500 104 1.34 -9.2
4510 104 1.34 -9.22
4520 104 1.34 -9.22
4530 104 1.34 -9.22
4540 104 1.34 -9.22
4550 104 1.34 -9.22
4560 104 1.34 -9.22
4570 104 1.34 -9.22
4580 104 1.34 -9.22
4590 104 1.34 -9.2
4600 104 1.32 -9.2
4610 104 1.3 -9.18
4620 104 1.29 -9.16
4430 105 1.37 -8.27
4440 105 1.37 -8.27
4450 105 1.37 -8.27
4460 105 1.37 -8.27
4470 105 1.37 -8.27
4480 105 1.37 -8.27
4490 105 1.37 -8.27
4500 105 1.37 -8.27
4510 105 1.37 -8.27
4520 105 1.37 -8.27
4530 105 1.37 -8.27
4540 105 1.37 -8.27
4550 105 1.37 -8.27
4560 105 1.37 -8.27
4570 105 1.37 -8.27
4580 105 1.37 -8.27
4590 105 1.37 -8.27
4600 105 1.37 -8.27
4610 105 1.37 -8.27
4620 105 1.37 -8.27
4430 106 2.59 -9.52
4440 106 2.62 -9.36
4450 106 2.61 -9.17
4460 106 2.53 -8.93
4470 106 2.48 -8.74
4480 106 2.49 -8.47
4490 106 2.51 -8.26
4500 106 2.46 -8.03
4510 106 2.35 -7.78
4520 106 2.3 -7.57
4530 106 2.29 -7.32
4540 106 2.29 -7.11
4550 106 2.19 -6.82
4560 106 2.05 -6.54
4570 106 2.1 -6.27
4580 106 2.15 -6.07
4590 106 2.11 -5.76
4600 106 2.03 -5.49
4610 106 2.04 -5.28
4620 106 2.1 -5.03
4430 107 3.28 -9.49
4440 107 3.3 -9.35
4450 107 3.3 -9.16
4460 107 3.28 -8.91
4470 107 3.25 -8.71
4480 107 3.23 -8.45
4490 107 3.22 -8.29
4500 107 3.09 -7.98
4510 107 3.13 -7.79
4520 107 3.12 -7.59
4530 107 3.01 -7.33
4540 107 2.96 -7.11
4550 107 2.86 -6.81
4560 107 2.8 -6.56
4570 107 2.78 -6.34
4580 107 2.81 -6.18
4590 107 2.74 -5.89
4600 107 2.68 -5.64
4610 107 2.71 -5.34
4620 107 2.7 -5.13
4570 110 2.56 2.43
4580 110 2.45 1.83
4590 110 2.51 1.23
4600 110 2.54 0.62
4610 110 2.56 -0.01
4620 110 2.66 -0.62
4630 110 2.63 -1.22
4640 110 2.8 -1.86
4650 110 2.87 -2.51
4660 110 3.04 -3.16
4670 110 3.19 -3.83
4680 110 3.17 -4.51
4690 110 3.26 -5.19
4700 110 3.08 -5.83
4710 110 3.03 -6.51
4720 110 2.83 -7.18
4730 110 2.71 -7.87
4740 110 2.63 -8.54
4750 110 2.41 -9.17
4760 110 2.39 -9.84
4690 112 3.72 -8.77
4700 112 3.71 -8.18
4710 112 3.72 -7.63
4720 112 3.73 -7.06
4730 112 3.57 -6.41
4740 112 3.44 -5.73
4750 112 3.41 -5.19
4760 112 3.29 -4.5
4770 112 3.43 -3.81
4780 112 3.39 -3.17
4790 112 3.39 -2.53
4800 112 3.47 -1.84
4810 112 3.44 -1.24
4820 112 3.5 -0.68
4830 112 3.53 -0.12
4840 112 3.49 0.42
4850 112 3.53 0.9
4860 112 3.55 1.3
4870 112 3.42 1.75
4880 112 3.41 2.24
5680 119 1.3 3.75
5690 119 1.23 3.21
5700 119 1.25 2.68
5710 119 1.24 2.15
5720 119 1.23 1.65
5730 119 1.21 1.03
5740 119 1.23 0.42
5750 119 1.29 -0.06
5760 119 1.32 -0.61
5770 119 1.38 -1.18
5780 119 1.47 -1.86
5790 119 1.53 -2.46
5800 119 1.73 -3.04
5810 119 1.83 -3.68
5820 119 1.95 -4.21
5830 119 2.07 -4.79
5840 119 2.24 -5.45
5850 119 2.37 -5.91
5860 119 2.58 -6.61
5870 119 2.68 -7.26
5680 120 0.59 3.3
5690 120 0.58 2.8
5700 120 0.52 2.25
5710 120 0.57 1.7
5720 120 0.58 1.19
5730 120 0.57 0.64
5740 120 0.64 0.06
5750 120 0.64 -0.43
5760 120 0.62 -0.92
5770 120 0.69 -1.44
5780 120 0.79 -2.02
5790 120 0.8 -2.61
5800 120 1.02 -3.24
5810 120 1.07 -3.84
5820 120 1.23 -4.44
5830 120 1.4 -5.04
5840 120 1.55 -5.73
5850 120 1.71 -6.24
5860 120 1.86 -6.84
5870 120 1.93 -7.38
6790 136 3.14 -1.41
6800 136 3.15 -1.43
6810 136 3.17 -1.46
6820 136 3.17 -1.49
6830 136 3.18 -1.52
6840 136 3.2 -1.52
6850 136 3.2 -1.54
6860 136 3.19 -1.56
6870 136 3.18 -1.56
6880 136 3.18 -1.56
6890 136 3.19 -1.54
6900 136 3.17 -1.52
6910 136 3.15 -1.5
6920 136 3.15 -1.49
6930 136 3.17 -1.5
6940 136 3.18 -1.52
6950 136 3.18 -1.55
6960 136 3.2 -1.59
6970 136 3.22 -1.6
6980 136 3.23 -1.6
6840 138 1.4 -8.32
6850 138 1.42 -8.32
6860 138 1.44 -8.32
6870 138 1.44 -8.32
6880 138 1.44 -8.32
6890 138 1.48 -8.25
6900 138 1.48 -8.26
6910 138 1.48 -8.26
6920 138 1.41 -8.27
6930 138 1.39 -8.31
6940 138 1.37 -8.33
6950 138 1.38 -8.32
6960 138 1.42 -8.34
6970 138 1.41 -8.32
6980 138 1.39 -8.33
6990 138 1.35 -8.35
7000 138 1.36 -8.37
7010 138 1.4 -8.32
7020 138 1.4 -8.39
7030 138 1.47 -8.29
6840 139 1.23 -9.32
6850 139 1.27 -9.3
6860 139 1.29 -9.28
6870 139 1.28 -9.28
6880 139 1.28 -9.29
6890 139 1.26 -9.28
6900 139 1.19 -9.27
6910 139 1.22 -9.27
6920 139 1.25 -9.29
6930 139 1.29 -9.3
6940 139 1.31 -9.3
6950 139 1.31 -9.3
6960 139 1.31 -9.3
6970 139 1.31 -9.3
6980 139 1.31 -9.3
6990 139 1.31 -9.3
7000 139 1.31 -9.3
7010 139 1.31 -9.3
7020 139 1.31 -9.3
7030 139 1.31 -9.3
6890 142 0.6 -9.34
6900 142 0.6 -8.96
6910 142 0.59 -8.5
6920 142 0.82 -7.99
6930 142 0.99 -7.51
6940 142 1.21 -7.03
6950 142 1.31 -6.53
6960 142 1.28 -6.02
6970 142 1.33 -5.35
6980 142 1.37 -4.86
6990 142 1.32 -4.33
7000 142 1.36 -3.72
7010 142 1.33 -3.16
7020 142 1.25 -2.6
7030 142 1.34 -2.05
7040 142 1.45 -1.65
7050 142 1.44 -1.12
7060 142 1.41 -0.52
7070 142 1.45 -0.11
7080 142 1.38 0.42
6890 143 0.09 -9.2
6900 143 0.09 -8.79
6910 143 0.1 -8.32
6920 143 0.3 -7.81
6930 143 0.45 -7.33
6940 143 0.49 -6.76
6950 143 0.57 -6.28
6960 143 0.62 -5.82
6970 143 0.65 -5.27
6980 143 0.66 -4.78
6990 143 0.73 -4.23
7000 143 0.76 -3.68
7010 143 0.79 -3.22
7020 143 0.85 -2.71
7030 143 0.87 -2.17
7040 143 0.81 -1.69
7050 143 0.8 -1.13
7060 143 0.7 -0.65
7070 143 0.73 -0.14
7080 143 0.8 0.36
6890 144 0.01 -6.93
6900 144 0.01 -6.93
6910 144 0.01 -6.93
6920 144 -0.14 -6.84
6930 144 -0.23 -6.9
6940 144 -0.29 -6.79
6950 144 -0.26 -6.82
6960 144 -0.26 -6.81
6970 144 -0.24 -6.9
6980 144 -0.33 -6.83
6990 144 -0.25 -6.9
7000 144 -0.24 -6.91
7010 144 -0.24 -6.91
7020 144 -0.24 -6.91
7030 144 -0.24 -6.91
7040 144 -0.24 -6.91
7050 144 -0.24 -6.91
7060 144 -0.24 -6.91
7070 144 -0.24 -6.91
7080 144 -0.24 -6.91
6970 145 2.46 2.98
6980 145 2.51 2.45
6990 145 2.6 1.9
7000 145 2.66 1.36
7010 145 2.68 0.84
7020 145 2.69 0.31
7030 145 2.53 -0.18
7040 145 2.36 -0.61
7050 145 2.17 -1.09
7060 145 1.95 -1.56
7070 145 1.85 -1.99
7080 145 1.85 -2.54
7090 145 1.82 -3.13
7100 145 1.99 -3.67
7110 145 2.1 -4.27
7120 145 2.27 -4.96
7130 145 2.44 -5.52
7140 145 2.53 -6.17
7150 145 2.57 -6.81
7160 145 2.59 -7.47
7030 150 2.97 -1.62
7040 150 2.9 -1.71
7050 150 2.83 -1.94
7060 150 2.73 -2.11
7070 150 2.53 -2.26
7080 150 2.49 -2.4
7090 150 2.43 -2.48
7100 150 2.46 -2.56
7110 150 2.37 -2.66
7120 150 2.12 -2.79
7130 150 1.93 -2.92
7140 150 1.68 -3.13
7150 150 1.43 -3.28
7160 150 1.18 -3.44
7170 150 0.97 -3.61
7180 150 0.78 -3.76
7190 150 0.55 -3.82
7200 150 0.32 -3.86
7210 150 0.1 -3.95
7220 150 -0.15 -4.08
7480 156 1.42 -9.38
7490 156 1.45 -8.78
7500 156 1.46 -8.11
7510 156 1.34 -7.43
7520 156 1.36 -6.75
7530 156 1.47 -5.97
7540 156 1.45 -5.29
7550 156 1.45 -4.59
7560 156 1.38 -3.87
7570 156 1.34 -3.2
7580 156 1.24 -2.49
7590 156 1.19 -1.82
7600 156 1.27 -1.17
7610 156 1.32 -0.52
7620 156 1.32 0.11
7630 156 1.33 0.72
7640 156 1.23 1.36
7650 156 1.15 1.93
7660 156 1.09 2.57
7670 156 1.01 3.19
7480 157 2.25 -9.31
7490 157 2.17 -8.67
7500 157 2.12 -8.01
7510 157 2.04 -7.34
7520 157 2.05 -6.68
7530 157 2.11 -5.99
7540 157 2.06 -5.28
7550 157 2.08 -4.58
7560 157 2.13 -3.92
7570 157 2.18 -3.24
7580 157 2.16 -2.54
7590 157 2.01 -1.81
7600 157 1.97 -1.14
7610 157 1.89 -0.48
7620 157 1.88 0.13
7630 157 1.89 0.75
7640 157 1.79 1.39
7650 157 1.83 2.03
7660 157 1.77 2.66
7670 157 1.69 3.27
9260 174 0.95 1.71
9270 174 0.96 1.25
9280 174 0.95 0.75
9290 174 1.0 0.25
9300 174 0.99 -0.25
9310 174 0.97 -0.75
9320 174 1.04 -1.28
9330 174 1.02 -1.8
9340 174 1.01 -2.3
9350 174 1.03 -2.84
9360 174 0.96 -3.38
9370 174 0.97 -3.92
9380 174 0.99 -4.48
9390 174 0.95 -5.03
9400 174 0.99 -5.57
9410 174 1.05 -6.07
9420 174 1.0 -6.55
9430 174 0.98 -7.08
9440 174 0.94 -7.57
9450 174 0.83 -8.09
9260 175 1.64 2.0
9270 175 1.63 1.5
9280 175 1.62 1.01
9290 175 1.61 0.49
9300 175 1.64 -0.01
9310 175 1.6 -0.5
9320 175 1.58 -1.01
9330 175 1.64 -1.52
9340 175 1.66 -2.04
9350 175 1.76 -2.55
9360 175 1.83 -3.11
9370 175 1.83 -3.65
9380 175 1.9 -4.22
9390 175 1.8 -4.76
9400 175 1.76 -5.28
9410 175 1.61 -5.79
9420 175 1.58 -6.22
9430 175 1.45 -6.7
9440 175 1.33 -7.16
9450 175 1.31 -7.57
9370 180 -1.09 -6.72
9380 180 -1.09 -6.72
9390 180 -1.09 -6.72
9400 180 -1.09 -6.72
9410 180 -1.09 -6.72
9420 180 -1.09 -6.72
9430 180 -1.09 -6.72
9440 180 -1.09 -6.72
9450 180 -1.09 -6.72
9460 180 -1.09 -6.72
9470 180 -1.09 -6.72
9480 180 -1.09 -6.72
9490 180 -1.09 -6.72
9500 180 -1.09 -6.72
9510 180 -1.09 -6.72
9520 180 -1.09 -6.72
9530 180 -1.09 -6.72
9540 180 -1.11 -6.79
9550 180 -1.09 -6.73
9560 180 -1.09 -6.72
9400 181 1.17 -9.88
9410 181 1.21 -9.22
9420 181 1.39 -8.65
9430 181 1.58 -8.14
9440 181 1.54 -7.67
9450 181 1.58 -7.1
9460 181 1.73 -6.55
9470 181 1.8 -5.92
9480 181 1.88 -5.25
9490 181 1.99 -4.66
9500 181 2.06 -4.12
9510 181 2.12 -3.45
9520 181 2.14 -2.76
9530 181 2.12 -2.17
9540 181 2.22 -1.52
9550 181 2.21 -0.82
9560 181 2.16 -0.18
9570 181 2.27 0.47
9580 181 2.15 1.13
9590 181 2.13 1.71
9400 182 1.89 -9.65
9410 182 1.92 -9.05
9420 182 1.98 -8.51
9430 182 2.15 -7.98
9440 182 2.17 -7.28
9450 182 2.21 -6.76
9460 182 2.28 -6.14
9470 182 2.39 -5.44
9480 182 2.46 -4.86
9490 182 2.51 -4.27
9500 182 2.55 -3.65
9510 182 2.66 -3.03
9520 182 2.7 -2.42
9530 182 2.71 -1.76
9540 182 2.8 -1.12
9550 182 2.81 -0.51
9560 182 2.76 0.09
9570 182 2.84 0.81
9580 182 2.81 1.47
9590 182 2.81 2.05
9410 185 -0.88 -1.08
9420 185 -0.86 -1.04
9430 185 -0.85 -1.0
9440 185 -0.85 -1.0
9450 185 -0.87 -1.03
9460 185 -0.91 -1.07
9470 185 -0.93 -1.09
9480 185 -0.93 -1.07
9490 185 -0.92 -1.05
9500 185 -0.88 -1.04
9510 185 -0.86 -1.04
9520 185 -0.84 -1.04
9530 185 -0.85 -0.99
9540 185 -0.87 -1.0
9550 185 -0.91 -1.03
9560 185 -0.91 -0.98
9570 185 -0.91 -0.99
9580 185 -0.9 -1.03
9590 185 -0.89 -1.05
9600 185 -0.88 -1.08
9420 187 1.71 2.67
9430 187 1.75 2.05
9440 187 1.81 1.48
9450 187 1.89 0.91
9460 187 1.9 0.32
9470 187 1.92 -0.29
9480 187 1.85 -1.01
9490 187 1.7 -1.6
9500 187 1.62 -2.24
9510 187 1.51 -2.89
9520 187 1.46 -3.54
9530 187 1.44 -4.22
9540 187 1.39 -4.91
9550 187 1.35 -5.59
9560 187 1.3 -6.27
9570 187 1.22 -6.91
9580 187 1.25 -7.68
9590 187 1.27 -8.34
9600 187 1.26 -8.9
9610 187 1.39 -9.67
9460 192 2.07 3.85
9470 192 2.1 3.27
9480 192 2.18 2.63
9490 192 2.14 1.99
9500 192 2.1 1.29
9510 192 2.03 0.57
9520 192 1.9 0.0
9530 192 1.77 -0.57
9540 192 1.64 -1.21
9550 192 1.61 -1.93
9560 192 1.53 -2.53
9570 192 1.47 -3.16
9580 192 1.45 -3.85
9590 192 1.43 -4.52
9600 192 1.44 -5.16
9610 192 1.5 -5.79
9620 192 1.59 -6.47
9630 192 1.63 -7.19
9640 192 1.71 -7.9
9650 192 1.84 -8.56
9500 194 1.72 -8.94
9510 194 1.78 -8.3
9520 194 1.8 -7.81
9530 194 1.88 -7.26
9540 194 1.96 -6.65
9550 194 1.98 -6.05
9560 194 2.04 -5.44
9570 194 2.06 -4.85
9580 194 2.09 -4.22
9590 194 2.16 -3.62
9600 194 2.15 -3.04
9610 194 2.14 -2.5
9620 194 2.1 -1.94
9630 194 1.99 -1.37
9640 194 1.92 -0.83
9650 194 1.84 -0.3
9660 194 1.79 0.24
9670 194 1.75 0.86
9680 194 1.69 1.29
9690 194 1.73 1.84
9500 195 2.24 -9.13
9510 195 2.31 -8.51
9520 195 2.35 -7.95
9530 195 2.43 -7.42
9540 195 2.48 -6.87
9550 195 2.47 -6.2
9560 195 2.53 -5.6
9570 195 2.56 -5.01
9580 195 2.58 -4.42
9590 195 2.61 -3.85
9600 195 2.59 -3.29
9610 195 2.55 -2.75
9620 195 2.51 -2.18
9630 195 2.43 -1.59
9640 195 2.42 -1.02
9650 195 2.38 -0.44
9660 195 2.36 0.12
9670 195 2.33 0.62
9680 195 2.24 1.29
9690 195 2.23 1.8
9500 196 2.07 3.9
9510 196 2.0 3.36
9520 196 2.05 2.77
9530 196 1.97 2.08
9540 196 1.9 1.49
9550 196 1.81 0.87
9560 196 1.66 0.32
9570 196 1.57 -0.3
9580 196 1.44 -0.92
9590 196 1.34 -1.49
9600 196 1.27 -2.12
9610 196 1.16 -2.75
9620 196 1.15 -3.37
9630 196 1.18 -4.1
9640 196 1.23 -4.67
9650 196 1.38 -5.3
9660 196 1.44 -5.93
9670 196 1.51 -6.57
9680 196 1.52 -7.23
9690 196 1.45 -7.91
9510 199 -1.42 -3.51
9520 199 -1.31 -3.57
9530 199 -1.12 -3.53
9540 199 -1.05 -3.55
9550 199 -0.98 -3.66
9560 199 -0.74 -3.67
9570 199 -0.61 -3.72
9580 199 -0.49 -3.89
9590 199 -0.4 -4.02
9600 199 -0.31 -4.19
9610 199 -0.3 -4.21
9620 199 -0.3 -4.21
9630 199 -0.06 -4.27
9640 199 -0.03 -4.27
9650 199 -0.03 -4.27
9660 199 -0.03 -4.27
9670 199 -0.03 -4.27
9680 199 -0.22 -4.18
9690 199 -0.19 -4.29
9700 199 -0.11 -4.16
9550 200 2.01 -9.81
9560 200 1.99 -9.27
9570 200 2.06 -8.71
9580 200 2.13 -8.19
9590 200 2.13 -7.64
9600 200 2.14 -7.03
9610 200 2.12 -6.46
9620 200 2.13 -5.9
9630 200 2.2 -5.32
9640 200 2.15 -4.73
9650 200 2.04 -4.16
9660 200 1.96 -3.54
9670 200 1.85 -2.95
9680 200 1.79 -2.42
9690 200 1.78 -1.86
9700 200 1.68 -1.2
9710 200 1.73 -0.75
9720 200 1.86 -0.26
9730 200 1.79 0.32
9740 200 1.8 0.86
9550 201 2.78 -9.95
9560 201 2.74 -9.37
9570 201 2.77 -8.83
9580 201 2.84 -8.3
9590 201 2.84 -7.75
9600 201 2.82 -7.15
9610 201 2.86 -6.58
9620 201 2.86 -6.04
9630 201 2.79 -5.45
9640 201 2.76 -4.87
9650 201 2.65 -4.31
9660 201 2.67 -3.65
9670 201 2.65 -3.15
9680 201 2.51 -2.62
9690 201 2.54 -2.01
9700 201 2.59 -1.45
9710 201 2.57 -0.92
9720 201 2.63 -0.36
9730 201 2.63 0.19
9740 201 2.54 0.72
9590 203 0.94 4.05
9600 203 1.04 3.55
9610 203 0.95 3.07
9620 203 0.91 2.62
9630 203 0.93 2.13
9640 203 0.85 1.67
9650 203 0.83 1.17
9660 203 0.75 0.7
9670 203 0.58 0.17
9680 203 0.6 -0.43
9690 203 0.54 -0.97
9700 203 0.59 -1.54
9710 203 0.72 -2.08
9720 203 0.76 -2.7
9730 203 0.93 -3.24
9740 203 0.97 -3.69
9750 203 0.98 -4.37
9760 203 1.11 -4.98
9770 203 1.07 -5.54
9780 203 1.11 -6.12
9610 204 -0.12 -5.85
9620 204 -0.12 -5.85
9630 204 -0.43 -6.03
9640 204 -0.62 -6.04
9650 204 -0.9 -5.92
9660 204 -1.1 -5.88
9670 204 -1.24 -5.88
9680 204 -1.36 -5.8
9690 204 -1.45 -5.69
9700 204 -1.46 -5.68
9710 204 -1.46 -5.68
9720 204 -1.44 -5.68
9730 204 -1.44 -5.68
9740 204 -1.44 -5.68
9750 204 -1.44 -5.68
9760 204 -1.44 -5.68
9770 204 -1.44 -5.68
9780 204 -1.44 -5.68
9790 204 -1.44 -5.68
9800 204 -1.44 -5.68
9660 206 1.26 3.88
9670 206 1.24 3.45
9680 206 1.16 2.94
9690 206 1.14 2.42
9700 206 1.08 1.84
9710 206 1.11 1.24
9720 206 1.1 0.66
9730 206 1.13 -0.02
9740 206 1.26 -0.53
9750 206 1.29 -1.2
9760 206 1.45 -1.82
9770 206 1.55 -2.44
9780 206 1.7 -3.03
9790 206 1.87 -3.61
9800 206 2.0 -4.29
9810 206 2.26 -4.91
9820 206 2.6 -5.41
9830 206 3.03 -5.99
9840 206 3.4 -6.47
9850 206 4.0 -7.19
10050 222 -0.94 -0.96
10060 222 -0.99 -1.05
10070 222 -1.02 -1.15
10080 222 -1.02 -1.2
10090 222 -1.06 -1.2
10100 222 -1.09 -1.17
10110 222 -1.11 -1.15
10120 222 -1.11 -1.13
10130 222 -1.13 -1.11
10140 222 -1.15 -1.08
10150 222 -1.15 -1.08
10160 222 -1.15 -1.08
10170 222 -1.15 -1.08
10180 222 -1.15 -1.08
10190 222 -1.15 -1.08
10200 222 -1.15 -1.08
10210 222 -1.15 -1.1
10220 222 -1.21 -1.19
10230 222 -1.33 -1.31
10240 222 -1.34 -1.32
10060 223 1.5 4.07
10070 223 1.44 3.69
10080 223 1.63 3.22
10090 223 1.65 2.78
10100 223 1.62 2.32
10110 223 1.65 1.87
10120 223 1.71 1.44
10130 223 1.63 1.04
10140 223 1.67 0.54
10150 223 1.68 0.06
10160 223 1.61 -0.44
10170 223 1.62 -0.91
10180 223 1.65 -1.37
10190 223 1.65 -1.86
10200 223 1.72 -2.35
10210 223 1.83 -2.77
10220 223 1.88 -3.23
10230 223 1.93 -3.67
10240 223 2.01 -4.16
10250 223 2.01 -4.67
10070 224 0.5 4.18
10080 224 0.55 3.77
10090 224 0.71 3.4
10100 224 0.74 2.98
10110 224 0.73 2.54
10120 224 0.92 2.13
10130 224 0.95 1.69
10140 224 0.9 1.15
10150 224 1.03 0.73
10160 224 1.07 0.29
10170 224 0.98 -0.26
10180 224 1.08 -0.71
10190 224 1.19 -1.15
10200 224 1.14 -1.78
10210 224 1.19 -2.21
10220 224 1.4 -2.62
10230 224 1.41 -3.07
10240 224 1.41 -3.53
10250 224 1.55 -4.03
10260 224 1.42 -4.53
10080 226 1.62 -9.94
10090 226 1.72 -9.5
10100 226 1.71 -8.99
10110 226 1.7 -8.5
10120 226 1.64 -8.02
10130 226 1.5 -7.49
10140 226 1.45 -6.96
10150 226 1.4 -6.46
10160 226 1.31 -5.96
10170 226 1.27 -5.46
10180 226 1.21 -4.99
10190 226 1.12 -4.52
10200 226 1.1 -4.04
10210 226 0.97 -3.58
10220 226 0.85 -3.14
10230 226 0.76 -2.65
10240 226 0.67 -2.19
10250 226 0.67 -1.75
10260 226 0.74 -1.28
10270 226 0.81 -0.75
10110 227 1.72 3.87
10120 227 1.8 3.32
10130 227 1.83 2.82
10140 227 2.02 2.31
10150 227 2.09 1.82
10160 227 2.02 1.31
10170 227 2.03 0.8
10180 227 1.95 0.38
10190 227 1.85 -0.03
10200 227 1.95 -0.51
10210 227 2.01 -1.01
10220 227 2.03 -1.53
10230 227 2.18 -2.01
10240 227 2.24 -2.44
10250 227 2.19 -2.89
10260 227 2.18 -3.29
10270 227 2.16 -3.75
10280 227 2.05 -4.24
10290 227 1.97 -4.65
10300 227 1.96 -5.16
10260 230 0.93 -9.76
10270 230 0.76 -9.2
10280 230 0.63 -8.65
10290 230 0.58 -8.08
10300 230 0.45 -7.48
10310 230 0.41 -6.95
10320 230 0.41 -6.36
10330 230 0.35 -5.75
10340 230 0.43 -5.1
10350 230 0.52 -4.55
10360 230 0.56 -3.91
10370 230 0.73 -3.38
10380 230 0.79 -2.81
10390 230 0.84 -2.26
10400 230 0.94 -1.72
10410 230 0.95 -1.14
10420 230 1.02 -0.6
10430 230 1.13 -0.06
10440 230 1.19 0.53
10450 230 1.34 1.07
10260 231 2.75 -9.51
10270 231 2.86 -9.17
10280 231 2.92 -8.79
10290 231 2.95 -8.32
10300 231 3.05 -7.92
10310 231 3.11 -7.53
10320 231 3.1 -7.14
10330 231 3.14 -6.78
10340 231 3.16 -6.41
10350 231 3.1 -5.96
10360 231 3.06 -5.59
10370 231 3.09 -5.22
10380 231 3.05 -4.82
10390 231 2.98 -4.46
10400 231 3.08 -4.1
10410 231 3.05 -3.75
10420 231 3.0 -3.38
10430 231 3.06 -3.06
10440 231 3.15 -2.74
10450 231 3.15 -2.36
10260 232 3.52 -10.01
10270 232 3.43 -9.55
10280 232 3.44 -9.17
10290 232 3.54 -8.78
10300 232 3.56 -8.35
10310 232 3.56 -7.92
10320 232 3.63 -7.49
10330 232 3.59 -7.11
10340 232 3.65 -6.6
10350 232 3.64 -6.25
10360 232 3.71 -5.78
10370 232 3.64 -5.35
10380 232 3.63 -5.03
10390 232 3.63 -4.68
10400 232 3.64 -4.33
10410 232 3.58 -3.97
10420 232 3.48 -3.68
10430 232 3.52 -3.34
10440 232 3.64 -2.96
10450 232 3.65 -2.58
10260 233 -1.11 -6.76
10270 233 -1.11 -6.76
10280 233 -1.11 -6.76
10290 233 -1.11 -6.76
10300 233 -1.09 -6.76
10310 233 -1.09 -6.76
10320 233 -1.09 -6.76
10330 233 -1.09 -6.76
10340 233 -1.09 -6.76
10350 233 -1.09 -6.76
10360 233 -1.09 -6.76
10370 233 -1.09 -6.76
10380 233 -1.09 -6.76
10390 233 -1.09 -6.76
10400 233 -1.09 -6.76
10410 233 -1.09 -6.76
10420 233 -1.09 -6.76
10430 233 -1.09 -6.76
10440 233 -1.09 -6.76
10450 233 -1.09 -6.76
10370 235 4.0 -9.3
10380 235 4.02 -8.91
10390 235 4.04 -8.55
10400 235 3.97 -8.19
10410 235 3.92 -7.87
10420 235 3.98 -7.55
10430 235 3.94 -7.21
10440 235 3.87 -6.89
10450 235 3.95 -6.5
10460 235 3.89 -6.17
10470 235 3.81 -5.81
10480 235 3.82 -5.41
10490 235 3.83 -4.95
10500 235 3.77 -4.52
10510 235 3.81 -4.12
10520 235 3.83 -3.76
10530 235 3.81 -3.39
10540 235 3.82 -3.02
10550 235 3.82 -2.65
10560 235 3.8 -2.26
10370 236 3.42 -9.44
10380 236 3.38 -9.1
10390 236 3.33 -8.76
10400 236 3.35 -8.41
10410 236 3.34 -8.07
10420 236 3.26 -7.66
10430 236 3.24 -7.32
10440 236 3.29 -6.88
10450 236 3.21 -6.56
10460 236 3.15 -6.12
10470 236 3.21 -5.74
10480 236 3.19 -5.31
10490 236 3.1 -4.93
10500 236 3.11 -4.57
10510 236 3.13 -4.2
10520 236 3.07 -3.8
10530 236 3.02 -3.42
10540 236 3.07 -3.03
10550 236 3.06 -2.68
10560 236 2.94 -2.25
10520 240 3.04 -9.01
10530 240 3.08 -8.44
10540 240 3.08 -7.85
10550 240 3.03 -7.23
10560 240 3.07 -6.62
10570 240 2.96 -5.98
10580 240 2.93 -5.33
10590 240 2.86 -4.69
10600 240 2.8 -4.21
10610 240 2.86 -3.53
10620 240 2.73 -2.93
10630 240 2.71 -2.38
10640 240 2.75 -1.8
10650 240 2.74 -1.22
10660 240 2.76 -0.74
10670 240 2.74 -0.25
10680 240 2.67 0.22
10690 240 2.65 0.74
10700 240 2.62 1.21
10710 240 2.51 1.68
10710 254 2.84 -9.9
10720 254 2.77 -9.22
10730 254 2.78 -8.53
10740 254 2.78 -7.89
10750 254 2.76 -7.25
10760 254 2.8 -6.59
10770 254 2.79 -5.91
10780 254 2.8 -5.3
10790 254 2.85 -4.63
10800 254 2.88 -3.93
10810 254 2.97 -3.34
10820 254 3.0 -2.72
10830 254 2.98 -2.08
10840 254 2.99 -1.44
10850 254 2.93 -0.8
10860 254 2.85 -0.2
10870 254 2.76 0.46
10880 254 2.64 1.07
10890 254 2.61 1.69
10900 254 2.58 2.28
10850 259 3.58 2.97
10860 259 3.46 2.39
10870 259 3.45 1.84
10880 259 3.48 1.32
10890 259 3.45 0.77
10900 259 3.45 0.2
10910 259 3.43 -0.36
10920 259 3.4 -0.94
10930 259 3.45 -1.53
10940 259 3.45 -2.16
10950 259 3.47 -2.77
10960 259 3.45 -3.35
10970 259 3.33 -3.96
10980 259 3.23 -4.58
10990 259 3.04 -5.18
11000 259 2.88 -5.77
11010 259 2.77 -6.39
11020 259 2.67 -7.16
11030 259 2.71 -7.8
11040 259 2.74 -8.45
10900 261 1.27 3.92
10910 261 1.35 3.26
10920 261 1.41 2.68
10930 261 1.47 2.08
10940 261 1.68 1.46
10950 261 1.79 0.85
10960 261 1.89 0.26
10970 261 2.05 -0.34
10980 261 2.07 -0.95
10990 261 2.14 -1.59
11000 261 2.11 -2.24
11010 261 2.04 -2.91
11020 261 2.08 -3.59
11030 261 2.04 -4.29
11040 261 2.1 -4.96
11050 261 2.15 -5.64
11060 261 2.06 -6.31
11070 261 2.06 -7.01
11080 261 1.93 -7.66
11090 261 1.77 -8.3
11000 262 3.39 -9.44
11010 262 3.45 -8.86
11020 262 3.43 -8.25
11030 262 3.48 -7.66
11040 262 3.43 -6.99
11050 262 3.37 -6.35
11060 262 3.31 -5.75
11070 262 3.22 -5.17
11080 262 3.22 -4.62
11090 262 3.23 -4.02
11100 262 3.17 -3.38
11110 262 3.19 -2.78
11120 262 3.28 -2.23
11130 262 3.28 -1.47
11140 262 3.36 -0.82
11150 262 3.38 -0.27
11160 262 3.36 0.33
11170 262 3.36 0.94
11180 262 3.22 1.51
11190 262 3.17 1.98
11010 263 1.15 -10.15
11020 263 1.19 -9.46
11030 263 1.26 -8.82
11040 263 1.23 -8.21
11050 263 1.24 -7.58
11060 263 1.33 -6.89
11070 263 1.39 -6.21
11080 263 1.54 -5.58
11090 263 1.74 -4.92
11100 263 1.88 -4.29
11110 263 2.07 -3.69
11120 263 2.22 -3.04
11130 263 2.27 -2.39
11140 263 2.4 -1.76
11150 263 2.46 -1.09
11160 263 2.45 -0.44
11170 263 2.5 0.22
11180 263 2.47 0.88
11190 263 2.4 1.5
11200 263 2.4 2.08
11150 264 1.86 3.35
11160 264 1.87 2.8
11170 264 1.74 2.23
11180 264 1.78 1.63
11190 264 1.67 1.05
11200 264 1.62 0.46
11210 264 1.65 -0.14
11220 264 1.55 -0.76
11230 264 1.64 -1.39
11240 264 1.64 -2.01
11250 264 1.61 -2.64
11260 264 1.69 -3.29
11270 264 1.58 -3.95
11280 264 1.62 -4.62
11290 264 1.64 -5.33
11300 264 1.54 -6.03
11310 264 1.63 -6.72
11320 264 1.54 -7.36
11330 264 1.6 -8.0
11340 264 1.66 -8.67
11350 265 0.78 3.0
11360 265 0.8 2.48
11370 265 0.8 1.96
11380 265 0.85 1.4
11390 265 0.85 0.87
11400 265 0.8 0.34
11410 265 0.82 -0.22
11420 265 0.8 -0.73
11430 265 0.75 -1.26
11440 265 0.85 -1.92
11450 265 0.83 -2.48
11460 265 0.81 -3.05
11470 265 0.77 -3.63
11480 265 0.7 -4.23
11490 265 0.63 -4.77
11500 265 0.67 -5.45
11510 265 0.61 -6.1
11520 265 0.49 -6.7
11530 265 0.5 -7.29
11540 265 0.47 -7.82
11350 266 -0.83 2.36
11360 266 -0.83 2.36
11370 266 -0.83 2.36
11380 266 -0.83 2.36
11390 266 -0.83 2.36
11400 266 -0.83 2.36
11410 266 -0.83 2.36
11420 266 -0.83 2.36
11430 266 -0.83 2.36
11440 266 -0.83 2.36
11450 266 -0.83 2.36
11460 266 -0.83 2.36
11470 266 -0.83 2.36
11480 266 -0.83 2.36
11490 266 -0.83 2.36
11500 266 -0.83 2.36
11510 266 -0.83 2.36
11520 266 -0.83 2.36
11530 266 -0.83 2.36
11540 266 -0.83 2.36
11770 277 0.28 1.49
11780 277 0.23 0.93
11790 277 0.21 0.37
11800 277 0.2 -0.19
11810 277 0.14 -0.71
11820 277 0.1 -1.27
11830 277 0.2 -1.85
11840 277 0.24 -2.39
11850 277 0.25 -2.95
11860 277 0.34 -3.51
11870 277 0.42 -4.19
11880 277 0.28 -4.67
11890 277 0.32 -5.26
11900 277 0.28 -5.87
11910 277 0.19 -6.45
11920 277 0.21 -6.99
11930 277 0.09 -7.62
11940 277 0.06 -8.33
11950 277 0.1 -8.91
11960 277 0.17 -9.49
11770 278 1.34 4.05
11780 278 1.24 3.41
11790 278 1.2 2.78
11800 278 1.15 2.14
11810 278 1.18 1.49
11820 278 1.19 0.89
11830 278 1.17 0.24
11840 278 1.22 -0.43
11850 278 1.22 -1.09
11860 278 1.26 -1.75
11870 278 1.31 -2.42
11880 278 1.33 -3.1
11890 278 1.42 -3.81
11900 278 1.43 -4.51
11910 278 1.41 -5.21
11920 278 1.42 -5.93
11930 278 1.37 -6.67
11940 278 1.38 -7.38
11950 278 1.32 -8.15
11960 278 1.28 -8.85
11790 282 3.5 -8.7
11800 282 3.52 -8.11
11810 282 3.56 -7.49
11820 282 3.62 -6.81
11830 282 3.62 -6.19
11840 282 3.62 -5.57
11850 282 3.62 -4.94
11860 282 3.63 -4.37
11870 282 3.44 -3.71
11880 282 3.35 -3.11
11890 282 3.22 -2.52
11900 282 3.11 -1.94
11910 282 3.08 -1.35
11920 282 3.05 -0.75
11930 282 3.05 -0.17
11940 282 3.08 0.52
11950 282 3.08 1.12
11960 282 3.11 1.67
11970 282 3.12 2.23
11980 282 3.1 2.8
12450 288 3.1 -7.4
12460 288 3.03 -6.72
12470 288 2.95 -6.06
12480 288 2.91 -5.43
12490 288 2.91 -4.79
12500 288 2.86 -4.12
12510 288 2.77 -3.44
12520 288 2.59 -2.84
12530 288 2.36 -2.18
12540 288 2.15 -1.58
12550 288 1.89 -1.02
12560 288 1.68 -0.46
12570 288 1.48 0.07
12580 288 1.26 0.62
12590 288 1.07 1.14
12600 288 0.84 1.6
12610 288 0.67 2.03
12620 288 0.47 2.48
12630 288 0.25 2.83
12640 288 0.18 3.06
12480 289 2.98 -7.11
12490 289 2.98 -6.5
12500 289 2.88 -5.87
12510 289 2.81 -5.27
12520 289 2.79 -4.61
12530 289 2.65 -4.01
12540 289 2.54 -3.41
12550 289 2.39 -2.81
12560 289 2.15 -2.28
12570 289 2.01 -1.68
12580 289 1.86 -1.12
12590 289 1.7 -0.59
12600 289 1.64 0.07
12610 289 1.53 0.64
12620 289 1.53 1.2
12630 289 1.52 1.74
12640 289 1.41 2.27
12650 289 1.36 2.83
12660 289 1.22 3.36
12670 289 0.92 3.9
12520 292 -0.85 2.36
12530 292 -0.85 2.36
12540 292 -0.85 2.36
12550 292 -0.85 2.36
12560 292 -0.85 2.36
12570 292 -0.85 2.36
12580 292 -0.85 2.36
12590 292 -0.85 2.36
12600 292 -0.85 2.36
12610 292 -0.85 2.36
12620 292 -0.85 2.36
12630 292 -0.85 2.36
12640 292 -0.85 2.36
12650 292 -0.85 2.36
12660 292 -0.85 2.36
12670 292 -0.85 2.36
12680 292 -0.85 2.36
12690 292 -0.85 2.36
12700 292 -0.85 2.36
12710 292 -0.85 2.36
12520 293 -0.81 4.04
12530 293 -0.81 4.04
12540 293 -0.81 4.04
12550 293 -0.81 4.04
12560 293 -0.81 4.04
12570 293 -0.81 4.04
12580 293 -0.81 4.04
12590 293 -0.81 4.04
12600 293 -0.81 4.04
12610 293 -0.81 4.04
12620 293 -0.81 4.04
12630 293 -0.81 4.04
12640 293 -0.81 4.04
12650 293 -0.81 4.04
12660 293 -0.81 4.04
12670 293 -0.81 4.04
12680 293 -0.81 4.04
12690 293 -0.81 4.04
12700 293 -0.81 4.04
12710 293 -0.81 4.04
12520 294 -0.39 4.31
12530 294 -0.4 4.15
12540 294 -0.4 4.06
12550 294 -0.41 4.2
12560 294 -0.42 4.11
12570 294 -0.42 4.04
12580 294 -0.42 4.02
12590 294 -0.46 4.22
12600 294 -0.47 4.28
12610 294 -0.42 4.22
12620 294 -0.45 4.13
12630 294 -0.44 4.15
12640 294 -0.44 4.12
12650 294 -0.44 4.06
12660 294 -0.42 4.14
12670 294 -0.42 4.08
12680 294 -0.42 4.04
12690 294 -0.42 4.02
12700 294 -0.42 4.0
12710 294 -0.42 3.99
12700 296 1.28 3.22
12710 296 1.23 2.62
12720 296 1.16 2.01
12730 296 1.17 1.3
12740 296 1.12 0.64
12750 296 1.13 0.0
12760 296 1.07 -0.65
12770 296 1.01 -1.28
12780 296 1.04 -1.97
12790 296 0.97 -2.66
12800 296 1.02 -3.35
12810 296 1.0 -4.07
12820 296 0.93 -4.86
12830 296 0.95 -5.59
12840 296 0.85 -6.33
12850 296 0.85 -7.0
12860 296 0.82 -7.67
12870 296 0.73 -8.35
12880 296 0.75 -9.06
12890 296 0.65 -9.78
12700 297 1.85 3.28
12710 297 1.79 2.68
12720 297 1.77 2.07
12730 297 1.8 1.36
12740 297 1.78 0.72
12750 297 1.77 0.07
12760 297 1.83 -0.7
12770 297 1.79 -1.35
12780 297 1.79 -2.0
12790 297 1.74 -2.67
12800 297 1.77 -3.35
12810 297 1.67 -4.06
12820 297 1.57 -4.71
12830 297 1.51 -5.47
12840 297 1.51 -6.24
12850 297 1.5 -6.98
12860 297 1.41 -7.66
12870 297 1.35 -8.35
12880 297 1.44 -9.11
12890 297 1.38 -9.82
12900 303 -2.0 0.22
12910 303 -1.89 0.04
12920 303 -1.82 -0.26
12930 303 -1.67 -0.44
12940 303 -1.45 -0.51
12950 303 -1.27 -0.5
12960 303 -1.22 -0.46
12970 303 -1.05 -0.41
12980 303 -1.03 -0.38
12990 303 -1.08 -0.38
13000 303 -1.14 -0.37
13010 303 -1.18 -0.32
13020 303 -1.22 -0.26
13030 303 -1.22 -0.24
13040 303 -1.22 -0.23
13050 303 -1.22 -0.23
13060 303 -1.22 -0.23
13070 303 -1.22 -0.23
13080 303 -1.22 -0.23
13090 303 -1.22 -0.23
12980 304 2.26 3.62
12990 304 2.28 3.0
13000 304 2.38 2.5
13010 304 2.39 1.89
13020 304 2.44 1.28
13030 304 2.53 0.61
13040 304 2.56 0.09
13050 304 2.68 -0.54
13060 304 2.69 -1.23
13070 304 2.66 -1.84
13080 304 2.61 -2.46
13090 304 2.46 -3.1
13100 304 2.33 -3.73
13110 304 2.17 -4.32
13120 304 2.01 -4.9
13130 304 2.02 -5.5
13140 304 1.99 -6.17
13150 304 2.08 -6.83
13160 304 2.11 -7.57
13170 304 2.14 -8.24
13010 306 1.14 3.16
13020 306 1.15 2.66
13030 306 1.14 2.12
13040 306 1.17 1.6
13050 306 1.18 1.1
13060 306 1.12 0.54
13070 306 1.04 -0.09
13080 306 0.98 -0.63
13090 306 0.82 -1.22
13100 306 0.8 -1.86
13110 306 0.79 -2.5
13120 306 0.74 -3.05
13130 306 0.88 -3.64
13140 306 1.0 -4.26
13150 306 1.1 -4.87
13160 306 1.34 -5.52
13170 306 1.45 -6.04
13180 306 1.54 -6.69
13190 306 1.7 -7.33
13200 306 1.75 -8.04
13060 307 2.6 -8.67
13070 307 2.49 -8.26
13080 307 2.47 -7.74
13090 307 2.5 -7.26
13100 307 2.47 -6.78
13110 307 2.46 -6.28
13120 307 2.53 -5.81
13130 307 2.55 -5.37
13140 307 2.55 -4.94
13150 307 2.56 -4.48
13160 307 2.48 -4.14
13170 307 2.35 -3.8
13180 307 2.29 -3.42
13190 307 2.24 -3.07
13200 307 2.12 -2.74
13210 307 2.07 -2.36
13220 307 2.1 -2.07
13230 307 2.1 -1.73
13240 307 2.03 -1.54
13250 307 2.04 -1.24
13130 309 -1.54 -6.73
13140 309 -1.54 -6.73
13150 309 -1.54 -6.73
13160 309 -1.56 -6.71
13170 309 -1.56 -6.71
13180 309 -1.56 -6.71
13190 309 -1.58 -6.69
13200 309 -1.58 -6.68
13210 309 -1.58 -6.68
13220 309 -1.58 -6.68
13230 309 -1.58 -6.68
13240 309 -1.6 -6.68
13250 309 -1.62 -6.68
13260 309 -1.62 -6.68
13270 309 -1.62 -6.68
13280 309 -1.62 -6.68
13290 309 -1.62 -6.68
13300 309 -1.62 -6.68
13310 309 -1.62 -6.68
13320 309 -1.57 -6.72
13130 310 -1.49 -8.22
13140 310 -1.49 -8.22
13150 310 -1.49 -8.22
13160 310 -1.47 -8.22
13170 310 -1.45 -8.22
13180 310 -1.45 -8.19
13190 310 -1.45 -8.13
13200 310 -1.45 -8.12
13210 310 -1.45 -8.2
13220 310 -1.47 -8.28
13230 310 -1.48 -8.34
13240 310 -1.48 -8.33
13250 310 -1.48 -8.31
13260 310 -1.46 -8.29
13270 310 -1.44 -8.29
13280 310 -1.44 -8.29
13290 310 -1.44 -8.29
13300 310 -1.44 -8.29
13310 310 -1.44 -8.29
13320 310 -1.33 -8.28
13130 311 -1.36 -2.68
13140 311 -1.36 -2.68
13150 311 -1.36 -2.68
13160 311 -1.36 -2.68
13170 311 -1.36 -2.68
13180 311 -1.36 -2.68
13190 311 -1.36 -2.68
13200 311 -1.36 -2.68
13210 311 -1.36 -2.68
13220 311 -1.36 -2.68
13230 311 -1.36 -2.68
13240 311 -1.36 -2.68
13250 311 -1.36 -2.68
13260 311 -1.36 -2.68
13270 311 -1.36 -2.68
13280 311 -1.36 -2.68
13290 311 -1.36 -2.68
13300 311 -1.36 -2.68
13310 311 -1.36 -2.68
13320 311 -1.36 -2.68
13130 313 -0.52 3.4
13140 313 -0.52 3.4
13150 313 -0.52 3.4
13160 313 -0.52 3.4
13170 313 -0.52 3.4
13180 313 -0.52 3.4
13190 313 -0.52 3.4
13200 313 -0.52 3.4
13210 313 -0.52 3.4
13220 313 -0.52 3.4
13230 313 -0.52 3.4
13240 313 -0.52 3.4
13250 313 -0.52 3.4
13260 313 -0.52 3.4
13270 313 -0.52 3.4
13280 313 -0.52 3.4
13290 313 -0.52 3.4
13300 313 -0.52 3.4
13310 313 -0.52 3.4
13320 313 -0.52 3.4
13170 315 1.13 -10.03
13180 315 1.12 -9.54
13190 315 1.0 -9.05
13200 315 0.79 -8.66
13210 315 0.77 -8.24
13220 315 0.83 -7.78
13230 315 0.79 -7.3
13240 315 0.69 -6.89
13250 315 0.73 -6.46
13260 315 0.75 -5.98
13270 315 0.62 -5.55
13280 315 0.57 -5.14
13290 315 0.59 -4.67
13300 315 0.39 -4.29
13310 315 0.16 -3.96
13320 315 -0.05 -3.54
13330 315 -0.27 -3.46
13340 315 -0.45 -3.49
13350 315 -0.56 -3.5
13360 315 -0.57 -3.51
13170 316 1.73 3.4
13180 316 1.75 2.75
13190 316 1.69 2.14
13200 316 1.62 1.5
13210 316 1.53 0.88
13220 316 1.41 0.24
13230 316 1.38 -0.41
13240 316 1.39 -1.11
13250 316 1.39 -1.81
13260 316 1.51 -2.5
13270 316 1.52 -3.18
13280 316 1.69 -3.99
13290 316 1.68 -4.64
13300 316 1.55 -5.29
13310 316 1.63 -6.07
13320 316 1.64 -6.76
13330 316 1.65 -7.55
13340 316 1.66 -8.41
13350 316 1.59 -9.01
13360 316 1.68 -9.8
13180 317 0.66 -9.8
13190 317 0.54 -9.33
13200 317 0.55 -8.84
13210 317 0.5 -8.41
13220 317 0.38 -7.97
13230 317 0.36 -7.52
13240 317 0.33 -7.11
13250 317 0.24 -6.68
13260 317 0.2 -6.25
13270 317 0.22 -5.79
13280 317 0.16 -5.43
13290 317 0.03 -5.1
13300 317 -0.09 -4.84
13310 317 -0.18 -4.63
13320 317 -0.44 -4.45
13330 317 -0.65 -4.27
13340 317 -0.79 -4.2
13350 317 -0.98 -4.18
13360 317 -1.02 -4.18
13370 317 -0.86 -4.19
