0 5.0 -1.590 0.930
10 5.0 -1.590 0.930
20 5.0 -1.590 0.930
30 5.0 -1.590 0.930
40 5.0 -1.590 0.930
50 5.0 -1.590 0.930
60 5.0 -1.590 0.930
70 5.0 -1.590 0.930
80 5.0 -1.578 0.933
90 5.0 -1.573 0.932
100 5.0 -1.571 0.930
110 5.0 -1.569 0.934
120 5.0 -1.567 0.938
130 5.0 -1.569 0.938
140 5.0 -1.564 0.936
150 5.0 -1.555 0.941
160 5.0 -1.554 0.943
170 5.0 -1.549 0.941
180 5.0 -1.551 0.942
190 5.0 -1.553 0.945
0 6.0 -1.720 1.320
10 6.0 -1.720 1.320
20 6.0 -1.720 1.320
30 6.0 -1.720 1.320
40 6.0 -1.720 1.320
50 6.0 -1.720 1.320
60 6.0 -1.720 1.320
70 6.0 -1.720 1.320
80 6.0 -1.718 1.321
90 6.0 -1.728 1.325
100 6.0 -1.722 1.323
110 6.0 -1.725 1.316
120 6.0 -1.728 1.318
130 6.0 -1.726 1.319
140 6.0 -1.725 1.319
150 6.0 -1.718 1.323
160 6.0 -1.717 1.319
170 6.0 -1.715 1.325
180 6.0 -1.711 1.327
190 6.0 -1.711 1.329
0 8.0 -1.450 -0.760
10 8.0 -1.450 -0.760
20 8.0 -1.450 -0.760
30 8.0 -1.450 -0.760
40 8.0 -1.450 -0.760
50 8.0 -1.450 -0.760
60 8.0 -1.450 -0.760
70 8.0 -1.450 -0.760
80 8.0 -1.451 -0.757
90 8.0 -1.456 -0.755
100 8.0 -1.446 -0.752
110 8.0 -1.444 -0.746
120 8.0 -1.438 -0.746
130 8.0 -1.440 -0.748
140 8.0 -1.431 -0.746
150 8.0 -1.430 -0.746
160 8.0 -1.433 -0.748
170 8.0 -1.433 -0.748
180 8.0 -1.430 -0.749
190 8.0 -1.425 -0.748
500 24.0 0.270 2.650
510 24.0 0.440 2.340
520 24.0 0.580 2.100
530 24.0 0.700 1.880
540 24.0 0.720 1.610
550 24.0 0.760 1.340
560 24.0 0.830 1.000
570 24.0 0.820 0.680
580 24.0 0.832 0.670
590 24.0 0.842 0.652
600 24.0 0.862 0.649
610 24.0 0.867 0.633
620 24.0 0.868 0.628
630 24.0 0.879 0.627
640 24.0 0.895 0.626
650 24.0 0.907 0.632
660 24.0 0.915 0.630
670 24.0 0.934 0.634
680 24.0 0.955 0.634
690 24.0 0.960 0.637
500 25.0 -0.670 2.780
510 25.0 -0.450 2.560
520 25.0 -0.290 2.330
530 25.0 -0.090 2.100
540 25.0 0.050 1.830
550 25.0 0.150 1.520
560 25.0 0.270 1.220
570 25.0 0.260 0.900
580 25.0 0.266 0.900
590 25.0 0.267 0.902
600 25.0 0.275 0.909
610 25.0 0.279 0.924
620 25.0 0.286 0.928
630 25.0 0.288 0.937
640 25.0 0.288 0.943
650 25.0 0.288 0.946
660 25.0 0.286 0.958
670 25.0 0.285 0.961
680 25.0 0.287 0.977
690 25.0 0.288 0.976
590 28.0 0.740 3.690
600 28.0 0.780 3.360
610 28.0 0.870 3.030
620 28.0 0.920 2.660
630 28.0 0.960 2.310
640 28.0 1.070 1.960
650 28.0 1.110 1.630
660 28.0 1.100 1.260
670 28.0 1.108 1.254
680 28.0 1.114 1.236
690 28.0 1.141 1.224
700 28.0 1.159 1.206
710 28.0 1.172 1.207
720 28.0 1.196 1.216
730 28.0 1.212 1.217
740 28.0 1.224 1.215
750 28.0 1.248 1.218
760 28.0 1.265 1.219
770 28.0 1.287 1.226
780 28.0 1.299 1.234
1000 38.0 -1.400 -7.320
1010 38.0 -1.400 -7.300
1020 38.0 -1.400 -7.280
1030 38.0 -1.400 -7.280
1040 38.0 -1.400 -7.280
1050 38.0 -1.400 -7.280
1060 38.0 -1.400 -7.280
1070 38.0 -1.400 -7.280
1080 38.0 -1.401 -7.281
1090 38.0 -1.397 -7.279
1100 38.0 -1.400 -7.279
1110 38.0 -1.394 -7.276
1120 38.0 -1.392 -7.276
1130 38.0 -1.401 -7.277
1140 38.0 -1.400 -7.277
1150 38.0 -1.398 -7.276
1160 38.0 -1.398 -7.273
1170 38.0 -1.407 -7.275
1180 38.0 -1.402 -7.273
1190 38.0 -1.400 -7.274
1150 46.0 -1.650 0.900
1160 46.0 -1.650 0.900
1170 46.0 -1.650 0.900
1180 46.0 -1.650 0.900
1190 46.0 -1.650 0.900
1200 46.0 -1.650 0.900
1210 46.0 -1.650 0.900
1220 46.0 -1.650 0.900
1230 46.0 -1.647 0.902
1240 46.0 -1.647 0.901
1250 46.0 -1.644 0.898
1260 46.0 -1.636 0.895
1270 46.0 -1.631 0.897
1280 46.0 -1.622 0.900
1290 46.0 -1.620 0.899
1300 46.0 -1.615 0.899
1310 46.0 -1.617 0.899
1320 46.0 -1.614 0.900
1330 46.0 -1.614 0.899
1340 46.0 -1.607 0.901
1150 47.0 -1.720 1.280
1160 47.0 -1.720 1.280
1170 47.0 -1.720 1.280
1180 47.0 -1.720 1.280
1190 47.0 -1.720 1.280
1200 47.0 -1.720 1.280
1210 47.0 -1.720 1.280
1220 47.0 -1.720 1.280
1230 47.0 -1.717 1.279
1240 47.0 -1.721 1.279
1250 47.0 -1.724 1.277
1260 47.0 -1.722 1.277
1270 47.0 -1.728 1.279
1280 47.0 -1.734 1.283
1290 47.0 -1.725 1.284
1300 47.0 -1.724 1.288
1310 47.0 -1.729 1.285
1320 47.0 -1.724 1.287
1330 47.0 -1.719 1.286
1340 47.0 -1.714 1.292
2770 71.0 2.660 3.270
2780 71.0 2.670 2.680
2790 71.0 2.690 2.070
2800 71.0 2.640 1.450
2810 71.0 2.630 0.860
2820 71.0 2.630 0.250
2830 71.0 2.600 -0.340
2840 71.0 2.620 -0.930
2850 71.0 2.622 -0.921
2860 71.0 2.640 -1.022
2870 71.0 2.723 -0.981
2880 71.0 2.776 -1.108
2890 71.0 2.796 -1.377
2900 71.0 2.988 -1.515
2910 71.0 2.978 -1.552
2920 71.0 3.168 -1.801
2930 71.0 2.742 -2.595
2940 71.0 2.860 -3.188
2950 71.0 3.104 -2.329
2960 71.0 3.189 -2.045
2770 72.0 1.950 3.460
2780 72.0 1.860 2.860
2790 72.0 1.830 2.270
2800 72.0 1.790 1.720
2810 72.0 1.750 1.160
2820 72.0 1.790 0.550
2830 72.0 1.800 -0.060
2840 72.0 1.790 -0.660
2850 72.0 1.833 -0.603
2860 72.0 1.831 -0.748
2870 72.0 1.809 -0.935
2880 72.0 1.833 -1.050
2890 72.0 1.984 -1.099
2900 72.0 1.937 -1.134
2910 72.0 2.055 -1.545
2920 72.0 2.348 -1.918
2930 72.0 2.468 -2.080
2940 72.0 2.468 -2.195
2950 72.0 2.916 -1.311
2960 72.0 3.231 -2.064
3100 83.0 1.650 2.700
3110 83.0 1.730 2.090
3120 83.0 1.730 1.520
3130 83.0 1.710 0.910
3140 83.0 1.780 0.300
3150 83.0 1.760 -0.310
3160 83.0 1.720 -0.890
3170 83.0 1.740 -1.470
3180 83.0 1.727 -1.437
3190 83.0 1.700 -1.691
3200 83.0 1.709 -1.819
3210 83.0 1.692 -1.990
3220 83.0 1.892 -2.031
3230 83.0 1.842 -2.164
3240 83.0 2.235 -2.157
3250 83.0 2.439 -1.873
3260 83.0 2.391 -2.609
3270 83.0 2.677 -2.415
3280 83.0 2.682 -2.176
3290 83.0 2.729 -2.867
4000 96.0 1.980 3.740
4010 96.0 1.960 3.440
4020 96.0 1.980 3.110
4030 96.0 1.860 2.780
4040 96.0 1.830 2.430
4050 96.0 1.860 2.070
4060 96.0 1.800 1.700
4070 96.0 1.810 1.320
4080 96.0 1.809 1.317
4090 96.0 1.797 1.293
4100 96.0 1.797 1.282
4110 96.0 1.800 1.269
4120 96.0 1.806 1.271
4130 96.0 1.809 1.260
4140 96.0 1.821 1.266
4150 96.0 1.831 1.270
4160 96.0 1.829 1.272
4170 96.0 1.840 1.284
4180 96.0 1.849 1.287
4190 96.0 1.853 1.282
4000 97.0 1.220 3.290
4010 97.0 1.260 2.920
4020 97.0 1.330 2.570
4030 97.0 1.340 2.200
4040 97.0 1.320 1.840
4050 97.0 1.310 1.450
4060 97.0 1.240 1.040
4070 97.0 1.160 0.670
4080 97.0 1.161 0.668
4090 97.0 1.165 0.642
4100 97.0 1.165 0.616
4110 97.0 1.166 0.602
4120 97.0 1.159 0.587
4130 97.0 1.167 0.569
4140 97.0 1.171 0.558
4150 97.0 1.182 0.532
4160 97.0 1.201 0.528
4170 97.0 1.211 0.531
4180 97.0 1.222 0.528
4190 97.0 1.240 0.533
4000 101.0 1.260 -8.150
4010 101.0 1.260 -8.150
4020 101.0 1.250 -8.130
4030 101.0 1.250 -8.130
4040 101.0 1.310 -8.200
4050 101.0 1.360 -8.290
4060 101.0 1.370 -8.310
4070 101.0 1.370 -8.310
4080 101.0 1.373 -8.320
4090 101.0 1.373 -8.326
4100 101.0 1.378 -8.330
4110 101.0 1.378 -8.338
4120 101.0 1.383 -8.343
4130 101.0 1.378 -8.350
4140 101.0 1.373 -8.355
4150 101.0 1.376 -8.356
4160 101.0 1.376 -8.356
4170 101.0 1.374 -8.360
4180 101.0 1.374 -8.362
4190 101.0 1.372 -8.365
4000 102.0 1.370 -9.200
4010 102.0 1.370 -9.200
4020 102.0 1.370 -9.200
4030 102.0 1.380 -9.180
4040 102.0 1.380 -9.180
4050 102.0 1.380 -9.180
4060 102.0 1.380 -9.180
4070 102.0 1.380 -9.180
4080 102.0 1.383 -9.182
4090 102.0 1.383 -9.182
4100 102.0 1.391 -9.182
4110 102.0 1.386 -9.181
4120 102.0 1.385 -9.177
4130 102.0 1.391 -9.176
4140 102.0 1.384 -9.178
4150 102.0 1.385 -9.173
4160 102.0 1.386 -9.171
4170 102.0 1.382 -9.168
4180 102.0 1.386 -9.168
4190 102.0 1.384 -9.166
4430 104.0 1.340 -9.220
4440 104.0 1.340 -9.220
4450 104.0 1.340 -9.220
4460 104.0 1.340 -9.220
4470 104.0 1.340 -9.220
4480 104.0 1.340 -9.200
4490 104.0 1.340 -9.200
4500 104.0 1.340 -9.200
4510 104.0 1.336 -9.204
4520 104.0 1.333 -9.203
4530 104.0 1.344 -9.200
4540 104.0 1.349 -9.200
4550 104.0 1.350 -9.198
4560 104.0 1.349 -9.196
4570 104.0 1.349 -9.196
4580 104.0 1.348 -9.193
4590 104.0 1.346 -9.194
4600 104.0 1.349 -9.192
4610 104.0 1.352 -9.185
4620 104.0 1.348 -9.189
4430 105.0 1.370 -8.270
4440 105.0 1.370 -8.270
4450 105.0 1.370 -8.270
4460 105.0 1.370 -8.270
4470 105.0 1.370 -8.270
4480 105.0 1.370 -8.270
4490 105.0 1.370 -8.270
4500 105.0 1.370 -8.270
4510 105.0 1.372 -8.267
4520 105.0 1.370 -8.268
4530 105.0 1.373 -8.270
4540 105.0 1.375 -8.267
4550 105.0 1.380 -8.267
4560 105.0 1.384 -8.264
4570 105.0 1.385 -8.264
4580 105.0 1.386 -8.264
4590 105.0 1.386 -8.263
4600 105.0 1.387 -8.263
4610 105.0 1.385 -8.264
4620 105.0 1.390 -8.262
4430 106.0 2.590 -9.520
4440 106.0 2.620 -9.360
4450 106.0 2.610 -9.170
4460 106.0 2.530 -8.930
4470 106.0 2.480 -8.740
4480 106.0 2.490 -8.470
4490 106.0 2.510 -8.260
4500 106.0 2.460 -8.030
4510 106.0 2.460 -8.036
4520 106.0 2.451 -8.050
4530 106.0 2.444 -8.057
4540 106.0 2.440 -8.078
4550 106.0 2.429 -8.085
4560 106.0 2.436 -8.097
4570 106.0 2.424 -8.102
4580 106.0 2.415 -8.117
4590 106.0 2.414 -8.125
4600 106.0 2.414 -8.134
4610 106.0 2.414 -8.145
4620 106.0 2.419 -8.153
4430 107.0 3.280 -9.490
4440 107.0 3.300 -9.350
4450 107.0 3.300 -9.160
4460 107.0 3.280 -8.910
4470 107.0 3.250 -8.710
4480 107.0 3.230 -8.450
4490 107.0 3.220 -8.290
4500 107.0 3.090 -7.980
4510 107.0 3.078 -7.984
4520 107.0 3.076 -7.992
4530 107.0 3.081 -7.992
4540 107.0 3.076 -8.010
4550 107.0 3.066 -8.012
4560 107.0 3.048 -8.027
4570 107.0 3.057 -8.034
4580 107.0 3.054 -8.037
4590 107.0 3.050 -8.048
4600 107.0 3.048 -8.069
4610 107.0 3.046 -8.080
4620 107.0 3.038 -8.100
4570 110.0 2.560 2.430
4580 110.0 2.450 1.830
4590 110.0 2.510 1.230
4600 110.0 2.540 0.620
4610 110.0 2.560 -0.010
4620 110.0 2.660 -0.620
4630 110.0 2.630 -1.220
4640 110.0 2.800 -1.860
4650 110.0 2.825 -1.840
4660 110.0 2.912 -1.885
4670 110.0 2.863 -2.077
4680 110.0 2.861 -2.278
4690 110.0 2.817 -2.399
4700 110.0 3.139 -2.127
4710 110.0 3.102 -2.419
4720 110.0 3.266 -2.532
4730 110.0 3.283 -2.838
4740 110.0 3.417 -2.740
4750 110.0 3.559 -3.295
4760 110.0 3.953 -2.910
4690 112.0 3.720 -8.770
4700 112.0 3.710 -8.180
4710 112.0 3.720 -7.630
4720 112.0 3.730 -7.060
4730 112.0 3.570 -6.410
4740 112.0 3.440 -5.730
4750 112.0 3.410 -5.190
4760 112.0 3.290 -4.500
4770 112.0 3.263 -4.531
4780 112.0 3.294 -4.437
4790 112.0 3.332 -4.241
4800 112.0 3.335 -4.102
4810 112.0 3.319 -4.002
4820 112.0 3.412 -3.815
4830 112.0 3.357 -3.563
4840 112.0 3.389 -3.369
4850 112.0 3.334 -3.042
4860 112.0 4.070 -2.358
4870 112.0 3.757 -2.831
4880 112.0 3.847 -2.892
5680 119.0 1.300 3.750
5690 119.0 1.230 3.210
5700 119.0 1.250 2.680
5710 119.0 1.240 2.150
5720 119.0 1.230 1.650
5730 119.0 1.210 1.030
5740 119.0 1.230 0.420
5750 119.0 1.290 -0.060
5760 119.0 1.299 -0.064
5770 119.0 1.311 -0.179
5780 119.0 1.315 -0.271
5790 119.0 1.341 -0.392
5800 119.0 1.308 -0.685
5810 119.0 1.319 -0.783
5820 119.0 1.219 -1.287
5830 119.0 1.550 -0.921
5840 119.0 1.825 -0.916
5850 119.0 1.976 -1.159
5860 119.0 1.950 -1.121
5870 119.0 2.146 -1.195
5680 120.0 0.590 3.300
5690 120.0 0.580 2.800
5700 120.0 0.520 2.250
5710 120.0 0.570 1.700
5720 120.0 0.580 1.190
5730 120.0 0.570 0.640
5740 120.0 0.640 0.060
5750 120.0 0.640 -0.430
5760 120.0 0.632 -0.412
5770 120.0 0.667 -0.519
5780 120.0 0.662 -0.561
5790 120.0 0.618 -0.774
5800 120.0 0.665 -0.966
5810 120.0 0.600 -1.086
5820 120.0 0.701 -1.106
5830 120.0 0.752 -1.323
5840 120.0 0.713 -1.705
5850 120.0 0.871 -1.559
5860 120.0 1.165 -1.727
5870 120.0 1.377 -1.556
6790 136.0 3.140 -1.410
6800 136.0 3.150 -1.430
6810 136.0 3.170 -1.460
6820 136.0 3.170 -1.490
6830 136.0 3.180 -1.520
6840 136.0 3.200 -1.520
6850 136.0 3.200 -1.540
6860 136.0 3.190 -1.560
6870 136.0 3.195 -1.563
6880 136.0 3.202 -1.568
6890 136.0 3.202 -1.569
6900 136.0 3.201 -1.581
6910 136.0 3.208 -1.587
6920 136.0 3.213 -1.587
6930 136.0 3.216 -1.596
6940 136.0 3.214 -1.600
6950 136.0 3.215 -1.600
6960 136.0 3.218 -1.602
6970 136.0 3.217 -1.603
6980 136.0 3.215 -1.609
6840 138.0 1.400 -8.320
6850 138.0 1.420 -8.320
6860 138.0 1.440 -8.320
6870 138.0 1.440 -8.320
6880 138.0 1.440 -8.320
6890 138.0 1.480 -8.250
6900 138.0 1.480 -8.260
6910 138.0 1.480 -8.260
6920 138.0 1.485 -8.259
6930 138.0 1.483 -8.256
6940 138.0 1.484 -8.257
6950 138.0 1.485 -8.253
6960 138.0 1.493 -8.249
6970 138.0 1.491 -8.249
6980 138.0 1.491 -8.246
6990 138.0 1.487 -8.245
7000 138.0 1.486 -8.243
7010 138.0 1.486 -8.243
7020 138.0 1.491 -8.244
7030 138.0 1.491 -8.240
6840 139.0 1.230 -9.320
6850 139.0 1.270 -9.300
6860 139.0 1.290 -9.280
6870 139.0 1.280 -9.280
6880 139.0 1.280 -9.290
6890 139.0 1.260 -9.280
6900 139.0 1.190 -9.270
6910 139.0 1.220 -9.270
6920 139.0 1.211 -9.273
6930 139.0 1.208 -9.271
6940 139.0 1.213 -9.265
6950 139.0 1.211 -9.269
6960 139.0 1.217 -9.266
6970 139.0 1.222 -9.262
6980 139.0 1.223 -9.260
6990 139.0 1.224 -9.261
7000 139.0 1.219 -9.258
7010 139.0 1.222 -9.260
7020 139.0 1.225 -9.256
7030 139.0 1.221 -9.251
6890 142.0 0.600 -9.340
6900 142.0 0.600 -8.960
6910 142.0 0.590 -8.500
6920 142.0 0.820 -7.990
6930 142.0 0.990 -7.510
6940 142.0 1.210 -7.030
6950 142.0 1.310 -6.530
6960 142.0 1.280 -6.020
6970 142.0 1.297 -6.032
6980 142.0 1.324 -5.990
6990 142.0 1.334 -5.963
7000 142.0 1.357 -5.939
7010 142.0 1.356 -5.919
7020 142.0 1.363 -5.913
7030 142.0 1.347 -5.920
7040 142.0 1.337 -5.919
7050 142.0 1.320 -5.927
7060 142.0 1.319 -5.926
7070 142.0 1.307 -5.927
7080 142.0 1.311 -5.899
6890 143.0 0.090 -9.200
6900 143.0 0.090 -8.790
6910 143.0 0.100 -8.320
6920 143.0 0.300 -7.810
6930 143.0 0.450 -7.330
6940 143.0 0.490 -6.760
6950 143.0 0.570 -6.280
6960 143.0 0.620 -5.820
6970 143.0 0.600 -5.800
6980 143.0 0.647 -5.755
6990 143.0 0.660 -5.707
7000 143.0 0.668 -5.651
7010 143.0 0.639 -5.635
7020 143.0 0.613 -5.606
7030 143.0 0.603 -5.586
7040 143.0 0.589 -5.573
7050 143.0 0.586 -5.530
7060 143.0 0.574 -5.491
7070 143.0 0.553 -5.435
7080 143.0 0.534 -5.399
6890 144.0 0.010 -6.930
6900 144.0 0.010 -6.930
6910 144.0 0.010 -6.930
6920 144.0 -0.140 -6.840
6930 144.0 -0.230 -6.900
6940 144.0 -0.290 -6.790
6950 144.0 -0.260 -6.820
6960 144.0 -0.260 -6.810
6970 144.0 -0.267 -6.811
6980 144.0 -0.261 -6.810
6990 144.0 -0.268 -6.810
7000 144.0 -0.271 -6.802
7010 144.0 -0.266 -6.801
7020 144.0 -0.271 -6.796
7030 144.0 -0.276 -6.797
7040 144.0 -0.273 -6.797
7050 144.0 -0.273 -6.799
7060 144.0 -0.274 -6.799
7070 144.0 -0.280 -6.803
7080 144.0 -0.290 -6.802
6970 145.0 2.460 2.980
6980 145.0 2.510 2.450
6990 145.0 2.600 1.900
7000 145.0 2.660 1.360
7010 145.0 2.680 0.840
7020 145.0 2.690 0.310
7030 145.0 2.530 -0.180
7040 145.0 2.360 -0.610
7050 145.0 2.372 -0.609
7060 145.0 2.379 -0.715
7070 145.0 2.374 -0.836
7080 145.0 2.337 -0.892
7090 145.0 2.310 -1.115
7100 145.0 2.271 -1.283
7110 145.0 2.320 -1.385
7120 145.0 2.360 -1.505
7130 145.0 2.121 -2.092
7140 145.0 2.349 -2.258
7150 145.0 2.283 -2.544
7160 145.0 2.547 -2.392
7030 150.0 2.970 -1.620
7040 150.0 2.900 -1.710
7050 150.0 2.830 -1.940
7060 150.0 2.730 -2.110
7070 150.0 2.530 -2.260
7080 150.0 2.490 -2.400
7090 150.0 2.430 -2.480
7100 150.0 2.460 -2.560
7110 150.0 2.462 -2.554
7120 150.0 2.460 -2.553
7130 150.0 2.462 -2.549
7140 150.0 2.461 -2.550
7150 150.0 2.464 -2.540
7160 150.0 2.470 -2.537
7170 150.0 2.472 -2.537
7180 150.0 2.465 -2.527
7190 150.0 2.459 -2.523
7200 150.0 2.448 -2.517
7210 150.0 2.445 -2.516
7220 150.0 2.442 -2.511
7480 156.0 1.420 -9.380
7490 156.0 1.450 -8.780
7500 156.0 1.460 -8.110
7510 156.0 1.340 -7.430
7520 156.0 1.360 -6.750
7530 156.0 1.470 -5.970
7540 156.0 1.450 -5.290
7550 156.0 1.450 -4.590
7560 156.0 1.417 -4.718
7570 156.0 1.470 -4.649
7580 156.0 1.432 -4.501
7590 156.0 1.438 -4.408
7600 156.0 1.502 -3.916
7610 156.0 1.577 -4.359
7620 156.0 1.823 -4.129
7630 156.0 2.222 -4.169
7640 156.0 2.478 -3.467
7650 156.0 2.391 -3.784
7660 156.0 2.100 -4.106
7670 156.0 2.511 -3.661
7480 157.0 2.250 -9.310
7490 157.0 2.170 -8.670
7500 157.0 2.120 -8.010
7510 157.0 2.040 -7.340
7520 157.0 2.050 -6.680
7530 157.0 2.110 -5.990
7540 157.0 2.060 -5.280
7550 157.0 2.080 -4.580
7560 157.0 2.026 -4.723
7570 157.0 1.999 -4.627
7580 157.0 2.027 -4.366
7590 157.0 1.978 -4.282
7600 157.0 1.897 -3.979
7610 157.0 1.825 -3.606
7620 157.0 1.777 -3.820
7630 157.0 2.462 -3.831
7640 157.0 2.106 -4.525
7650 157.0 2.205 -4.126
7660 157.0 2.413 -4.452
7670 157.0 2.137 -3.658
9260 174.0 0.950 1.710
9270 174.0 0.960 1.250
9280 174.0 0.950 0.750
9290 174.0 1.000 0.250
9300 174.0 0.990 -0.250
9310 174.0 0.970 -0.750
9320 174.0 1.040 -1.280
9330 174.0 1.020 -1.800
9340 174.0 1.045 -1.781
9350 174.0 1.065 -1.862
9360 174.0 1.087 -1.956
9370 174.0 1.073 -2.083
9380 174.0 1.129 -2.146
9390 174.0 1.099 -2.333
9400 174.0 1.070 -2.361
9410 174.0 1.068 -2.505
9420 174.0 1.059 -2.643
9430 174.0 1.171 -2.657
9440 174.0 1.146 -2.984
9450 174.0 1.448 -3.109
9260 175.0 1.640 2.000
9270 175.0 1.630 1.500
9280 175.0 1.620 1.010
9290 175.0 1.610 0.490
9300 175.0 1.640 -0.010
9310 175.0 1.600 -0.500
9320 175.0 1.580 -1.010
9330 175.0 1.640 -1.520
9340 175.0 1.646 -1.505
9350 175.0 1.652 -1.576
9360 175.0 1.622 -1.676
9370 175.0 1.635 -1.787
9380 175.0 1.650 -1.968
9390 175.0 1.696 -2.058
9400 175.0 1.667 -2.291
9410 175.0 1.609 -2.343
9420 175.0 1.474 -2.597
9430 175.0 1.754 -2.552
9440 175.0 1.772 -2.727
9450 175.0 1.952 -3.036
9370 180.0 -1.090 -6.720
9380 180.0 -1.090 -6.720
9390 180.0 -1.090 -6.720
9400 180.0 -1.090 -6.720
9410 180.0 -1.090 -6.720
9420 180.0 -1.090 -6.720
9430 180.0 -1.090 -6.720
9440 180.0 -1.090 -6.720
9450 180.0 -1.096 -6.721
9460 180.0 -1.090 -6.720
9470 180.0 -1.086 -6.714
9480 180.0 -1.089 -6.717
9490 180.0 -1.089 -6.714
9500 180.0 -1.085 -6.712
9510 180.0 -1.076 -6.701
9520 180.0 -1.072 -6.703
9530 180.0 -1.066 -6.699
9540 180.0 -1.070 -6.699
9550 180.0 -1.063 -6.697
9560 180.0 -1.069 -6.697
9400 181.0 1.170 -9.880
9410 181.0 1.210 -9.220
9420 181.0 1.390 -8.650
9430 181.0 1.580 -8.140
9440 181.0 1.540 -7.670
9450 181.0 1.580 -7.100
9460 181.0 1.730 -6.550
9470 181.0 1.800 -5.920
9480 181.0 1.810 -5.953
9490 181.0 1.845 -5.872
9500 181.0 1.860 -5.831
9510 181.0 1.846 -5.737
9520 181.0 1.844 -5.661
9530 181.0 1.885 -5.575
9540 181.0 1.897 -5.426
9550 181.0 1.892 -5.308
9560 181.0 1.889 -5.177
9570 181.0 1.907 -5.033
9580 181.0 1.896 -5.027
9590 181.0 1.957 -4.639
9400 182.0 1.890 -9.650
9410 182.0 1.920 -9.050
9420 182.0 1.980 -8.510
9430 182.0 2.150 -7.980
9440 182.0 2.170 -7.280
9450 182.0 2.210 -6.760
9460 182.0 2.280 -6.140
9470 182.0 2.390 -5.440
9480 182.0 2.366 -5.514
9490 182.0 2.399 -5.397
9500 182.0 2.412 -5.306
9510 182.0 2.442 -5.168
9520 182.0 2.491 -5.106
9530 182.0 2.430 -4.970
9540 182.0 2.423 -4.787
9550 182.0 2.445 -4.668
9560 182.0 2.613 -4.604
9570 182.0 2.681 -4.178
9580 182.0 2.700 -4.331
9590 182.0 2.949 -4.398
9410 185.0 -0.880 -1.080
9420 185.0 -0.860 -1.040
9430 185.0 -0.850 -1.000
9440 185.0 -0.850 -1.000
9450 185.0 -0.870 -1.030
9460 185.0 -0.910 -1.070
9470 185.0 -0.930 -1.090
9480 185.0 -0.930 -1.070
9490 185.0 -0.925 -1.067
9500 185.0 -0.924 -1.066
9510 185.0 -0.923 -1.062
9520 185.0 -0.918 -1.061
9530 185.0 -0.922 -1.056
9540 185.0 -0.927 -1.051
9550 185.0 -0.932 -1.053
9560 185.0 -0.935 -1.049
9570 185.0 -0.934 -1.045
9580 185.0 -0.937 -1.047
9590 185.0 -0.940 -1.041
9600 185.0 -0.943 -1.033
9420 187.0 1.710 2.670
9430 187.0 1.750 2.050
9440 187.0 1.810 1.480
9450 187.0 1.890 0.910
9460 187.0 1.900 0.320
9470 187.0 1.920 -0.290
9480 187.0 1.850 -1.010
9490 187.0 1.700 -1.600
9500 187.0 1.738 -1.514
9510 187.0 1.742 -1.595
9520 187.0 1.665 -1.695
9530 187.0 1.722 -1.662
9540 187.0 1.697 -1.945
9550 187.0 1.932 -1.808
9560 187.0 1.936 -2.408
9570 187.0 1.813 -2.589
9580 187.0 1.887 -2.121
9590 187.0 2.296 -2.444
9600 187.0 2.505 -2.234
9610 187.0 2.643 -2.331
9460 192.0 2.070 3.850
9470 192.0 2.100 3.270
9480 192.0 2.180 2.630
9490 192.0 2.140 1.990
9500 192.0 2.100 1.290
9510 192.0 2.030 0.570
9520 192.0 1.900 0.000
9530 192.0 1.770 -0.570
9540 192.0 1.843 -0.406
9550 192.0 1.809 -0.646
9560 192.0 1.873 -0.823
9570 192.0 1.736 -1.169
9580 192.0 1.758 -1.321
9590 192.0 1.702 -1.440
9600 192.0 1.779 -1.282
9610 192.0 1.578 -1.780
9620 192.0 2.193 -1.395
9630 192.0 2.539 -1.637
9640 192.0 2.619 -2.069
9650 192.0 2.548 -2.015
9500 194.0 1.720 -8.940
9510 194.0 1.780 -8.300
9520 194.0 1.800 -7.810
9530 194.0 1.880 -7.260
9540 194.0 1.960 -6.650
9550 194.0 1.980 -6.050
9560 194.0 2.040 -5.440
9570 194.0 2.060 -4.850
9580 194.0 2.049 -4.916
9590 194.0 2.064 -4.813
9600 194.0 2.056 -4.714
9610 194.0 2.115 -4.605
9620 194.0 2.078 -4.477
9630 194.0 2.114 -4.336
9640 194.0 2.108 -4.194
9650 194.0 2.122 -4.083
9660 194.0 2.142 -3.881
9670 194.0 2.209 -3.710
9680 194.0 2.072 -3.354
9690 194.0 2.416 -3.969
9500 195.0 2.240 -9.130
9510 195.0 2.310 -8.510
9520 195.0 2.350 -7.950
9530 195.0 2.430 -7.420
9540 195.0 2.480 -6.870
9550 195.0 2.470 -6.200
9560 195.0 2.530 -5.600
9570 195.0 2.560 -5.010
9580 195.0 2.521 -5.016
9590 195.0 2.545 -4.947
9600 195.0 2.528 -4.830
9610 195.0 2.505 -4.722
9620 195.0 2.550 -4.669
9630 195.0 2.512 -4.513
9640 195.0 2.541 -4.337
9650 195.0 2.558 -4.323
9660 195.0 2.570 -4.072
9670 195.0 2.688 -4.176
9680 195.0 2.846 -4.097
9690 195.0 2.794 -3.837
9500 196.0 2.070 3.900
9510 196.0 2.000 3.360
9520 196.0 2.050 2.770
9530 196.0 1.970 2.080
9540 196.0 1.900 1.490
9550 196.0 1.810 0.870
9560 196.0 1.660 0.320
9570 196.0 1.570 -0.300
9580 196.0 1.594 -0.271
9590 196.0 1.521 -0.361
9600 196.0 1.483 -0.559
9610 196.0 1.433 -0.758
9620 196.0 1.513 -1.001
9630 196.0 1.642 -0.802
9640 196.0 1.499 -1.351
9650 196.0 1.875 -1.161
9660 196.0 2.092 -0.750
9670 196.0 2.187 -0.987
9680 196.0 1.897 -1.817
9690 196.0 2.115 -1.684
9510 199.0 -1.420 -3.510
9520 199.0 -1.310 -3.570
9530 199.0 -1.120 -3.530
9540 199.0 -1.050 -3.550
9550 199.0 -0.980 -3.660
9560 199.0 -0.740 -3.670
9570 199.0 -0.610 -3.720
9580 199.0 -0.490 -3.890
9590 199.0 -0.486 -3.886
9600 199.0 -0.475 -3.891
9610 199.0 -0.468 -3.893
9620 199.0 -0.458 -3.893
9630 199.0 -0.447 -3.898
9640 199.0 -0.438 -3.898
9650 199.0 -0.434 -3.898
9660 199.0 -0.432 -3.904
9670 199.0 -0.424 -3.909
9680 199.0 -0.427 -3.916
9690 199.0 -0.419 -3.923
9700 199.0 -0.410 -3.926
9550 200.0 2.010 -9.810
9560 200.0 1.990 -9.270
9570 200.0 2.060 -8.710
9580 200.0 2.130 -8.190
9590 200.0 2.130 -7.640
9600 200.0 2.140 -7.030
9610 200.0 2.120 -6.460
9620 200.0 2.130 -5.900
9630 200.0 2.098 -5.918
9640 200.0 2.066 -5.860
9650 200.0 2.074 -5.745
9660 200.0 2.060 -5.680
9670 200.0 2.070 -5.580
9680 200.0 2.061 -5.452
9690 200.0 2.089 -5.320
9700 200.0 2.120 -5.144
9710 200.0 2.167 -5.046
9720 200.0 2.177 -4.861
9730 200.0 2.165 -4.580
9740 200.0 2.322 -4.823
9550 201.0 2.780 -9.950
9560 201.0 2.740 -9.370
9570 201.0 2.770 -8.830
9580 201.0 2.840 -8.300
9590 201.0 2.840 -7.750
9600 201.0 2.820 -7.150
9610 201.0 2.860 -6.580
9620 201.0 2.860 -6.040
9630 201.0 2.848 -6.028
9640 201.0 2.852 -5.950
9650 201.0 2.872 -5.856
9660 201.0 2.814 -5.734
9670 201.0 2.774 -5.671
9680 201.0 2.778 -5.589
9690 201.0 2.787 -5.423
9700 201.0 2.852 -5.335
9710 201.0 2.854 -5.148
9720 201.0 2.823 -5.165
9730 201.0 2.940 -4.850
9740 201.0 3.111 -4.730
9590 203.0 0.940 4.050
9600 203.0 1.040 3.550
9610 203.0 0.950 3.070
9620 203.0 0.910 2.620
9630 203.0 0.930 2.130
9640 203.0 0.850 1.670
9650 203.0 0.830 1.170
9660 203.0 0.750 0.700
9670 203.0 0.750 0.705
9680 203.0 0.751 0.655
9690 203.0 0.738 0.578
9700 203.0 0.702 0.521
9710 203.0 0.698 0.438
9720 203.0 0.709 0.405
9730 203.0 0.720 0.291
9740 203.0 0.793 0.249
9750 203.0 0.763 0.128
9760 203.0 0.705 -0.164
9770 203.0 0.652 -0.335
9780 203.0 0.545 -0.723
9610 204.0 -0.120 -5.850
9620 204.0 -0.120 -5.850
9630 204.0 -0.430 -6.030
9640 204.0 -0.620 -6.040
9650 204.0 -0.900 -5.920
9660 204.0 -1.100 -5.880
9670 204.0 -1.240 -5.880
9680 204.0 -1.360 -5.800
9690 204.0 -1.357 -5.806
9700 204.0 -1.365 -5.809
9710 204.0 -1.364 -5.820
9720 204.0 -1.357 -5.833
9730 204.0 -1.353 -5.838
9740 204.0 -1.348 -5.848
9750 204.0 -1.346 -5.854
9760 204.0 -1.344 -5.861
9770 204.0 -1.340 -5.866
9780 204.0 -1.340 -5.872
9790 204.0 -1.333 -5.879
9800 204.0 -1.330 -5.886
9660 206.0 1.260 3.880
9670 206.0 1.240 3.450
9680 206.0 1.160 2.940
9690 206.0 1.140 2.420
9700 206.0 1.080 1.840
9710 206.0 1.110 1.240
9720 206.0 1.100 0.660
9730 206.0 1.130 -0.020
9740 206.0 1.127 0.044
9750 206.0 1.136 -0.101
9760 206.0 1.164 -0.169
9770 206.0 1.200 -0.216
9780 206.0 1.088 -0.438
9790 206.0 1.111 -0.547
9800 206.0 1.012 -1.074
9810 206.0 1.029 -1.336
9820 206.0 0.811 -1.727
9830 206.0 0.951 -2.011
9840 206.0 0.769 -1.858
9850 206.0 0.838 -1.821
10050 222.0 -0.940 -0.960
10060 222.0 -0.990 -1.050
10070 222.0 -1.020 -1.150
10080 222.0 -1.020 -1.200
10090 222.0 -1.060 -1.200
10100 222.0 -1.090 -1.170
10110 222.0 -1.110 -1.150
10120 222.0 -1.110 -1.130
10130 222.0 -1.102 -1.132
10140 222.0 -1.100 -1.133
10150 222.0 -1.100 -1.135
10160 222.0 -1.094 -1.134
10170 222.0 -1.088 -1.142
10180 222.0 -1.086 -1.145
10190 222.0 -1.081 -1.148
10200 222.0 -1.071 -1.149
10210 222.0 -1.066 -1.149
10220 222.0 -1.066 -1.149
10230 222.0 -1.057 -1.152
10240 222.0 -1.048 -1.160
10060 223.0 1.500 4.070
10070 223.0 1.440 3.690
10080 223.0 1.630 3.220
10090 223.0 1.650 2.780
10100 223.0 1.620 2.320
10110 223.0 1.650 1.870
10120 223.0 1.710 1.440
10130 223.0 1.630 1.040
10140 223.0 1.634 1.052
10150 223.0 1.628 0.995
10160 223.0 1.640 0.953
10170 223.0 1.667 0.903
10180 223.0 1.678 0.858
10190 223.0 1.724 0.823
10200 223.0 1.760 0.789
10210 223.0 1.758 0.727
10220 223.0 1.779 0.677
10230 223.0 1.761 0.590
10240 223.0 1.801 0.526
10250 223.0 1.810 0.441
10070 224.0 0.500 4.180
10080 224.0 0.550 3.770
10090 224.0 0.710 3.400
10100 224.0 0.740 2.980
10110 224.0 0.730 2.540
10120 224.0 0.920 2.130
10130 224.0 0.950 1.690
10140 224.0 0.900 1.150
10150 224.0 0.907 1.165
10160 224.0 0.911 1.125
10170 224.0 0.921 1.100
10180 224.0 0.947 1.061
10190 224.0 0.957 1.005
10200 224.0 0.988 0.969
10210 224.0 1.005 0.947
10220 224.0 1.032 0.915
10230 224.0 1.064 0.847
10240 224.0 1.068 0.772
10250 224.0 1.089 0.706
10260 224.0 1.114 0.619
10080 226.0 1.620 -9.940
10090 226.0 1.720 -9.500
10100 226.0 1.710 -8.990
10110 226.0 1.700 -8.500
10120 226.0 1.640 -8.020
10130 226.0 1.500 -7.490
10140 226.0 1.450 -6.960
10150 226.0 1.400 -6.460
10160 226.0 1.389 -6.469
10170 226.0 1.380 -6.423
10180 226.0 1.368 -6.334
10190 226.0 1.338 -6.320
10200 226.0 1.336 -6.295
10210 226.0 1.338 -6.267
10220 226.0 1.315 -6.248
10230 226.0 1.318 -6.188
10240 226.0 1.300 -6.156
10250 226.0 1.299 -6.115
10260 226.0 1.295 -6.033
10270 226.0 1.279 -5.942
10110 227.0 1.720 3.870
10120 227.0 1.800 3.320
10130 227.0 1.830 2.820
10140 227.0 2.020 2.310
10150 227.0 2.090 1.820
10160 227.0 2.020 1.310
10170 227.0 2.030 0.800
10180 227.0 1.950 0.380
10190 227.0 1.946 0.361
10200 227.0 1.977 0.303
10210 227.0 1.985 0.198
10220 227.0 2.024 0.096
10230 227.0 2.075 0.042
10240 227.0 2.095 -0.025
10250 227.0 2.075 -0.165
10260 227.0 2.152 -0.176
10270 227.0 2.192 -0.320
10280 227.0 2.284 -0.613
10290 227.0 2.557 -0.542
10300 227.0 2.569 -0.786
10260 230.0 0.930 -9.760
10270 230.0 0.760 -9.200
10280 230.0 0.630 -8.650
10290 230.0 0.580 -8.080
10300 230.0 0.450 -7.480
10310 230.0 0.410 -6.950
10320 230.0 0.410 -6.360
10330 230.0 0.350 -5.750
10340 230.0 0.370 -5.800
10350 230.0 0.354 -5.679
10360 230.0 0.357 -5.577
10370 230.0 0.345 -5.463
10380 230.0 0.370 -5.334
10390 230.0 0.355 -5.162
10400 230.0 0.334 -5.000
10410 230.0 0.420 -4.847
10420 230.0 0.347 -4.526
10430 230.0 0.226 -4.583
10440 230.0 0.561 -4.101
10450 230.0 0.991 -4.672
10260 231.0 2.750 -9.510
10270 231.0 2.860 -9.170
10280 231.0 2.920 -8.790
10290 231.0 2.950 -8.320
10300 231.0 3.050 -7.920
10310 231.0 3.110 -7.530
10320 231.0 3.100 -7.140
10330 231.0 3.140 -6.780
10340 231.0 3.136 -6.780
10350 231.0 3.151 -6.770
10360 231.0 3.153 -6.763
10370 231.0 3.148 -6.777
10380 231.0 3.143 -6.795
10390 231.0 3.148 -6.799
10400 231.0 3.146 -6.807
10410 231.0 3.128 -6.808
10420 231.0 3.137 -6.821
10430 231.0 3.121 -6.839
10440 231.0 3.108 -6.855
10450 231.0 3.108 -6.867
10260 232.0 3.520 -10.010
10270 232.0 3.430 -9.550
10280 232.0 3.440 -9.170
10290 232.0 3.540 -8.780
10300 232.0 3.560 -8.350
10310 232.0 3.560 -7.920
10320 232.0 3.630 -7.490
10330 232.0 3.590 -7.110
10340 232.0 3.575 -7.097
10350 232.0 3.571 -7.079
10360 232.0 3.556 -7.038
10370 232.0 3.550 -7.041
10380 232.0 3.539 -7.042
10390 232.0 3.533 -7.049
10400 232.0 3.495 -7.044
10410 232.0 3.487 -7.046
10420 232.0 3.461 -7.041
10430 232.0 3.462 -7.045
10440 232.0 3.449 -7.054
10450 232.0 3.437 -7.061
10260 233.0 -1.110 -6.760
10270 233.0 -1.110 -6.760
10280 233.0 -1.110 -6.760
10290 233.0 -1.110 -6.760
10300 233.0 -1.090 -6.760
10310 233.0 -1.090 -6.760
10320 233.0 -1.090 -6.760
10330 233.0 -1.090 -6.760
10340 233.0 -1.090 -6.759
10350 233.0 -1.089 -6.763
10360 233.0 -1.090 -6.763
10370 233.0 -1.084 -6.761
10380 233.0 -1.092 -6.764
10390 233.0 -1.093 -6.763
10400 233.0 -1.091 -6.761
10410 233.0 -1.098 -6.760
10420 233.0 -1.091 -6.765
10430 233.0 -1.089 -6.768
10440 233.0 -1.091 -6.767
10450 233.0 -1.084 -6.770
10370 235.0 4.000 -9.300
10380 235.0 4.020 -8.910
10390 235.0 4.040 -8.550
10400 235.0 3.970 -8.190
10410 235.0 3.920 -7.870
10420 235.0 3.980 -7.550
10430 235.0 3.940 -7.210
10440 235.0 3.870 -6.890
10450 235.0 3.865 -6.884
10460 235.0 3.849 -6.890
10470 235.0 3.828 -6.896
10480 235.0 3.813 -6.900
10490 235.0 3.795 -6.914
10500 235.0 3.794 -6.938
10510 235.0 3.791 -6.946
10520 235.0 3.782 -6.965
10530 235.0 3.775 -6.987
10540 235.0 3.765 -7.012
10550 235.0 3.756 -7.031
10560 235.0 3.731 -7.051
10370 236.0 3.420 -9.440
10380 236.0 3.380 -9.100
10390 236.0 3.330 -8.760
10400 236.0 3.350 -8.410
10410 236.0 3.340 -8.070
10420 236.0 3.260 -7.660
10430 236.0 3.240 -7.320
10440 236.0 3.290 -6.880
10450 236.0 3.266 -6.879
10460 236.0 3.270 -6.869
10470 236.0 3.260 -6.864
10480 236.0 3.256 -6.865
10490 236.0 3.235 -6.877
10500 236.0 3.232 -6.901
10510 236.0 3.226 -6.917
10520 236.0 3.211 -6.938
10530 236.0 3.197 -6.954
10540 236.0 3.184 -6.977
10550 236.0 3.169 -6.993
10560 236.0 3.162 -7.015
10520 240.0 3.040 -9.010
10530 240.0 3.080 -8.440
10540 240.0 3.080 -7.850
10550 240.0 3.030 -7.230
10560 240.0 3.070 -6.620
10570 240.0 2.960 -5.980
10580 240.0 2.930 -5.330
10590 240.0 2.860 -4.690
10600 240.0 2.841 -4.741
10610 240.0 2.828 -4.685
10620 240.0 2.824 -4.569
10630 240.0 2.822 -4.427
10640 240.0 2.857 -4.414
10650 240.0 2.883 -4.253
10660 240.0 2.951 -4.075
10670 240.0 2.928 -3.724
10680 240.0 3.127 -3.473
10690 240.0 3.176 -3.572
10700 240.0 3.164 -3.516
10710 240.0 3.553 -3.880
10710 254.0 2.840 -9.900
10720 254.0 2.770 -9.220
10730 254.0 2.780 -8.530
10740 254.0 2.780 -7.890
10750 254.0 2.760 -7.250
10760 254.0 2.800 -6.590
10770 254.0 2.790 -5.910
10780 254.0 2.800 -5.300
10790 254.0 2.784 -5.383
10800 254.0 2.837 -5.220
10810 254.0 2.880 -5.092
10820 254.0 2.925 -4.868
10830 254.0 2.883 -4.798
10840 254.0 3.062 -4.771
10850 254.0 3.410 -4.517
10860 254.0 3.129 -4.102
10870 254.0 3.355 -4.687
10880 254.0 3.128 -4.796
10890 254.0 2.959 -4.182
10900 254.0 3.451 -4.109
10850 259.0 3.580 2.970
10860 259.0 3.460 2.390
10870 259.0 3.450 1.840
10880 259.0 3.480 1.320
10890 259.0 3.450 0.770
10900 259.0 3.450 0.200
10910 259.0 3.430 -0.360
10920 259.0 3.400 -0.940
10930 259.0 3.394 -0.919
10940 259.0 3.408 -1.010
10950 259.0 3.444 -1.068
10960 259.0 3.401 -1.303
10970 259.0 3.321 -1.514
10980 259.0 3.449 -1.549
10990 259.0 3.504 -1.430
11000 259.0 3.639 -1.753
11010 259.0 3.592 -1.983
11020 259.0 3.509 -2.278
11030 259.0 3.216 -2.617
11040 259.0 3.236 -3.283
10900 261.0 1.270 3.920
10910 261.0 1.350 3.260
10920 261.0 1.410 2.680
10930 261.0 1.470 2.080
10940 261.0 1.680 1.460
10950 261.0 1.790 0.850
10960 261.0 1.890 0.260
10970 261.0 2.050 -0.340
10980 261.0 2.000 -0.305
10990 261.0 1.967 -0.474
11000 261.0 1.948 -0.604
11010 261.0 1.930 -0.813
11020 261.0 1.943 -0.952
11030 261.0 2.234 -0.847
11040 261.0 2.087 -1.358
11050 261.0 2.412 -1.019
11060 261.0 2.541 -1.184
11070 261.0 2.479 -1.582
11080 261.0 2.305 -2.202
11090 261.0 2.034 -2.703
11000 262.0 3.390 -9.440
11010 262.0 3.450 -8.860
11020 262.0 3.430 -8.250
11030 262.0 3.480 -7.660
11040 262.0 3.430 -6.990
11050 262.0 3.370 -6.350
11060 262.0 3.310 -5.750
11070 262.0 3.220 -5.170
11080 262.0 3.205 -5.267
11090 262.0 3.209 -5.129
11100 262.0 3.199 -5.001
11110 262.0 3.230 -4.946
11120 262.0 3.211 -4.746
11130 262.0 3.216 -4.561
11140 262.0 3.298 -4.258
11150 262.0 3.241 -4.406
11160 262.0 3.514 -4.092
11170 262.0 3.641 -3.930
11180 262.0 3.631 -3.699
11190 262.0 3.561 -4.286
11010 263.0 1.150 -10.150
11020 263.0 1.190 -9.460
11030 263.0 1.260 -8.820
11040 263.0 1.230 -8.210
11050 263.0 1.240 -7.580
11060 263.0 1.330 -6.890
11070 263.0 1.390 -6.210
11080 263.0 1.540 -5.580
11090 263.0 1.479 -5.669
11100 263.0 1.491 -5.553
11110 263.0 1.451 -5.416
11120 263.0 1.431 -5.182
11130 263.0 1.575 -5.039
11140 263.0 1.585 -5.127
11150 263.0 1.617 -4.881
11160 263.0 1.722 -5.330
11170 263.0 1.489 -5.157
11180 263.0 1.771 -5.638
11190 263.0 2.070 -4.869
11200 263.0 2.644 -4.617
11150 264.0 1.860 3.350
11160 264.0 1.870 2.800
11170 264.0 1.740 2.230
11180 264.0 1.780 1.630
11190 264.0 1.670 1.050
11200 264.0 1.620 0.460
11210 264.0 1.650 -0.140
11220 264.0 1.550 -0.760
11230 264.0 1.559 -0.707
11240 264.0 1.609 -0.815
11250 264.0 1.534 -1.042
11260 264.0 1.421 -1.145
11270 264.0 1.352 -1.546
11280 264.0 1.424 -1.616
11290 264.0 1.303 -2.069
11300 264.0 1.626 -1.945
11310 264.0 1.694 -1.971
11320 264.0 1.639 -1.927
11330 264.0 1.908 -1.911
11340 264.0 2.185 -1.636
11350 265.0 0.780 3.000
11360 265.0 0.800 2.480
11370 265.0 0.800 1.960
11380 265.0 0.850 1.400
11390 265.0 0.850 0.870
11400 265.0 0.800 0.340
11410 265.0 0.820 -0.220
11420 265.0 0.800 -0.730
11430 265.0 0.825 -0.692
11440 265.0 0.844 -0.781
11450 265.0 0.885 -0.888
11460 265.0 0.896 -1.042
11470 265.0 0.891 -1.175
11480 265.0 0.935 -1.339
11490 265.0 0.979 -1.521
11500 265.0 0.868 -2.027
11510 265.0 1.037 -2.338
11520 265.0 1.212 -2.559
11530 265.0 1.051 -2.530
11540 265.0 0.673 -3.311
11350 266.0 -0.830 2.360
11360 266.0 -0.830 2.360
11370 266.0 -0.830 2.360
11380 266.0 -0.830 2.360
11390 266.0 -0.830 2.360
11400 266.0 -0.830 2.360
11410 266.0 -0.830 2.360
11420 266.0 -0.830 2.360
11430 266.0 -0.826 2.360
11440 266.0 -0.818 2.363
11450 266.0 -0.820 2.361
11460 266.0 -0.819 2.361
11470 266.0 -0.818 2.361
11480 266.0 -0.813 2.361
11490 266.0 -0.810 2.363
11500 266.0 -0.807 2.366
11510 266.0 -0.804 2.370
11520 266.0 -0.807 2.373
11530 266.0 -0.801 2.371
11540 266.0 -0.801 2.372
11770 277.0 0.280 1.490
11780 277.0 0.230 0.930
11790 277.0 0.210 0.370
11800 277.0 0.200 -0.190
11810 277.0 0.140 -0.710
11820 277.0 0.100 -1.270
11830 277.0 0.200 -1.850
11840 277.0 0.240 -2.390
11850 277.0 0.244 -2.355
11860 277.0 0.292 -2.453
11870 277.0 0.291 -2.594
11880 277.0 0.299 -2.691
11890 277.0 0.234 -2.958
11900 277.0 0.090 -3.117
11910 277.0 0.210 -3.107
11920 277.0 0.078 -3.632
11930 277.0 0.263 -3.969
11940 277.0 0.330 -4.708
11950 277.0 0.712 -3.398
11960 277.0 0.383 -3.994
11770 278.0 1.340 4.050
11780 278.0 1.240 3.410
11790 278.0 1.200 2.780
11800 278.0 1.150 2.140
11810 278.0 1.180 1.490
11820 278.0 1.190 0.890
11830 278.0 1.170 0.240
11840 278.0 1.220 -0.430
11850 278.0 1.322 -0.319
11860 278.0 1.377 -0.410
11870 278.0 1.263 -0.623
11880 278.0 1.346 -0.518
11890 278.0 1.445 -0.736
11900 278.0 1.689 -0.893
11910 278.0 1.588 -1.043
11920 278.0 1.898 -0.881
11930 278.0 1.981 -1.019
11940 278.0 2.232 -0.835
11950 278.0 2.363 -0.583
11960 278.0 2.227 -0.849
11790 282.0 3.500 -8.700
11800 282.0 3.520 -8.110
11810 282.0 3.560 -7.490
11820 282.0 3.620 -6.810
11830 282.0 3.620 -6.190
11840 282.0 3.620 -5.570
11850 282.0 3.620 -4.940
11860 282.0 3.630 -4.370
11870 282.0 3.647 -4.377
11880 282.0 3.663 -4.278
11890 282.0 3.658 -4.146
11900 282.0 3.672 -4.081
11910 282.0 3.771 -3.885
11920 282.0 3.732 -3.610
11930 282.0 3.693 -3.498
11940 282.0 3.880 -3.650
11950 282.0 3.727 -3.656
11960 282.0 3.741 -3.369
11970 282.0 3.772 -3.019
11980 282.0 4.077 -3.558
12450 288.0 3.100 -7.400
12460 288.0 3.030 -6.720
12470 288.0 2.950 -6.060
12480 288.0 2.910 -5.430
12490 288.0 2.910 -4.790
12500 288.0 2.860 -4.120
12510 288.0 2.770 -3.440
12520 288.0 2.590 -2.840
12530 288.0 2.541 -2.861
12540 288.0 2.549 -2.708
12550 288.0 2.588 -2.625
12560 288.0 2.642 -2.468
12570 288.0 2.623 -2.330
12580 288.0 2.688 -2.152
12590 288.0 2.881 -2.430
12600 288.0 3.016 -2.570
12610 288.0 3.198 -2.262
12620 288.0 3.185 -2.595
12630 288.0 3.586 -1.684
12640 288.0 3.305 -2.896
12480 289.0 2.980 -7.110
12490 289.0 2.980 -6.500
12500 289.0 2.880 -5.870
12510 289.0 2.810 -5.270
12520 289.0 2.790 -4.610
12530 289.0 2.650 -4.010
12540 289.0 2.540 -3.410
12550 289.0 2.390 -2.810
12560 289.0 2.408 -2.899
12570 289.0 2.412 -2.765
12580 289.0 2.441 -2.637
12590 289.0 2.411 -2.485
12600 289.0 2.396 -2.387
12610 289.0 2.459 -2.055
12620 289.0 2.455 -1.824
12630 289.0 2.443 -1.835
12640 289.0 2.437 -1.629
12650 289.0 2.447 -1.235
12660 289.0 2.698 -1.253
12670 289.0 2.733 -1.101
12520 292.0 -0.850 2.360
12530 292.0 -0.850 2.360
12540 292.0 -0.850 2.360
12550 292.0 -0.850 2.360
12560 292.0 -0.850 2.360
12570 292.0 -0.850 2.360
12580 292.0 -0.850 2.360
12590 292.0 -0.850 2.360
12600 292.0 -0.848 2.358
12610 292.0 -0.847 2.362
12620 292.0 -0.845 2.356
12630 292.0 -0.841 2.353
12640 292.0 -0.840 2.355
12650 292.0 -0.834 2.355
12660 292.0 -0.833 2.357
12670 292.0 -0.829 2.358
12680 292.0 -0.829 2.356
12690 292.0 -0.829 2.353
12700 292.0 -0.821 2.352
12710 292.0 -0.816 2.352
12520 293.0 -0.810 4.040
12530 293.0 -0.810 4.040
12540 293.0 -0.810 4.040
12550 293.0 -0.810 4.040
12560 293.0 -0.810 4.040
12570 293.0 -0.810 4.040
12580 293.0 -0.810 4.040
12590 293.0 -0.810 4.040
12600 293.0 -0.808 4.044
12610 293.0 -0.808 4.046
12620 293.0 -0.801 4.051
12630 293.0 -0.807 4.054
12640 293.0 -0.798 4.051
12650 293.0 -0.798 4.053
12660 293.0 -0.795 4.057
12670 293.0 -0.795 4.057
12680 293.0 -0.799 4.057
12690 293.0 -0.794 4.056
12700 293.0 -0.793 4.057
12710 293.0 -0.800 4.062
12520 294.0 -0.390 4.310
12530 294.0 -0.400 4.150
12540 294.0 -0.400 4.060
12550 294.0 -0.410 4.200
12560 294.0 -0.420 4.110
12570 294.0 -0.420 4.040
12580 294.0 -0.420 4.020
12590 294.0 -0.460 4.220
12600 294.0 -0.458 4.208
12610 294.0 -0.459 4.204
12620 294.0 -0.447 4.197
12630 294.0 -0.436 4.193
12640 294.0 -0.428 4.185
12650 294.0 -0.425 4.183
12660 294.0 -0.416 4.176
12670 294.0 -0.398 4.169
12680 294.0 -0.392 4.164
12690 294.0 -0.385 4.159
12700 294.0 -0.377 4.148
12710 294.0 -0.365 4.139
12700 296.0 1.280 3.220
12710 296.0 1.230 2.620
12720 296.0 1.160 2.010
12730 296.0 1.170 1.300
12740 296.0 1.120 0.640
12750 296.0 1.130 0.000
12760 296.0 1.070 -0.650
12770 296.0 1.010 -1.280
12780 296.0 0.951 -1.229
12790 296.0 0.908 -1.301
12800 296.0 0.940 -1.206
12810 296.0 0.925 -1.416
12820 296.0 0.973 -1.647
12830 296.0 0.988 -1.688
12840 296.0 1.227 -1.734
12850 296.0 1.492 -1.692
12860 296.0 1.811 -1.481
12870 296.0 1.887 -1.319
12880 296.0 2.176 -1.520
12890 296.0 2.152 -2.184
12700 297.0 1.850 3.280
12710 297.0 1.790 2.680
12720 297.0 1.770 2.070
12730 297.0 1.800 1.360
12740 297.0 1.780 0.720
12750 297.0 1.770 0.070
12760 297.0 1.830 -0.700
12770 297.0 1.790 -1.350
12780 297.0 1.898 -1.214
12790 297.0 1.774 -1.335
12800 297.0 1.723 -1.382
12810 297.0 1.676 -1.745
12820 297.0 1.681 -1.827
12830 297.0 1.631 -1.876
12840 297.0 1.509 -2.299
12850 297.0 1.476 -2.704
12860 297.0 1.834 -2.017
12870 297.0 1.952 -2.143
12880 297.0 2.128 -2.353
12890 297.0 2.516 -2.238
12900 303.0 -2.000 0.220
12910 303.0 -1.890 0.040
12920 303.0 -1.820 -0.260
12930 303.0 -1.670 -0.440
12940 303.0 -1.450 -0.510
12950 303.0 -1.270 -0.500
12960 303.0 -1.220 -0.460
12970 303.0 -1.050 -0.410
12980 303.0 -1.049 -0.411
12990 303.0 -1.026 -0.410
13000 303.0 -1.014 -0.407
13010 303.0 -0.999 -0.407
13020 303.0 -0.986 -0.411
13030 303.0 -0.975 -0.407
13040 303.0 -0.960 -0.403
13050 303.0 -0.947 -0.400
13060 303.0 -0.940 -0.398
13070 303.0 -0.931 -0.392
13080 303.0 -0.920 -0.391
13090 303.0 -0.905 -0.388
12980 304.0 2.260 3.620
12990 304.0 2.280 3.000
13000 304.0 2.380 2.500
13010 304.0 2.390 1.890
13020 304.0 2.440 1.280
13030 304.0 2.530 0.610
13040 304.0 2.560 0.090
13050 304.0 2.680 -0.540
13060 304.0 2.669 -0.489
13070 304.0 2.633 -0.547
13080 304.0 2.623 -0.698
13090 304.0 2.574 -0.974
13100 304.0 2.689 -0.832
13110 304.0 2.762 -0.927
13120 304.0 3.013 -1.158
13130 304.0 3.097 -1.560
13140 304.0 3.126 -1.760
13150 304.0 3.472 -1.661
13160 304.0 3.546 -1.792
13170 304.0 3.782 -1.574
13010 306.0 1.140 3.160
13020 306.0 1.150 2.660
13030 306.0 1.140 2.120
13040 306.0 1.170 1.600
13050 306.0 1.180 1.100
13060 306.0 1.120 0.540
13070 306.0 1.040 -0.090
13080 306.0 0.980 -0.630
13090 306.0 1.013 -0.603
13100 306.0 1.045 -0.719
13110 306.0 1.067 -0.833
13120 306.0 1.034 -0.973
13130 306.0 1.022 -1.273
13140 306.0 0.933 -1.526
13150 306.0 0.995 -1.640
13160 306.0 1.029 -1.912
13170 306.0 1.020 -2.065
13180 306.0 1.172 -2.265
13190 306.0 1.139 -2.810
13200 306.0 0.926 -2.693
13060 307.0 2.600 -8.670
13070 307.0 2.490 -8.260
13080 307.0 2.470 -7.740
13090 307.0 2.500 -7.260
13100 307.0 2.470 -6.780
13110 307.0 2.460 -6.280
13120 307.0 2.530 -5.810
13130 307.0 2.550 -5.370
13140 307.0 2.525 -5.394
13150 307.0 2.515 -5.352
13160 307.0 2.504 -5.322
13170 307.0 2.488 -5.292
13180 307.0 2.466 -5.291
13190 307.0 2.443 -5.276
13200 307.0 2.440 -5.258
13210 307.0 2.430 -5.223
13220 307.0 2.412 -5.193
13230 307.0 2.378 -5.183
13240 307.0 2.370 -5.170
13250 307.0 2.372 -5.128
13130 309.0 -1.540 -6.730
13140 309.0 -1.540 -6.730
13150 309.0 -1.540 -6.730
13160 309.0 -1.560 -6.710
13170 309.0 -1.560 -6.710
13180 309.0 -1.560 -6.710
13190 309.0 -1.580 -6.690
13200 309.0 -1.580 -6.680
13210 309.0 -1.581 -6.680
13220 309.0 -1.584 -6.677
13230 309.0 -1.583 -6.682
13240 309.0 -1.576 -6.675
13250 309.0 -1.572 -6.669
13260 309.0 -1.572 -6.664
13270 309.0 -1.572 -6.661
13280 309.0 -1.567 -6.659
13290 309.0 -1.568 -6.656
13300 309.0 -1.572 -6.652
13310 309.0 -1.572 -6.651
13320 309.0 -1.575 -6.650
13130 310.0 -1.490 -8.220
13140 310.0 -1.490 -8.220
13150 310.0 -1.490 -8.220
13160 310.0 -1.470 -8.220
13170 310.0 -1.450 -8.220
13180 310.0 -1.450 -8.190
13190 310.0 -1.450 -8.130
13200 310.0 -1.450 -8.120
13210 310.0 -1.447 -8.116
13220 310.0 -1.440 -8.116
13230 310.0 -1.428 -8.108
13240 310.0 -1.425 -8.108
13250 310.0 -1.425 -8.108
13260 310.0 -1.424 -8.103
13270 310.0 -1.428 -8.102
13280 310.0 -1.423 -8.100
13290 310.0 -1.418 -8.098
13300 310.0 -1.419 -8.100
13310 310.0 -1.420 -8.095
13320 310.0 -1.415 -8.092
13130 311.0 -1.360 -2.680
13140 311.0 -1.360 -2.680
13150 311.0 -1.360 -2.680
13160 311.0 -1.360 -2.680
13170 311.0 -1.360 -2.680
13180 311.0 -1.360 -2.680
13190 311.0 -1.360 -2.680
13200 311.0 -1.360 -2.680
13210 311.0 -1.366 -2.680
13220 311.0 -1.365 -2.679
13230 311.0 -1.362 -2.677
13240 311.0 -1.363 -2.677
13250 311.0 -1.364 -2.674
13260 311.0 -1.360 -2.675
13270 311.0 -1.360 -2.674
13280 311.0 -1.355 -2.672
13290 311.0 -1.352 -2.673
13300 311.0 -1.348 -2.674
13310 311.0 -1.348 -2.677
13320 311.0 -1.347 -2.671
13130 313.0 -0.520 3.400
13140 313.0 -0.520 3.400
13150 313.0 -0.520 3.400
13160 313.0 -0.520 3.400
13170 313.0 -0.520 3.400
13180 313.0 -0.520 3.400
13190 313.0 -0.520 3.400
13200 313.0 -0.520 3.400
13210 313.0 -0.516 3.405
13220 313.0 -0.506 3.407
13230 313.0 -0.509 3.409
13240 313.0 -0.512 3.407
13250 313.0 -0.513 3.407
13260 313.0 -0.515 3.409
13270 313.0 -0.511 3.409
13280 313.0 -0.507 3.415
13290 313.0 -0.504 3.418
13300 313.0 -0.510 3.413
13310 313.0 -0.519 3.417
13320 313.0 -0.521 3.419
13170 315.0 1.130 -10.030
13180 315.0 1.120 -9.540
13190 315.0 1.000 -9.050
13200 315.0 0.790 -8.660
13210 315.0 0.770 -8.240
13220 315.0 0.830 -7.780
13230 315.0 0.790 -7.300
13240 315.0 0.690 -6.890
13250 315.0 0.693 -6.894
13260 315.0 0.689 -6.865
13270 315.0 0.689 -6.853
13280 315.0 0.693 -6.816
13290 315.0 0.687 -6.825
13300 315.0 0.668 -6.807
13310 315.0 0.670 -6.815
13320 315.0 0.666 -6.796
13330 315.0 0.669 -6.788
13340 315.0 0.653 -6.784
13350 315.0 0.635 -6.786
13360 315.0 0.633 -6.774
13170 316.0 1.730 3.400
13180 316.0 1.750 2.750
13190 316.0 1.690 2.140
13200 316.0 1.620 1.500
13210 316.0 1.530 0.880
13220 316.0 1.410 0.240
13230 316.0 1.380 -0.410
13240 316.0 1.390 -1.110
13250 316.0 1.470 -0.962
13260 316.0 1.428 -0.958
13270 316.0 1.275 -1.235
13280 316.0 1.152 -1.493
13290 316.0 1.257 -1.436
13300 316.0 1.438 -1.191
13310 316.0 1.646 -1.051
13320 316.0 1.569 -1.872
13330 316.0 1.740 -1.860
13340 316.0 2.208 -1.902
13350 316.0 2.461 -1.543
13360 316.0 2.311 -2.050
13180 317.0 0.660 -9.800
13190 317.0 0.540 -9.330
13200 317.0 0.550 -8.840
13210 317.0 0.500 -8.410
13220 317.0 0.380 -7.970
13230 317.0 0.360 -7.520
13240 317.0 0.330 -7.110
13250 317.0 0.240 -6.680
13260 317.0 0.245 -6.666
13270 317.0 0.247 -6.631
13280 317.0 0.257 -6.597
13290 317.0 0.266 -6.554
13300 317.0 0.258 -6.536
13310 317.0 0.264 -6.512
13320 317.0 0.276 -6.511
13330 317.0 0.274 -6.499
13340 317.0 0.283 -6.470
13350 317.0 0.267 -6.450
13360 317.0 0.265 -6.431
13370 317.0 0.263 -6.439
14340 333.0 0.520 -4.890
14350 333.0 0.350 -4.510
14360 333.0 0.340 -4.470
14370 333.0 0.140 -4.250
14380 333.0 -0.030 -3.940
14390 333.0 -0.190 -3.620
14400 333.0 -0.310 -3.560
14410 333.0 -0.530 -3.490
14420 333.0 -0.533 -3.490
14430 333.0 -0.530 -3.498
14440 333.0 -0.530 -3.507
14450 333.0 -0.525 -3.519
14460 333.0 -0.520 -3.529
14470 333.0 -0.517 -3.539
14480 333.0 -0.515 -3.547
14490 333.0 -0.512 -3.562
14500 333.0 -0.519 -3.574
14510 333.0 -0.510 -3.591
14520 333.0 -0.524 -3.598
14530 333.0 -0.522 -3.605
14340 334.0 0.650 1.140
14350 334.0 0.690 0.600
14360 334.0 0.760 0.060
14370 334.0 0.780 -0.530
14380 334.0 0.920 -1.140
14390 334.0 0.960 -1.740
14400 334.0 0.940 -2.250
14410 334.0 1.100 -2.940
14420 334.0 1.106 -2.857
14430 334.0 1.105 -2.978
14440 334.0 1.113 -3.042
14450 334.0 0.971 -3.238
14460 334.0 1.055 -3.308
14470 334.0 1.130 -3.635
14480 334.0 1.210 -3.462
14490 334.0 1.441 -4.115
14500 334.0 1.397 -4.649
14510 334.0 1.813 -4.170
14520 334.0 2.128 -4.319
14530 334.0 1.913 -4.516
14950 344.0 1.660 4.050
14960 344.0 1.710 3.590
14970 344.0 1.710 3.170
14980 344.0 1.710 2.820
14990 344.0 1.720 2.430
15000 344.0 1.750 1.980
15010 344.0 1.720 1.650
15020 344.0 1.830 1.210
15030 344.0 1.822 1.207
15040 344.0 1.841 1.192
15050 344.0 1.858 1.172
15060 344.0 1.871 1.149
15070 344.0 1.903 1.130
15080 344.0 1.916 1.110
15090 344.0 1.946 1.091
15100 344.0 1.972 1.070
15110 344.0 1.985 1.051
15120 344.0 2.026 1.022
15130 344.0 2.046 1.022
15140 344.0 2.071 0.999
14960 345.0 2.070 -10.060
14970 345.0 2.100 -9.440
14980 345.0 2.190 -8.790
14990 345.0 2.280 -8.120
15000 345.0 2.360 -7.430
15010 345.0 2.460 -6.760
15020 345.0 2.540 -6.070
15030 345.0 2.600 -5.360
15040 345.0 2.616 -5.482
15050 345.0 2.579 -5.387
15060 345.0 2.600 -5.166
15070 345.0 2.670 -5.016
15080 345.0 2.853 -5.032
15090 345.0 2.711 -4.854
15100 345.0 2.817 -5.082
15110 345.0 3.391 -4.584
15120 345.0 3.518 -3.971
15130 345.0 3.070 -5.434
15140 345.0 3.221 -4.990
15150 345.0 3.364 -4.010
15820 356.0 0.540 0.010
15830 356.0 0.520 -0.030
15840 356.0 0.510 -0.030
15850 356.0 0.510 -0.030
15860 356.0 0.510 -0.030
15870 356.0 0.510 -0.030
15880 356.0 0.510 -0.030
15890 356.0 0.510 -0.030
15900 356.0 0.513 -0.035
15910 356.0 0.515 -0.038
15920 356.0 0.510 -0.041
15930 356.0 0.512 -0.043
15940 356.0 0.508 -0.045
15950 356.0 0.509 -0.051
15960 356.0 0.511 -0.056
15970 356.0 0.510 -0.061
15980 356.0 0.514 -0.060
15990 356.0 0.515 -0.064
16000 356.0 0.514 -0.068
16010 356.0 0.518 -0.073
15900 358.0 2.700 -10.160
15910 358.0 2.600 -9.580
15920 358.0 2.680 -9.040
15930 358.0 2.610 -8.450
15940 358.0 2.580 -7.920
15950 358.0 2.630 -7.200
15960 358.0 2.520 -6.700
15970 358.0 2.550 -6.160
15980 358.0 2.547 -6.179
15990 358.0 2.566 -6.111
16000 358.0 2.578 -6.041
16010 358.0 2.550 -5.916
16020 358.0 2.536 -5.785
16030 358.0 2.519 -5.638
16040 358.0 2.555 -5.558
16050 358.0 2.629 -5.498
16060 358.0 2.686 -5.214
16070 358.0 2.707 -5.097
16080 358.0 2.690 -4.865
16090 358.0 2.643 -4.970
15910 359.0 3.580 -9.800
15920 359.0 3.530 -9.320
15930 359.0 3.600 -8.730
15940 359.0 3.540 -8.170
15950 359.0 3.450 -7.570
15960 359.0 3.530 -7.100
15970 359.0 3.440 -6.480
15980 359.0 3.370 -5.980
15990 359.0 3.369 -5.983
16000 359.0 3.368 -5.897
16010 359.0 3.350 -5.836
16020 359.0 3.343 -5.749
16030 359.0 3.345 -5.643
16040 359.0 3.317 -5.565
16050 359.0 3.324 -5.458
16060 359.0 3.295 -5.338
16070 359.0 3.295 -5.215
16080 359.0 3.270 -5.051
16090 359.0 3.213 -4.785
16100 359.0 3.244 -4.448
15950 361.0 -0.890 -6.710
15960 361.0 -0.890 -6.710
15970 361.0 -0.890 -6.710
15980 361.0 -0.890 -6.710
15990 361.0 -0.890 -6.710
16000 361.0 -0.890 -6.710
16010 361.0 -0.890 -6.710
16020 361.0 -0.890 -6.710
16030 361.0 -0.894 -6.709
16040 361.0 -0.893 -6.711
16050 361.0 -0.899 -6.712
16060 361.0 -0.900 -6.711
16070 361.0 -0.902 -6.713
16080 361.0 -0.898 -6.711
16090 361.0 -0.889 -6.714
16100 361.0 -0.886 -6.713
16110 361.0 -0.888 -6.715
16120 361.0 -0.889 -6.716
16130 361.0 -0.887 -6.717
16140 361.0 -0.878 -6.714
16010 362.0 1.690 2.490
16020 362.0 1.680 1.970
16030 362.0 1.610 1.410
16040 362.0 1.650 0.830
16050 362.0 1.650 0.270
16060 362.0 1.630 -0.280
16070 362.0 1.680 -0.880
16080 362.0 1.690 -1.500
16090 362.0 1.719 -1.438
16100 362.0 1.720 -1.556
16110 362.0 1.782 -1.598
16120 362.0 1.777 -1.703
16130 362.0 1.706 -1.767
16140 362.0 1.598 -2.099
16150 362.0 1.637 -2.178
16160 362.0 1.750 -2.515
16170 362.0 1.869 -2.708
16180 362.0 1.920 -2.708
16190 362.0 2.298 -2.553
16200 362.0 1.965 -3.413
16010 363.0 2.250 2.490
16020 363.0 2.300 1.970
16030 363.0 2.340 1.400
16040 363.0 2.300 0.850
16050 363.0 2.250 0.300
16060 363.0 2.240 -0.270
16070 363.0 2.210 -0.850
16080 363.0 2.270 -1.440
16090 363.0 2.269 -1.405
16100 363.0 2.256 -1.557
16110 363.0 2.311 -1.639
16120 363.0 2.289 -1.887
16130 363.0 2.297 -1.972
16140 363.0 2.300 -2.034
16150 363.0 2.378 -2.331
16160 363.0 2.413 -2.392
16170 363.0 2.655 -2.740
16180 363.0 2.677 -2.618
16190 363.0 2.766 -2.967
16200 363.0 2.973 -2.652
16040 365.0 1.280 4.000
16050 365.0 1.330 3.540
16060 365.0 1.410 2.980
16070 365.0 1.540 2.500
16080 365.0 1.650 1.960
16090 365.0 1.750 1.410
16100 365.0 1.800 0.870
16110 365.0 1.820 0.310
16120 365.0 1.832 0.327
16130 365.0 1.810 0.231
16140 365.0 1.851 0.110
16150 365.0 1.836 -0.005
16160 365.0 1.907 -0.209
16170 365.0 1.916 -0.400
16180 365.0 1.994 -0.577
16190 365.0 2.187 -1.073
16200 365.0 2.342 -0.982
16210 365.0 2.950 -1.078
16220 365.0 3.085 -1.042
16230 365.0 3.098 -1.315
16040 366.0 0.640 4.110
16050 366.0 0.780 3.580
16060 366.0 0.830 3.070
16070 366.0 0.880 2.460
16080 366.0 0.970 1.890
16090 366.0 1.060 1.380
16100 366.0 1.170 0.790
16110 366.0 1.280 0.100
16120 366.0 1.288 0.187
16130 366.0 1.307 0.109
16140 366.0 1.360 -0.026
16150 366.0 1.469 -0.124
16160 366.0 1.397 -0.287
16170 366.0 1.471 -0.452
16180 366.0 1.574 -0.728
16190 366.0 2.053 -0.854
16200 366.0 2.200 -0.928
16210 366.0 2.745 -0.868
16220 366.0 2.802 -1.059
16230 366.0 3.100 -0.659
16120 369.0 -0.590 2.830
16130 369.0 -0.590 2.830
16140 369.0 -0.590 2.830
16150 369.0 -0.590 2.830
16160 369.0 -0.590 2.830
16170 369.0 -0.590 2.830
16180 369.0 -0.590 2.830
16190 369.0 -0.590 2.830
16200 369.0 -0.595 2.830
16210 369.0 -0.601 2.830
16220 369.0 -0.593 2.829
16230 369.0 -0.593 2.833
16240 369.0 -0.593 2.832
16250 369.0 -0.595 2.833
16260 369.0 -0.594 2.833
16270 369.0 -0.589 2.837
16280 369.0 -0.578 2.834
16290 369.0 -0.576 2.835
16300 369.0 -0.576 2.833
16310 369.0 -0.566 2.832
16120 371.0 -0.660 3.350
16130 371.0 -0.660 3.350
16140 371.0 -0.660 3.350
16150 371.0 -0.660 3.350
16160 371.0 -0.660 3.350
16170 371.0 -0.660 3.350
16180 371.0 -0.660 3.350
16190 371.0 -0.660 3.350
16200 371.0 -0.664 3.355
16210 371.0 -0.662 3.355
16220 371.0 -0.658 3.355
16230 371.0 -0.659 3.356
16240 371.0 -0.654 3.354
16250 371.0 -0.659 3.354
16260 371.0 -0.657 3.354
16270 371.0 -0.654 3.360
16280 371.0 -0.656 3.362
16290 371.0 -0.650 3.362
16300 371.0 -0.647 3.359
16310 371.0 -0.649 3.360
16160 375.0 1.120 2.680
16170 375.0 1.110 2.220
16180 375.0 1.140 1.780
16190 375.0 1.160 1.350
16200 375.0 1.150 0.860
16210 375.0 1.260 0.330
16220 375.0 1.270 -0.190
16230 375.0 1.230 -0.760
16240 375.0 1.231 -0.734
16250 375.0 1.225 -0.808
16260 375.0 1.207 -0.894
16270 375.0 1.230 -0.981
16280 375.0 1.224 -1.109
16290 375.0 1.264 -1.213
16300 375.0 1.230 -1.332
16310 375.0 1.204 -1.573
16320 375.0 1.195 -1.678
16330 375.0 1.239 -1.804
16340 375.0 1.236 -1.870
16350 375.0 1.252 -2.245
16160 376.0 1.840 2.870
16170 376.0 1.830 2.400
16180 376.0 1.870 1.930
16190 376.0 1.890 1.490
16200 376.0 1.880 1.010
16210 376.0 1.910 0.530
16220 376.0 1.900 -0.000
16230 376.0 1.860 -0.510
16240 376.0 1.859 -0.485
16250 376.0 1.857 -0.540
16260 376.0 1.840 -0.652
16270 376.0 1.839 -0.722
16280 376.0 1.849 -0.797
16290 376.0 1.875 -0.882
16300 376.0 1.834 -0.941
16310 376.0 1.765 -1.111
16320 376.0 1.773 -1.325
16330 376.0 1.724 -1.327
16340 376.0 1.725 -1.552
16350 376.0 1.832 -1.744
16160 377.0 2.430 2.890
16170 377.0 2.430 2.400
16180 377.0 2.450 1.940
16190 377.0 2.540 1.430
16200 377.0 2.520 0.910
16210 377.0 2.490 0.400
16220 377.0 2.480 -0.130
16230 377.0 2.420 -0.650
16240 377.0 2.445 -0.653
16250 377.0 2.443 -0.753
16260 377.0 2.467 -0.827
16270 377.0 2.490 -0.968
16280 377.0 2.489 -1.041
16290 377.0 2.489 -1.078
16300 377.0 2.561 -1.281
16310 377.0 2.589 -1.396
16320 377.0 2.595 -1.711
16330 377.0 2.683 -1.809
16340 377.0 2.721 -2.152
16350 377.0 2.962 -2.187
16170 378.0 -0.820 -2.480
16180 378.0 -0.820 -2.480
16190 378.0 -1.060 -2.300
16200 378.0 -1.100 -2.190
16210 378.0 -1.140 -1.970
16220 378.0 -1.150 -1.800
16230 378.0 -1.400 -1.490
16240 378.0 -1.580 -1.340
16250 378.0 -1.577 -1.331
16260 378.0 -1.581 -1.330
16270 378.0 -1.586 -1.340
16280 378.0 -1.583 -1.351
16290 378.0 -1.590 -1.354
16300 378.0 -1.588 -1.360
16310 378.0 -1.584 -1.360
16320 378.0 -1.594 -1.365
16330 378.0 -1.590 -1.367
16340 378.0 -1.591 -1.367
16350 378.0 -1.584 -1.371
16360 378.0 -1.581 -1.364
16250 380.0 1.820 3.630
16260 380.0 1.900 3.120
16270 380.0 2.010 2.570
16280 380.0 2.090 2.010
16290 380.0 2.170 1.460
16300 380.0 2.240 0.900
16310 380.0 2.270 0.340
16320 380.0 2.310 -0.240
16330 380.0 2.294 -0.204
16340 380.0 2.322 -0.276
16350 380.0 2.330 -0.432
16360 380.0 2.340 -0.657
16370 380.0 2.299 -0.937
16380 380.0 2.398 -1.150
16390 380.0 2.351 -1.311
16400 380.0 2.937 -1.007
16410 380.0 2.938 -1.608
16420 380.0 3.092 -1.579
16430 380.0 3.375 -1.161
16440 380.0 3.847 -0.977
16290 382.0 3.290 -10.050
16300 382.0 3.260 -9.710
16310 382.0 3.240 -9.320
16320 382.0 3.310 -8.940
16330 382.0 3.410 -8.380
16340 382.0 3.420 -7.970
16350 382.0 3.470 -7.520
16360 382.0 3.480 -7.050
16370 382.0 3.471 -7.069
16380 382.0 3.470 -7.033
16390 382.0 3.473 -7.018
16400 382.0 3.456 -7.013
16410 382.0 3.453 -7.017
16420 382.0 3.430 -7.024
16430 382.0 3.432 -7.018
16440 382.0 3.425 -7.007
16450 382.0 3.405 -7.018
16460 382.0 3.388 -7.003
16470 382.0 3.378 -7.004
16480 382.0 3.356 -7.001
16290 383.0 3.840 -10.310
16300 383.0 3.920 -9.780
16310 383.0 3.930 -9.320
16320 383.0 3.920 -8.920
16330 383.0 3.930 -8.460
16340 383.0 3.830 -8.040
16350 383.0 3.830 -7.610
16360 383.0 3.830 -7.160
16370 383.0 3.815 -7.161
16380 383.0 3.810 -7.139
16390 383.0 3.792 -7.114
16400 383.0 3.783 -7.083
16410 383.0 3.757 -7.069
16420 383.0 3.728 -7.060
16430 383.0 3.717 -7.057
16440 383.0 3.704 -7.046
16450 383.0 3.690 -7.039
16460 383.0 3.664 -7.033
16470 383.0 3.666 -7.027
16480 383.0 3.643 -7.022
16380 385.0 0.870 4.040
16390 385.0 1.100 3.360
16400 385.0 1.190 2.740
16410 385.0 1.250 2.130
16420 385.0 1.230 1.590
16430 385.0 1.260 0.980
16440 385.0 1.280 0.360
16450 385.0 1.340 -0.320
16460 385.0 1.373 -0.290
16470 385.0 1.381 -0.399
16480 385.0 1.569 -0.338
16490 385.0 1.757 -0.556
16500 385.0 1.936 -0.816
16510 385.0 2.163 -0.755
16520 385.0 2.228 -0.940
16530 385.0 2.640 -0.674
16540 385.0 2.855 -0.474
16550 385.0 3.195 -0.810
16560 385.0 3.122 -1.128
16570 385.0 3.635 -0.844
16410 386.0 3.440 2.780
16420 386.0 3.210 2.760
16430 386.0 3.000 2.740
16440 386.0 2.890 2.740
16450 386.0 2.730 2.820
16460 386.0 2.560 2.960
16470 386.0 2.460 3.040
16480 386.0 2.270 3.050
16490 386.0 2.271 3.056
16500 386.0 2.274 3.054
16510 386.0 2.267 3.052
16520 386.0 2.272 3.050
16530 386.0 2.269 3.047
16540 386.0 2.268 3.046
16550 386.0 2.267 3.045
16560 386.0 2.263 3.045
16570 386.0 2.259 3.044
16580 386.0 2.256 3.041
16590 386.0 2.246 3.041
16600 386.0 2.251 3.039
16480 388.0 3.450 -9.940
16490 388.0 3.340 -9.380
16500 388.0 3.310 -8.720
16510 388.0 3.160 -8.130
16520 388.0 3.140 -7.500
16530 388.0 3.050 -6.900
16540 388.0 2.940 -6.310
16550 388.0 2.880 -5.710
16560 388.0 2.907 -5.770
16570 388.0 2.912 -5.678
16580 388.0 2.912 -5.603
16590 388.0 2.918 -5.515
16600 388.0 2.890 -5.277
16610 388.0 2.839 -5.048
16620 388.0 2.852 -4.785
16630 388.0 2.741 -4.620
16640 388.0 2.929 -4.459
16650 388.0 3.162 -4.798
16660 388.0 3.265 -4.998
16670 388.0 3.984 -5.361
16480 389.0 4.000 -10.120
16490 389.0 4.020 -9.590
16500 389.0 3.980 -8.990
16510 389.0 3.810 -8.300
16520 389.0 3.800 -7.730
16530 389.0 3.800 -7.110
16540 389.0 3.690 -6.510
16550 389.0 3.560 -5.910
16560 389.0 3.557 -5.884
16570 389.0 3.518 -5.788
16580 389.0 3.501 -5.582
16590 389.0 3.470 -5.449
16600 389.0 3.561 -5.361
16610 389.0 3.579 -5.218
16620 389.0 3.682 -4.862
16630 389.0 3.616 -4.907
16640 389.0 3.893 -4.815
16650 389.0 3.892 -4.573
16660 389.0 4.219 -4.586
16670 389.0 3.795 -3.990
16570 391.0 3.340 -10.190
16580 391.0 3.120 -9.640
16590 391.0 3.040 -9.140
16600 391.0 2.910 -8.650
16610 391.0 2.690 -8.150
16620 391.0 2.660 -7.610
16630 391.0 2.600 -7.200
16640 391.0 2.500 -6.810
16650 391.0 2.488 -6.813
16660 391.0 2.475 -6.772
16670 391.0 2.466 -6.722
16680 391.0 2.436 -6.681
16690 391.0 2.422 -6.652
16700 391.0 2.396 -6.629
16710 391.0 2.368 -6.603
16720 391.0 2.352 -6.607
16730 391.0 2.334 -6.569
16740 391.0 2.318 -6.538
16750 391.0 2.302 -6.512
16760 391.0 2.281 -6.478
16590 392.0 3.920 -4.090
16600 392.0 3.560 -4.250
16610 392.0 3.160 -4.190
16620 392.0 2.820 -4.180
16630 392.0 2.490 -4.300
16640 392.0 2.190 -4.300
16650 392.0 1.900 -4.240
16660 392.0 1.650 -4.240
16670 392.0 1.649 -4.247
16680 392.0 1.648 -4.251
16690 392.0 1.655 -4.252
16700 392.0 1.660 -4.259
16710 392.0 1.660 -4.259
16720 392.0 1.668 -4.261
16730 392.0 1.676 -4.262
16740 392.0 1.679 -4.266
16750 392.0 1.681 -4.266
16760 392.0 1.684 -4.271
16770 392.0 1.690 -4.271
16780 392.0 1.692 -4.268
17620 412.0 2.730 3.470
17630 412.0 2.600 2.910
17640 412.0 2.450 2.310
17650 412.0 2.380 1.710
17660 412.0 2.280 1.130
17670 412.0 2.160 0.540
17680 412.0 2.140 -0.070
17690 412.0 2.090 -0.680
17700 412.0 2.144 -0.623
17710 412.0 2.167 -0.833
17720 412.0 2.181 -0.836
17730 412.0 2.173 -1.046
17740 412.0 2.088 -1.243
17750 412.0 2.061 -1.358
17760 412.0 1.864 -1.742
17770 412.0 1.941 -1.884
17780 412.0 1.992 -2.228
17790 412.0 1.962 -1.965
17800 412.0 1.886 -2.247
17810 412.0 2.200 -2.002
17750 413.0 0.670 -9.430
17760 413.0 0.700 -8.800
17770 413.0 0.740 -8.190
17780 413.0 0.800 -7.590
17790 413.0 0.890 -7.010
17800 413.0 1.000 -6.400
17810 413.0 1.160 -5.780
17820 413.0 1.340 -5.200
17830 413.0 1.342 -5.258
17840 413.0 1.353 -5.196
17850 413.0 1.372 -5.084
17860 413.0 1.346 -4.967
17870 413.0 1.408 -4.831
17880 413.0 1.469 -4.699
17890 413.0 1.552 -4.676
17900 413.0 1.620 -4.483
17910 413.0 1.718 -4.387
17920 413.0 1.727 -4.316
17930 413.0 1.687 -4.046
17940 413.0 1.825 -3.919
17770 414.0 2.790 -10.100
17780 414.0 2.690 -9.560
17790 414.0 2.630 -8.950
17800 414.0 2.660 -8.250
17810 414.0 2.630 -7.570
17820 414.0 2.680 -6.890
17830 414.0 2.710 -6.260
17840 414.0 2.730 -5.570
17850 414.0 2.752 -5.709
17860 414.0 2.739 -5.637
17870 414.0 2.774 -5.524
17880 414.0 2.730 -5.465
17890 414.0 2.772 -5.351
17900 414.0 2.863 -5.214
17910 414.0 2.919 -4.898
17920 414.0 2.923 -4.878
17930 414.0 3.144 -5.203
17940 414.0 3.640 -5.384
17950 414.0 3.568 -4.911
17960 414.0 3.386 -4.942
