800 2.0 13.640 5.800
810 2.0 12.090 5.750
820 2.0 11.370 5.800
830 2.0 10.310 5.970
840 2.0 9.570 6.240
850 2.0 8.730 6.340
860 2.0 7.940 6.500
870 2.0 7.170 6.620
880 2.0 16.640 7.184
890 2.0 14.446 5.564
900 2.0 13.977 6.540
910 2.0 13.813 5.865
920 2.0 15.331 7.489
930 2.0 14.052 5.324
940 2.0 13.528 6.528
950 2.0 14.637 6.667
960 2.0 14.235 7.211
970 2.0 13.547 6.904
980 2.0 15.626 6.523
990 2.0 15.086 5.244
830 3.0 12.490 6.600
840 3.0 11.940 6.770
850 3.0 11.030 6.840
860 3.0 10.210 6.810
870 3.0 9.360 6.850
880 3.0 8.590 6.850
890 3.0 7.780 6.840
900 3.0 6.960 6.840
910 3.0 13.334 4.408
920 3.0 11.176 3.272
930 3.0 11.461 5.161
940 3.0 11.455 4.961
950 3.0 12.244 8.469
960 3.0 12.274 6.022
970 3.0 12.524 6.810
980 3.0 10.582 6.908
990 3.0 13.596 6.710
1000 3.0 12.577 5.774
1010 3.0 12.440 7.728
1020 3.0 11.607 6.416
1050 11.0 12.510 6.190
1060 11.0 11.540 6.030
1070 11.0 10.960 5.970
1080 11.0 10.290 6.120
1090 11.0 9.880 6.210
1100 11.0 9.540 6.090
1110 11.0 8.870 5.990
1120 11.0 8.040 5.660
1130 11.0 11.871 4.835
1140 11.0 12.480 6.481
1150 11.0 12.872 6.437
1160 11.0 14.229 6.848
1170 11.0 11.906 5.528
1180 11.0 14.593 6.882
1190 11.0 11.487 5.038
1200 11.0 13.265 8.619
1210 11.0 12.235 5.369
1220 11.0 11.376 7.662
1230 11.0 12.375 5.041
1240 11.0 14.092 7.865
1050 12.0 12.090 6.950
1060 12.0 11.400 6.930
1070 12.0 10.700 6.870
1080 12.0 10.070 6.730
1090 12.0 9.450 6.510
1100 12.0 8.900 6.330
1110 12.0 8.210 6.230
1120 12.0 7.490 6.060
1130 12.0 11.060 5.807
1140 12.0 9.244 4.215
1150 12.0 11.277 7.260
1160 12.0 12.120 7.367
1170 12.0 12.679 7.243
1180 12.0 11.494 6.904
1190 12.0 13.121 6.892
1200 12.0 11.321 6.922
1210 12.0 11.752 5.963
1220 12.0 10.953 5.533
1230 12.0 14.407 8.229
1240 12.0 11.698 6.650
2860 51.0 7.050 8.440
2870 51.0 7.050 8.440
2880 51.0 7.050 8.440
2890 51.0 7.050 8.440
2900 51.0 7.050 8.440
2910 51.0 7.050 8.440
2920 51.0 7.050 8.440
2930 51.0 7.050 8.440
2940 51.0 7.291 10.208
2950 51.0 6.638 8.483
2960 51.0 6.746 7.523
2970 51.0 8.074 7.776
2980 51.0 6.934 7.681
2990 51.0 8.033 7.982
3000 51.0 9.040 9.025
3010 51.0 6.258 5.560
3020 51.0 7.094 9.007
3030 51.0 7.842 8.025
3040 51.0 5.560 7.997
3050 51.0 5.467 8.241
2860 52.0 8.090 8.840
2870 52.0 8.090 8.840
2880 52.0 8.090 8.840
2890 52.0 8.090 8.840
2900 52.0 8.090 8.840
2910 52.0 8.090 8.840
2920 52.0 8.090 8.840
2930 52.0 8.090 8.840
2940 52.0 8.211 10.265
2950 52.0 7.933 7.443
2960 52.0 7.623 9.056
2970 52.0 8.314 9.215
2980 52.0 9.958 11.243
2990 52.0 7.616 9.551
3000 52.0 7.203 9.540
3010 52.0 8.904 9.098
3020 52.0 7.566 8.171
3030 52.0 8.524 7.453
3040 52.0 8.191 8.985
3050 52.0 8.588 10.875
2860 56.0 12.320 3.350
2870 56.0 12.420 3.220
2880 56.0 12.490 3.210
2890 56.0 12.650 3.360
2900 56.0 12.790 3.450
2910 56.0 12.790 3.470
2920 56.0 12.790 3.380
2930 56.0 12.780 3.160
2940 56.0 11.468 2.877
2950 56.0 12.149 2.164
2960 56.0 13.702 2.920
2970 56.0 13.182 4.419
2980 56.0 11.823 2.731
2990 56.0 12.795 1.424
3000 56.0 12.028 3.384
3010 56.0 12.229 2.083
3020 56.0 13.600 2.823
3030 56.0 13.362 4.787
3040 56.0 10.983 5.185
3050 56.0 13.178 2.836
4330 79.0 -3.780 5.150
4340 79.0 -3.090 5.120
4350 79.0 -2.340 5.190
4360 79.0 -1.610 5.170
4370 79.0 -0.840 5.310
4380 79.0 -0.130 5.270
4390 79.0 0.610 5.360
4400 79.0 1.380 5.430
4410 79.0 -4.431 5.257
4420 79.0 -3.876 5.013
4430 79.0 -3.804 6.123
4440 79.0 -3.430 5.361
4450 79.0 -4.553 4.619
4460 79.0 -4.616 3.243
4470 79.0 -3.487 4.261
4480 79.0 -3.964 4.941
4490 79.0 -1.940 5.040
4500 79.0 -4.317 4.513
4510 79.0 -2.647 6.564
4520 79.0 -4.026 6.981
6420 126.0 -5.190 6.380
6430 126.0 -4.300 6.500
6440 126.0 -3.360 6.560
6450 126.0 -2.420 6.510
6460 126.0 -1.390 6.390
6470 126.0 -0.560 6.380
6480 126.0 0.260 6.180
6490 126.0 1.270 6.020
6500 126.0 -3.356 6.844
6510 126.0 -7.142 6.365
6520 126.0 -6.110 6.770
6530 126.0 -5.575 6.423
6540 126.0 -5.642 4.795
6550 126.0 -4.458 4.177
6560 126.0 -4.966 7.190
6570 126.0 -5.784 5.833
6580 126.0 -4.930 5.499
6590 126.0 -3.519 5.561
6600 126.0 -4.617 6.571
6610 126.0 -4.908 6.608
6420 127.0 -5.450 7.310
6430 127.0 -4.560 7.420
6440 127.0 -3.660 7.480
6450 127.0 -2.720 7.420
6460 127.0 -1.590 7.310
6470 127.0 -0.590 7.220
6480 127.0 0.360 7.140
6490 127.0 1.320 7.050
6500 127.0 -6.173 6.639
6510 127.0 -4.923 8.207
6520 127.0 -4.758 7.846
6530 127.0 -5.404 9.133
6540 127.0 -3.188 7.402
6550 127.0 -2.902 6.768
6560 127.0 -6.080 8.608
6570 127.0 -3.797 5.955
6580 127.0 -5.913 6.711
6590 127.0 -6.504 6.184
6600 127.0 -6.433 8.369
6610 127.0 -5.898 7.152
8120 171.0 -0.680 8.400
8130 171.0 -0.710 8.350
8140 171.0 -0.910 8.420
8150 171.0 -1.080 8.470
8160 171.0 -1.240 8.360
8170 171.0 -1.530 8.270
8180 171.0 -1.870 8.410
8190 171.0 -1.910 8.440
8200 171.0 0.719 8.625
8210 171.0 -1.155 9.480
8220 171.0 -1.218 8.863
8230 171.0 -1.964 7.406
8240 171.0 -0.833 8.697
8250 171.0 -0.040 10.595
8260 171.0 -0.122 8.420
8270 171.0 -1.033 6.955
8280 171.0 -0.655 7.227
8290 171.0 -1.375 7.849
8300 171.0 -0.267 7.123
8310 171.0 -0.005 9.264
8890 195.0 12.710 4.950
8900 195.0 11.820 4.590
8910 195.0 10.960 4.340
8920 195.0 9.860 4.250
8930 195.0 9.110 4.130
8940 195.0 8.160 3.990
8950 195.0 7.270 3.930
8960 195.0 6.390 3.810
8970 195.0 12.625 3.710
8980 195.0 14.241 7.514
8990 195.0 12.055 5.486
9000 195.0 12.761 4.602
9010 195.0 12.175 4.004
9020 195.0 13.694 5.975
9030 195.0 11.294 2.695
9040 195.0 13.065 7.798
9050 195.0 13.096 4.774
9060 195.0 11.881 5.389
9070 195.0 14.852 6.399
9080 195.0 12.620 1.271
8900 196.0 13.430 5.210
8910 196.0 12.660 5.110
8920 196.0 11.820 4.850
8930 196.0 10.980 4.750
8940 196.0 10.180 4.550
8950 196.0 9.410 4.410
8960 196.0 8.720 4.260
8970 196.0 7.990 4.030
8980 196.0 14.621 6.744
8990 196.0 13.024 4.857
9000 196.0 11.772 4.926
9010 196.0 13.796 3.645
9020 196.0 11.817 6.470
9030 196.0 12.840 3.320
9040 196.0 13.026 4.017
9050 196.0 12.997 4.142
9060 196.0 14.184 4.343
9070 196.0 16.222 7.031
9080 196.0 13.487 7.078
9090 196.0 13.893 5.107
8910 197.0 12.430 6.040
8920 197.0 11.500 6.030
8930 197.0 10.810 5.800
8940 197.0 10.280 5.520
8950 197.0 9.800 5.220
8960 197.0 8.970 4.980
8970 197.0 8.180 4.880
8980 197.0 7.240 4.800
8990 197.0 10.961 6.948
9000 197.0 13.941 4.902
9010 197.0 11.866 6.344
9020 197.0 10.630 4.810
9030 197.0 15.146 6.237
9040 197.0 13.206 6.545
9050 197.0 12.279 4.285
9060 197.0 10.700 4.126
9070 197.0 11.728 8.450
9080 197.0 13.126 5.421
9090 197.0 11.816 7.104
9100 197.0 12.884 5.575
9300 216.0 -4.260 8.110
9310 216.0 -3.980 8.010
9320 216.0 -3.840 7.960
9330 216.0 -3.310 8.210
9340 216.0 -2.900 8.260
9350 216.0 -2.790 8.410
9360 216.0 -2.510 8.430
9370 216.0 -2.230 8.460
9380 216.0 -5.407 8.864
9390 216.0 -3.640 7.674
9400 216.0 -3.240 8.049
9410 216.0 -5.153 8.463
9420 216.0 -3.342 10.615
9430 216.0 -3.947 7.428
9440 216.0 -3.588 7.978
9450 216.0 -4.402 9.117
9460 216.0 -6.634 6.905
9470 216.0 -5.228 7.229
9480 216.0 -3.535 9.111
9490 216.0 -4.332 6.878
9680 230.0 -3.110 5.320
9690 230.0 -2.090 5.210
9700 230.0 -1.280 5.330
9710 230.0 -0.440 5.260
9720 230.0 0.450 5.280
9730 230.0 1.340 5.340
9740 230.0 2.280 5.270
9750 230.0 3.180 5.200
9760 230.0 -3.781 4.473
9770 230.0 -3.140 4.647
9780 230.0 -2.606 5.007
9790 230.0 -2.925 5.308
9800 230.0 -2.513 6.133
9810 230.0 -5.163 6.146
9820 230.0 -2.868 3.136
9830 230.0 -3.509 3.002
9840 230.0 -3.491 5.643
9850 230.0 -4.024 3.492
9860 230.0 -0.895 6.641
9870 230.0 -3.873 8.544
9680 231.0 -3.380 4.310
9690 231.0 -2.480 4.250
9700 231.0 -1.510 4.280
9710 231.0 -0.430 4.340
9720 231.0 0.480 4.390
9730 231.0 1.360 4.490
9740 231.0 2.240 4.500
9750 231.0 3.050 4.410
9760 231.0 -2.629 3.791
9770 231.0 -1.949 5.534
9780 231.0 -2.991 5.160
9790 231.0 -3.621 3.496
9800 231.0 -2.424 3.622
9810 231.0 -3.285 6.006
9820 231.0 -4.665 2.981
9830 231.0 -4.109 5.478
9840 231.0 -5.522 5.331
9850 231.0 -3.523 6.565
9860 231.0 -3.423 5.896
9870 231.0 -3.104 3.783
9920 238.0 -2.360 6.640
9930 238.0 -1.300 6.460
9940 238.0 -0.520 6.380
9950 238.0 0.430 6.410
9960 238.0 1.290 6.330
9970 238.0 2.260 6.480
9980 238.0 3.120 6.620
9990 238.0 4.010 6.580
10000 238.0 -2.753 3.694
10010 238.0 -2.336 8.015
10020 238.0 -2.934 6.960
10030 238.0 -0.876 8.279
10040 238.0 -0.851 8.414
10050 238.0 -2.328 6.144
10060 238.0 -1.482 6.670
10070 238.0 -3.304 6.310
10080 238.0 -3.539 5.130
10090 238.0 -1.514 8.446
10100 238.0 -2.361 7.075
10110 238.0 -3.137 7.713
9920 239.0 -1.570 5.570
9930 239.0 -0.740 5.530
9940 239.0 0.070 5.490
9950 239.0 1.010 5.490
9960 239.0 1.950 5.410
9970 239.0 2.870 5.330
9980 239.0 3.750 5.370
9990 239.0 4.620 5.470
10000 239.0 -2.200 5.384
10010 239.0 -0.875 3.884
10020 239.0 -0.952 5.374
10030 239.0 -0.294 7.475
10040 239.0 -1.454 6.408
10050 239.0 -1.600 6.479
10060 239.0 -1.408 7.036
10070 239.0 -2.660 5.442
10080 239.0 -2.979 4.936
10090 239.0 -1.837 7.333
10100 239.0 0.230 8.042
10110 239.0 -0.690 7.080
10250 257.0 12.620 6.950
10260 257.0 11.680 7.090
10270 257.0 10.740 7.200
10280 257.0 9.720 7.100
10290 257.0 8.730 7.090
10300 257.0 7.740 6.970
10310 257.0 6.860 6.750
10320 257.0 6.040 6.450
10330 257.0 13.928 10.421
10340 257.0 10.977 6.087
10350 257.0 13.822 7.365
10360 257.0 14.431 7.165
10370 257.0 13.855 7.806
10380 257.0 13.981 8.458
10390 257.0 10.978 9.039
10400 257.0 12.550 7.293
10410 257.0 12.320 7.002
10420 257.0 11.826 9.305
10430 257.0 12.594 6.379
10440 257.0 14.057 7.371
10250 258.0 -1.720 7.410
10260 258.0 -0.770 7.300
10270 258.0 0.160 7.280
10280 258.0 1.050 7.190
10290 258.0 1.960 7.180
10300 258.0 2.910 7.260
10310 258.0 3.600 7.400
10320 258.0 4.430 7.610
10330 258.0 -1.390 5.633
10340 258.0 -2.265 6.004
10350 258.0 -1.362 6.265
10360 258.0 -0.890 7.416
10370 258.0 -2.838 5.676
10380 258.0 -2.133 9.487
10390 258.0 -2.247 8.395
10400 258.0 -1.917 8.544
10410 258.0 -0.420 8.598
10420 258.0 -1.604 6.852
10430 258.0 -1.269 6.075
10440 258.0 -2.894 9.357
10250 259.0 -2.220 6.660
10260 259.0 -1.220 6.450
10270 259.0 -0.170 6.320
10280 259.0 0.820 6.310
10290 259.0 1.740 6.310
10300 259.0 2.640 6.360
10310 259.0 3.460 6.610
10320 259.0 4.330 6.820
10330 259.0 -2.882 8.639
10340 259.0 -4.288 6.609
10350 259.0 -1.207 8.235
10360 259.0 -1.476 4.958
10370 259.0 -3.106 5.269
10380 259.0 -4.858 6.830
10390 259.0 -1.572 7.015
10400 259.0 -2.937 6.218
10410 259.0 -1.009 7.394
10420 259.0 -2.322 4.470
10430 259.0 -2.357 4.845
10440 259.0 -4.388 5.950
10260 260.0 12.230 6.630
10270 260.0 11.230 6.650
10280 260.0 10.060 6.750
10290 260.0 9.180 6.580
10300 260.0 8.130 6.480
10310 260.0 7.210 6.050
10320 260.0 6.240 5.750
10330 260.0 5.240 5.550
10340 260.0 11.093 7.448
10350 260.0 11.701 7.892
10360 260.0 13.486 5.104
10370 260.0 11.671 8.090
10380 260.0 12.907 6.731
10390 260.0 11.789 7.098
10400 260.0 11.290 5.586
10410 260.0 12.262 8.172
10420 260.0 12.316 6.678
10430 260.0 13.188 7.162
10440 260.0 12.829 5.743
10450 260.0 12.978 7.021
10280 261.0 12.700 7.000
10290 261.0 11.590 7.140
10300 261.0 10.830 7.500
10310 261.0 9.750 7.480
10320 261.0 8.720 7.310
10330 261.0 7.780 6.960
10340 261.0 6.790 6.600
10350 261.0 5.800 6.270
10360 261.0 12.735 5.689
10370 261.0 13.243 8.270
10380 261.0 11.996 6.837
10390 261.0 13.382 4.628
10400 261.0 11.612 7.073
10410 261.0 11.026 6.054
10420 261.0 11.600 6.765
10430 261.0 13.638 5.417
10440 261.0 14.220 8.811
10450 261.0 14.078 8.163
10460 261.0 12.608 6.652
10470 261.0 12.862 8.501
10300 263.0 -1.980 5.100
10310 263.0 -1.020 5.220
10320 263.0 -0.190 5.440
10330 263.0 0.700 5.760
10340 263.0 1.570 6.100
10350 263.0 2.590 6.400
10360 263.0 3.570 6.630
10370 263.0 4.400 6.800
10380 263.0 -2.000 4.459
10390 263.0 -1.976 4.404
10400 263.0 -0.716 5.652
10410 263.0 -3.436 4.524
10420 263.0 -1.335 3.639
10430 263.0 -2.506 4.519
10440 263.0 -1.996 4.837
10450 263.0 -1.938 3.396
10460 263.0 -0.910 6.813
10470 263.0 -2.889 4.604
10480 263.0 -2.837 6.340
10490 263.0 -1.476 5.684
10300 264.0 -2.160 5.980
10310 264.0 -1.260 5.980
10320 264.0 -0.390 6.180
10330 264.0 0.550 6.440
10340 264.0 1.420 6.730
10350 264.0 2.390 7.070
10360 264.0 3.330 7.350
10370 264.0 4.170 7.580
10380 264.0 -0.741 5.758
10390 264.0 -2.897 5.146
10400 264.0 -2.105 7.659
10410 264.0 -0.312 7.203
10420 264.0 -3.181 6.066
10430 264.0 -2.574 4.758
10440 264.0 -3.013 5.139
10450 264.0 -2.193 5.528
10460 264.0 -1.090 8.490
10470 264.0 -2.700 3.650
10480 264.0 -1.027 5.753
10490 264.0 -1.495 5.634
10300 265.0 -2.070 1.900
10310 265.0 -1.210 1.870
10320 265.0 -0.130 1.950
10330 265.0 0.940 2.130
10340 265.0 2.000 2.210
10350 265.0 3.000 2.250
10360 265.0 4.020 2.400
10370 265.0 4.970 2.580
10380 265.0 -1.633 0.798
10390 265.0 -1.403 3.327
10400 265.0 0.287 1.572
10410 265.0 -3.912 -0.070
10420 265.0 -3.181 1.760
10430 265.0 -1.735 4.302
10440 265.0 -3.180 2.513
10450 265.0 -0.903 2.780
10460 265.0 -3.284 2.083
10470 265.0 -2.290 1.528
10480 265.0 -1.668 2.477
10490 265.0 -1.650 0.623
10300 267.0 -2.000 3.250
10310 267.0 -1.080 3.390
10320 267.0 -0.200 3.410
10330 267.0 0.670 3.390
10340 267.0 1.680 3.380
10350 267.0 2.480 3.530
10360 267.0 3.430 3.690
10370 267.0 4.470 3.960
10380 267.0 -2.032 5.569
10390 267.0 -0.696 2.375
10400 267.0 -3.889 3.871
10410 267.0 -2.226 4.834
10420 267.0 -1.611 3.446
10430 267.0 -1.125 3.571
10440 267.0 -1.575 1.999
10450 267.0 -0.888 4.229
10460 267.0 -3.211 4.147
10470 267.0 -0.417 2.477
10480 267.0 -1.562 3.363
10490 267.0 -2.211 4.252
10300 268.0 -1.380 3.890
10310 268.0 -0.790 4.000
10320 268.0 0.370 4.030
10330 268.0 1.070 4.020
10340 268.0 1.940 3.850
10350 268.0 2.710 4.040
10360 268.0 3.560 4.440
10370 268.0 4.550 4.630
10380 268.0 -0.908 2.584
10390 268.0 -1.162 2.776
10400 268.0 -2.778 4.346
10410 268.0 -2.766 4.161
10420 268.0 -0.528 2.926
10430 268.0 0.104 2.620
10440 268.0 -1.680 2.410
10450 268.0 -0.580 5.829
10460 268.0 -1.948 3.618
10470 268.0 -0.649 4.695
10480 268.0 -1.293 6.109
10490 268.0 0.602 4.932
10690 303.0 12.900 6.160
10700 303.0 12.310 6.320
10710 303.0 11.610 6.670
10720 303.0 10.950 7.100
10730 303.0 10.280 7.370
10740 303.0 9.630 7.550
10750 303.0 8.910 7.660
10760 303.0 8.160 7.780
10770 303.0 13.202 6.028
10780 303.0 11.938 6.826
10790 303.0 13.405 3.996
10800 303.0 14.479 7.118
10810 303.0 13.607 4.667
10820 303.0 13.660 6.615
10830 303.0 12.011 6.540
10840 303.0 12.559 6.101
10850 303.0 12.484 5.547
10860 303.0 12.862 4.069
10870 303.0 13.279 5.828
10880 303.0 12.448 3.296
10850 316.0 -1.870 6.400
10860 316.0 -1.330 6.370
10870 316.0 -0.740 6.320
10880 316.0 -0.140 6.180
10890 316.0 0.480 6.050
10900 316.0 1.150 5.980
10910 316.0 1.810 5.910
10920 316.0 2.480 5.940
10930 316.0 -2.307 6.034
10940 316.0 -0.609 6.684
10950 316.0 -1.058 5.279
10960 316.0 -2.096 7.862
10970 316.0 -0.670 7.179
10980 316.0 -0.951 6.776
10990 316.0 -2.915 5.456
11000 316.0 -3.354 4.159
11010 316.0 -1.889 6.176
11020 316.0 -2.290 6.439
11030 316.0 -0.602 5.551
11040 316.0 -3.472 7.717
11210 320.0 12.000 4.350
11220 320.0 11.300 4.090
11230 320.0 10.610 3.980
11240 320.0 10.000 3.720
11250 320.0 9.230 3.660
11260 320.0 8.560 3.470
11270 320.0 7.980 3.270
11280 320.0 7.520 3.120
11290 320.0 12.669 5.206
11300 320.0 11.879 5.072
11310 320.0 12.488 6.343
11320 320.0 11.587 5.145
11330 320.0 12.155 3.015
11340 320.0 12.728 2.915
11350 320.0 9.413 3.538
11360 320.0 12.320 3.578
11370 320.0 10.777 4.256
11380 320.0 12.163 4.608
11390 320.0 12.327 4.824
11400 320.0 12.512 2.753
11280 327.0 -2.800 1.840
11290 327.0 -1.780 2.390
11300 327.0 -1.070 2.780
11310 327.0 -0.260 2.950
11320 327.0 0.540 3.130
11330 327.0 1.320 3.320
11340 327.0 2.040 3.540
11350 327.0 2.790 3.760
11360 327.0 -1.979 2.454
11370 327.0 -2.028 3.544
11380 327.0 -2.595 1.015
11390 327.0 -3.545 2.001
11400 327.0 -2.758 2.921
11410 327.0 -3.968 2.642
11420 327.0 -3.783 3.300
11430 327.0 -3.025 3.115
11440 327.0 -2.016 2.489
11450 327.0 -2.543 0.792
11460 327.0 -2.103 1.922
11470 327.0 -3.023 0.690
11280 328.0 -3.580 0.190
11290 328.0 -2.850 0.850
11300 328.0 -1.780 1.470
11310 328.0 -0.960 1.920
11320 328.0 -0.300 2.330
11330 328.0 0.250 2.670
11340 328.0 1.010 3.010
11350 328.0 1.810 3.280
11360 328.0 -2.996 0.643
11370 328.0 -5.024 2.205
11380 328.0 -2.439 1.227
11390 328.0 -5.073 -0.032
11400 328.0 -4.379 -1.203
11410 328.0 -3.459 -0.044
11420 328.0 -5.478 -0.702
11430 328.0 -2.801 0.412
11440 328.0 -3.769 1.219
11450 328.0 -3.322 0.576
11460 328.0 -3.879 0.533
11470 328.0 -3.753 0.344
11280 329.0 -2.760 -0.130
11290 329.0 -2.040 0.530
11300 329.0 -1.180 1.020
11310 329.0 -0.360 1.480
11320 329.0 0.340 1.920
11330 329.0 0.840 2.350
11340 329.0 1.590 2.640
11350 329.0 2.390 2.910
11360 329.0 -3.194 1.261
11370 329.0 -2.606 -0.653
11380 329.0 -3.119 -0.099
11390 329.0 -3.165 -0.960
11400 329.0 -2.743 0.838
11410 329.0 -1.371 1.834
11420 329.0 -3.311 -1.412
11430 329.0 -1.459 2.185
11440 329.0 -0.620 -0.373
11450 329.0 -3.409 -0.189
11460 329.0 -2.338 -1.458
11470 329.0 -2.234 0.903
11310 331.0 -4.430 4.560
11320 331.0 -3.490 4.940
11330 331.0 -2.700 5.350
11340 331.0 -1.670 5.660
11350 331.0 -0.580 5.900
11360 331.0 0.400 6.200
11370 331.0 1.430 6.460
11380 331.0 2.430 6.600
11390 331.0 -4.970 4.469
11400 331.0 -5.077 6.501
11410 331.0 -4.815 3.108
11420 331.0 -4.462 3.689
11430 331.0 -3.769 3.809
11440 331.0 -3.483 3.953
11450 331.0 -2.957 6.020
11460 331.0 -4.968 4.883
11470 331.0 -3.011 4.236
11480 331.0 -5.461 3.419
11490 331.0 -4.826 6.035
11500 331.0 -3.724 5.838
11840 342.0 10.640 4.900
11850 342.0 9.730 4.760
11860 342.0 8.750 4.600
11870 342.0 7.840 4.560
11880 342.0 6.880 4.500
11890 342.0 5.990 4.480
11900 342.0 5.080 4.470
11910 342.0 4.170 4.430
11920 342.0 12.381 4.053
11930 342.0 10.739 4.128
11940 342.0 10.630 3.865
11950 342.0 11.411 3.627
11960 342.0 9.355 4.135
11970 342.0 12.257 4.128
11980 342.0 9.229 2.549
11990 342.0 10.674 4.882
12000 342.0 11.677 7.742
12010 342.0 11.334 5.726
12020 342.0 11.547 5.881
12030 342.0 9.749 2.542
11880 348.0 13.410 5.460
11890 348.0 12.400 5.010
11900 348.0 11.320 4.730
11910 348.0 10.240 4.560
11920 348.0 9.140 4.440
11930 348.0 8.100 4.530
11940 348.0 6.970 4.600
11950 348.0 5.710 4.730
11960 348.0 14.162 4.430
11970 348.0 13.155 4.748
11980 348.0 13.511 5.935
11990 348.0 12.441 5.592
12000 348.0 13.218 3.952
12010 348.0 12.704 5.927
12020 348.0 12.265 3.654
12030 348.0 13.137 5.941
12040 348.0 14.010 5.791
12050 348.0 13.953 4.913
12060 348.0 14.000 6.510
12070 348.0 12.638 4.446
11930 350.0 -4.990 5.190
11940 350.0 -3.910 5.180
11950 350.0 -3.050 5.230
11960 350.0 -2.120 5.270
11970 350.0 -0.940 5.310
11980 350.0 -0.260 5.570
11990 350.0 0.830 5.710
12000 350.0 1.830 5.830
12010 350.0 -4.021 5.357
12020 350.0 -5.681 4.015
12030 350.0 -5.727 2.387
12040 350.0 -3.299 7.401
12050 350.0 -3.808 6.441
12060 350.0 -4.430 5.566
12070 350.0 -2.081 5.881
12080 350.0 -3.637 4.049
12090 350.0 -5.222 7.440
12100 350.0 -3.119 6.864
12110 350.0 -3.746 6.561
12120 350.0 -4.536 8.546
11940 353.0 -4.790 -0.260
11950 353.0 -4.040 0.440
11960 353.0 -3.120 1.030
11970 353.0 -2.130 1.650
11980 353.0 -1.070 2.050
11990 353.0 -0.100 2.480
12000 353.0 0.910 2.960
12010 353.0 1.950 3.380
12020 353.0 -4.425 0.939
12030 353.0 -5.495 0.497
12040 353.0 -6.439 -2.294
12050 353.0 -6.335 -0.173
12060 353.0 -3.824 0.517
12070 353.0 -4.853 0.736
12080 353.0 -4.170 -0.093
12090 353.0 -5.589 -1.372
12100 353.0 -5.976 0.045
12110 353.0 -6.638 0.372
12120 353.0 -6.257 -0.288
12130 353.0 -6.005 0.111
11970 355.0 -2.400 10.550
11980 355.0 -1.660 9.900
11990 355.0 -0.840 9.560
12000 355.0 -0.190 8.920
12010 355.0 0.510 8.540
12020 355.0 1.380 8.290
12030 355.0 2.200 8.090
12040 355.0 3.050 7.920
12050 355.0 -3.223 12.111
12060 355.0 -2.286 9.324
12070 355.0 -3.130 11.212
12080 355.0 -1.248 11.497
12090 355.0 -2.180 10.131
12100 355.0 -2.227 8.270
12110 355.0 -4.344 11.342
12120 355.0 -2.158 12.912
12130 355.0 -2.275 8.491
12140 355.0 -2.661 11.331
12150 355.0 -1.088 9.332
12160 355.0 -2.140 11.782
12020 357.0 -6.400 6.260
12030 357.0 -5.940 6.350
12040 357.0 -5.340 6.430
12050 357.0 -4.840 6.530
12060 357.0 -4.350 6.610
12070 357.0 -3.810 6.690
12080 357.0 -3.370 6.740
12090 357.0 -3.060 6.740
12100 357.0 -5.973 7.665
12110 357.0 -7.606 6.509
12120 357.0 -5.870 5.179
12130 357.0 -6.643 3.458
12140 357.0 -6.138 5.386
12150 357.0 -6.967 6.442
12160 357.0 -4.857 6.704
12170 357.0 -7.192 7.005
12180 357.0 -8.322 5.477
12190 357.0 -6.434 5.560
12200 357.0 -6.197 5.712
12210 357.0 -7.356 7.101
12020 358.0 -6.550 7.200
12030 358.0 -6.050 7.260
12040 358.0 -5.490 7.270
12050 358.0 -4.990 7.410
12060 358.0 -4.500 7.460
12070 358.0 -4.070 7.510
12080 358.0 -3.780 7.530
12090 358.0 -3.230 7.550
12100 358.0 -6.210 6.018
12110 358.0 -5.843 6.191
12120 358.0 -6.413 6.127
12130 358.0 -5.324 5.724
12140 358.0 -5.458 5.738
12150 358.0 -6.741 5.400
12160 358.0 -6.511 9.157
12170 358.0 -6.517 5.893
12180 358.0 -5.538 5.809
12190 358.0 -7.027 10.067
12200 358.0 -6.223 5.039
12210 358.0 -7.194 6.608
12020 359.0 -4.900 12.670
12030 359.0 -4.120 12.140
12040 359.0 -3.370 11.660
12050 359.0 -2.770 11.060
12060 359.0 -1.920 10.430
12070 359.0 -0.950 9.910
12080 359.0 -0.160 9.390
12090 359.0 0.740 8.910
12100 359.0 -5.720 12.822
12110 359.0 -4.099 14.793
12120 359.0 -3.537 13.357
12130 359.0 -5.060 15.337
12140 359.0 -4.653 13.559
12150 359.0 -6.728 13.504
12160 359.0 -4.023 14.188
12170 359.0 -5.729 13.470
12180 359.0 -4.192 10.940
12190 359.0 -5.747 13.968
12200 359.0 -4.797 13.431
12210 359.0 -4.973 11.178
