0 5.0 -1.590 0.930
10 5.0 -1.590 0.930
20 5.0 -1.590 0.930
30 5.0 -1.590 0.930
40 5.0 -1.590 0.930
50 5.0 -1.590 0.930
60 5.0 -1.590 0.930
70 5.0 -1.590 0.930
80 5.0 -0.859 0.219
90 5.0 -1.529 1.940
100 5.0 -1.139 1.921
110 5.0 -1.400 2.138
120 5.0 -0.915 1.424
130 5.0 -1.984 2.167
140 5.0 -0.815 -0.500
150 5.0 -2.240 0.392
160 5.0 -2.263 1.273
170 5.0 -2.183 -0.419
180 5.0 -1.658 1.766
190 5.0 0.445 0.426
0 6.0 -1.720 1.320
10 6.0 -1.720 1.320
20 6.0 -1.720 1.320
30 6.0 -1.720 1.320
40 6.0 -1.720 1.320
50 6.0 -1.720 1.320
60 6.0 -1.720 1.320
70 6.0 -1.720 1.320
80 6.0 -0.387 0.526
90 6.0 -0.556 1.776
100 6.0 -1.184 0.111
110 6.0 -2.144 0.903
120 6.0 -2.804 3.049
130 6.0 -1.411 0.692
140 6.0 -1.094 0.119
150 6.0 -1.147 1.836
160 6.0 -2.337 0.731
170 6.0 -0.679 1.926
180 6.0 -1.748 1.693
190 6.0 -1.458 0.183
0 8.0 -1.450 -0.760
10 8.0 -1.450 -0.760
20 8.0 -1.450 -0.760
30 8.0 -1.450 -0.760
40 8.0 -1.450 -0.760
50 8.0 -1.450 -0.760
60 8.0 -1.450 -0.760
70 8.0 -1.450 -0.760
80 8.0 -2.344 -0.105
90 8.0 -1.865 0.161
100 8.0 -1.665 -0.606
110 8.0 -2.884 -0.559
120 8.0 -1.597 -1.177
130 8.0 -1.492 -0.350
140 8.0 -2.536 -2.158
150 8.0 -1.645 -1.418
160 8.0 1.448 -0.274
170 8.0 -1.203 -1.700
180 8.0 -1.912 -1.006
190 8.0 -1.544 -3.450
500 24.0 0.270 2.650
510 24.0 0.440 2.340
520 24.0 0.580 2.100
530 24.0 0.700 1.880
540 24.0 0.720 1.610
550 24.0 0.760 1.340
560 24.0 0.830 1.000
570 24.0 0.820 0.680
580 24.0 0.242 1.629
590 24.0 -1.017 2.457
600 24.0 -1.267 2.899
610 24.0 0.745 2.817
620 24.0 -0.556 2.440
630 24.0 1.717 1.908
640 24.0 -0.350 3.202
650 24.0 0.740 2.321
660 24.0 0.156 2.916
670 24.0 0.753 2.260
680 24.0 0.351 2.042
690 24.0 -0.210 3.335
500 25.0 -0.670 2.780
510 25.0 -0.450 2.560
520 25.0 -0.290 2.330
530 25.0 -0.090 2.100
540 25.0 0.050 1.830
550 25.0 0.150 1.520
560 25.0 0.270 1.220
570 25.0 0.260 0.900
580 25.0 -1.307 2.359
590 25.0 -0.021 3.555
600 25.0 -0.390 1.605
610 25.0 -2.911 3.478
620 25.0 -1.273 1.434
630 25.0 0.920 0.883
640 25.0 -1.186 3.482
650 25.0 1.208 2.600
660 25.0 -0.439 4.012
670 25.0 -0.484 3.544
680 25.0 -2.140 2.785
690 25.0 -0.795 3.860
590 28.0 0.740 3.690
600 28.0 0.780 3.360
610 28.0 0.870 3.030
620 28.0 0.920 2.660
630 28.0 0.960 2.310
640 28.0 1.070 1.960
650 28.0 1.110 1.630
660 28.0 1.100 1.260
670 28.0 1.247 2.914
680 28.0 2.872 2.886
690 28.0 1.715 4.217
700 28.0 1.701 3.852
710 28.0 1.344 3.574
720 28.0 -0.245 4.742
730 28.0 0.827 4.240
740 28.0 2.071 3.421
750 28.0 0.176 3.985
760 28.0 0.924 3.390
770 28.0 0.037 4.154
780 28.0 3.415 3.569
1000 38.0 -1.400 -7.320
1010 38.0 -1.400 -7.300
1020 38.0 -1.400 -7.280
1030 38.0 -1.400 -7.280
1040 38.0 -1.400 -7.280
1050 38.0 -1.400 -7.280
1060 38.0 -1.400 -7.280
1070 38.0 -1.400 -7.280
1080 38.0 -0.964 -6.502
1090 38.0 0.110 -6.930
1100 38.0 -2.291 -6.373
1110 38.0 -1.723 -7.674
1120 38.0 -2.386 -6.403
1130 38.0 -1.148 -6.439
1140 38.0 -0.863 -8.201
1150 38.0 -2.788 -6.400
1160 38.0 -2.238 -5.013
1170 38.0 -1.710 -6.991
1180 38.0 -1.155 -7.643
1190 38.0 -1.274 -7.775
1150 46.0 -1.650 0.900
1160 46.0 -1.650 0.900
1170 46.0 -1.650 0.900
1180 46.0 -1.650 0.900
1190 46.0 -1.650 0.900
1200 46.0 -1.650 0.900
1210 46.0 -1.650 0.900
1220 46.0 -1.650 0.900
1230 46.0 -1.974 0.839
1240 46.0 -0.733 -0.453
1250 46.0 -2.357 -0.844
1260 46.0 -3.358 -0.161
1270 46.0 -1.879 2.499
1280 46.0 -1.888 0.631
1290 46.0 0.943 0.346
1300 46.0 -1.619 1.316
1310 46.0 -2.696 0.416
1320 46.0 -2.459 2.939
1330 46.0 -1.261 0.445
1340 46.0 -0.708 1.292
1150 47.0 -1.720 1.280
1160 47.0 -1.720 1.280
1170 47.0 -1.720 1.280
1180 47.0 -1.720 1.280
1190 47.0 -1.720 1.280
1200 47.0 -1.720 1.280
1210 47.0 -1.720 1.280
1220 47.0 -1.720 1.280
1230 47.0 -1.042 0.560
1240 47.0 -0.121 1.109
1250 47.0 -2.621 2.445
1260 47.0 -0.915 1.512
1270 47.0 -3.504 2.479
1280 47.0 -2.106 1.228
1290 47.0 -3.559 1.998
1300 47.0 -2.765 2.081
1310 47.0 -1.894 1.047
1320 47.0 -1.797 -0.540
1330 47.0 -1.023 1.733
1340 47.0 -2.005 1.569
1200 39.0 -1.310 -7.430
1210 39.0 -1.370 -7.530
1220 39.0 -1.430 -7.560
1230 39.0 -1.320 -7.440
1240 39.0 -1.310 -7.430
1250 39.0 -1.310 -7.430
1260 39.0 -1.310 -7.430
1270 39.0 -1.320 -7.410
1280 39.0 -2.422 -8.730
1290 39.0 -1.748 -8.558
1300 39.0 -0.793 -9.147
1310 39.0 -0.884 -8.279
1320 39.0 -2.466 -8.473
1330 39.0 -1.425 -7.908
1340 39.0 -1.719 -7.019
1350 39.0 -1.151 -6.332
1360 39.0 -1.749 -7.297
1370 39.0 -2.024 -7.410
1380 39.0 -0.775 -8.206
1390 39.0 -1.309 -6.667
1400 40.0 -1.270 -7.470
1410 40.0 -1.270 -7.470
1420 40.0 -1.270 -7.470
1430 40.0 -1.270 -7.470
1440 40.0 -1.270 -7.470
1450 40.0 -1.270 -7.470
1460 40.0 -1.270 -7.470
1470 40.0 -1.270 -7.470
1480 40.0 -1.444 -8.005
1490 40.0 -1.625 -7.610
1500 40.0 -0.760 -6.569
1510 40.0 -0.093 -6.532
1520 40.0 -0.427 -8.176
1530 40.0 -0.202 -6.631
1540 40.0 -0.324 -6.127
1550 40.0 -2.635 -7.383
1560 40.0 0.369 -7.351
1570 40.0 -2.002 -7.179
1580 40.0 0.494 -8.396
1590 40.0 -1.216 -7.626
1600 41.0 -1.520 -7.270
1610 41.0 -1.520 -7.270
1620 41.0 -1.520 -7.270
1630 41.0 -1.520 -7.270
1640 41.0 -1.520 -7.270
1650 41.0 -1.520 -7.270
1660 41.0 -1.520 -7.270
1670 41.0 -1.520 -7.270
1680 41.0 -2.049 -7.138
1690 41.0 -2.605 -6.290
1700 41.0 -2.684 -6.816
1710 41.0 -1.293 -7.429
1720 41.0 -2.494 -8.685
1730 41.0 -2.243 -7.679
1740 41.0 -0.540 -7.178
1750 41.0 -1.513 -7.313
1760 41.0 -1.576 -7.176
1770 41.0 -2.109 -6.230
1780 41.0 -1.702 -7.437
1790 41.0 -2.220 -9.022
1800 42.0 -1.520 -7.270
1810 42.0 -1.520 -7.270
1820 42.0 -1.520 -7.270
1830 42.0 -1.520 -7.270
1840 42.0 -1.520 -7.270
1850 42.0 -1.520 -7.270
1860 42.0 -1.520 -7.270
1870 42.0 -1.520 -7.270
1880 42.0 -1.166 -6.411
1890 42.0 -1.648 -6.213
1900 42.0 -1.115 -7.314
1910 42.0 -0.842 -6.693
1920 42.0 -2.355 -5.814
1930 42.0 -1.629 -8.064
1940 42.0 -1.624 -7.437
1950 42.0 -0.521 -7.046
1960 42.0 -2.479 -6.388
1970 42.0 -0.432 -5.434
1980 42.0 -2.196 -6.354
1990 42.0 -1.328 -6.611
2770 71.0 2.660 3.270
2780 71.0 2.670 2.680
2790 71.0 2.690 2.070
2800 71.0 2.640 1.450
2810 71.0 2.630 0.860
2820 71.0 2.630 0.250
2830 71.0 2.600 -0.340
2840 71.0 2.620 -0.930
2850 71.0 2.549 2.838
2860 71.0 3.110 3.027
2870 71.0 1.627 4.607
2880 71.0 2.533 3.033
2890 71.0 1.991 4.927
2900 71.0 3.209 3.917
2910 71.0 1.107 3.058
2920 71.0 2.431 2.655
2930 71.0 1.820 3.993
2940 71.0 3.997 2.371
2950 71.0 3.522 3.960
2960 71.0 3.606 2.866
2770 72.0 1.950 3.460
2780 72.0 1.860 2.860
2790 72.0 1.830 2.270
2800 72.0 1.790 1.720
2810 72.0 1.750 1.160
2820 72.0 1.790 0.550
2830 72.0 1.800 -0.060
2840 72.0 1.790 -0.660
2850 72.0 2.656 4.537
2860 72.0 1.786 3.558
2870 72.0 1.932 3.544
2880 72.0 3.919 3.467
2890 72.0 2.021 2.139
2900 72.0 -0.492 2.517
2910 72.0 2.123 2.780
2920 72.0 3.025 4.146
2930 72.0 1.062 3.284
2940 72.0 1.834 2.716
2950 72.0 2.718 4.048
2960 72.0 0.593 3.182
3100 83.0 1.650 2.700
3110 83.0 1.730 2.090
3120 83.0 1.730 1.520
3130 83.0 1.710 0.910
3140 83.0 1.780 0.300
3150 83.0 1.760 -0.310
3160 83.0 1.720 -0.890
3170 83.0 1.740 -1.470
3180 83.0 1.720 2.951
3190 83.0 1.785 2.447
3200 83.0 2.141 2.735
3210 83.0 2.920 4.886
3220 83.0 2.206 2.872
3230 83.0 2.857 2.653
3240 83.0 3.441 4.979
3250 83.0 1.814 3.272
3260 83.0 1.812 2.948
3270 83.0 0.423 2.405
3280 83.0 1.746 2.694
3290 83.0 2.703 2.860
4000 96.0 1.980 3.740
4010 96.0 1.960 3.440
4020 96.0 1.980 3.110
4030 96.0 1.860 2.780
4040 96.0 1.830 2.430
4050 96.0 1.860 2.070
4060 96.0 1.800 1.700
4070 96.0 1.810 1.320
4080 96.0 1.886 4.221
4090 96.0 1.822 3.061
4100 96.0 3.128 2.607
4110 96.0 0.620 5.877
4120 96.0 2.732 3.607
4130 96.0 2.046 2.973
4140 96.0 2.517 3.109
4150 96.0 3.630 2.149
4160 96.0 1.283 2.485
4170 96.0 0.216 2.898
4180 96.0 1.535 5.751
4190 96.0 0.865 2.274
4000 97.0 1.220 3.290
4010 97.0 1.260 2.920
4020 97.0 1.330 2.570
4030 97.0 1.340 2.200
4040 97.0 1.320 1.840
4050 97.0 1.310 1.450
4060 97.0 1.240 1.040
4070 97.0 1.160 0.670
4080 97.0 2.080 2.416
4090 97.0 0.920 2.363
4100 97.0 1.868 2.474
4110 97.0 2.175 4.051
4120 97.0 1.779 4.411
4130 97.0 0.795 3.158
4140 97.0 2.404 4.058
4150 97.0 -0.071 3.384
4160 97.0 2.861 4.702
4170 97.0 -0.163 4.156
4180 97.0 1.056 3.871
4190 97.0 2.115 3.777
4000 101.0 1.260 -8.150
4010 101.0 1.260 -8.150
4020 101.0 1.250 -8.130
4030 101.0 1.250 -8.130
4040 101.0 1.310 -8.200
4050 101.0 1.360 -8.290
4060 101.0 1.370 -8.310
4070 101.0 1.370 -8.310
4080 101.0 -1.397 -6.635
4090 101.0 2.844 -8.929
4100 101.0 1.726 -8.877
4110 101.0 2.821 -9.031
4120 101.0 -0.209 -8.098
4130 101.0 0.432 -7.938
4140 101.0 -0.354 -9.141
4150 101.0 2.552 -8.362
4160 101.0 1.499 -6.867
4170 101.0 0.022 -8.279
4180 101.0 3.020 -9.284
4190 101.0 1.820 -8.743
4000 102.0 1.370 -9.200
4010 102.0 1.370 -9.200
4020 102.0 1.370 -9.200
4030 102.0 1.380 -9.180
4040 102.0 1.380 -9.180
4050 102.0 1.380 -9.180
4060 102.0 1.380 -9.180
4070 102.0 1.380 -9.180
4080 102.0 1.431 -6.060
4090 102.0 4.003 -8.086
4100 102.0 2.002 -9.576
4110 102.0 -0.526 -10.697
4120 102.0 0.920 -9.820
4130 102.0 1.073 -9.822
4140 102.0 2.968 -9.901
4150 102.0 0.135 -7.941
4160 102.0 2.296 -10.782
4170 102.0 1.271 -9.541
4180 102.0 2.842 -7.380
4190 102.0 1.697 -9.327
4430 104.0 1.340 -9.220
4440 104.0 1.340 -9.220
4450 104.0 1.340 -9.220
4460 104.0 1.340 -9.220
4470 104.0 1.340 -9.220
4480 104.0 1.340 -9.200
4490 104.0 1.340 -9.200
4500 104.0 1.340 -9.200
4510 104.0 1.245 -9.279
4520 104.0 0.966 -9.200
4530 104.0 0.919 -9.177
4540 104.0 2.249 -9.805
4550 104.0 1.062 -9.737
4560 104.0 1.734 -9.819
4570 104.0 0.859 -9.608
4580 104.0 2.465 -11.032
4590 104.0 3.161 -9.623
4600 104.0 0.555 -9.218
4610 104.0 0.590 -7.825
4620 104.0 1.076 -8.885
4430 106.0 1.370 -8.270
4440 106.0 1.370 -8.270
4450 106.0 1.370 -8.270
4460 106.0 1.370 -8.270
4470 106.0 1.370 -8.270
4480 106.0 1.370 -8.270
4490 106.0 1.370 -8.270
4500 106.0 1.370 -8.270
4510 106.0 0.910 -7.191
4520 106.0 1.065 -8.363
4530 106.0 1.851 -8.618
4540 106.0 -0.130 -8.456
4550 106.0 0.069 -9.387
4560 106.0 0.214 -8.992
4570 106.0 1.597 -7.912
4580 106.0 1.187 -7.399
4590 106.0 1.148 -9.024
4600 106.0 2.838 -8.599
4610 106.0 1.816 -8.025
4620 106.0 3.638 -8.726
4430 108.0 2.590 -9.520
4440 108.0 2.620 -9.360
4450 108.0 2.610 -9.170
4460 108.0 2.530 -8.930
4470 108.0 2.480 -8.740
4480 108.0 2.490 -8.470
4490 108.0 2.510 -8.260
4500 108.0 2.460 -8.030
4510 108.0 0.731 -9.606
4520 108.0 1.748 -8.331
4530 108.0 1.180 -8.479
4540 108.0 3.391 -9.023
4550 108.0 3.488 -8.647
4560 108.0 1.270 -10.183
4570 108.0 1.558 -8.087
4580 108.0 2.725 -9.491
4590 108.0 2.876 -9.026
4600 108.0 3.655 -8.859
4610 108.0 1.489 -9.581
4620 108.0 2.417 -8.680
4430 110.0 3.280 -9.490
4440 110.0 3.300 -9.350
4450 110.0 3.300 -9.160
4460 110.0 3.280 -8.910
4470 110.0 3.250 -8.710
4480 110.0 3.230 -8.450
4490 110.0 3.220 -8.290
4500 110.0 3.090 -7.980
4510 110.0 4.076 -9.912
4520 110.0 1.768 -7.910
4530 110.0 3.308 -8.779
4540 110.0 0.796 -11.051
4550 110.0 3.725 -8.660
4560 110.0 3.074 -9.634
4570 110.0 2.556 -9.906
4580 110.0 5.036 -8.643
4590 110.0 2.814 -10.479
4600 110.0 3.202 -9.934
4610 110.0 4.218 -9.336
4620 110.0 4.965 -10.031
4570 112.0 2.560 2.430
4580 112.0 2.450 1.830
4590 112.0 2.510 1.230
4600 112.0 2.540 0.620
4610 112.0 2.560 -0.010
4620 112.0 2.660 -0.620
4630 112.0 2.630 -1.220
4640 112.0 2.800 -1.860
4650 112.0 3.440 1.453
4660 112.0 2.395 3.105
4670 112.0 2.828 2.022
4680 112.0 2.274 1.720
4690 112.0 2.736 3.114
4700 112.0 0.298 2.562
4710 112.0 1.784 4.057
4720 112.0 2.016 2.132
4730 112.0 3.492 1.019
4740 112.0 4.132 3.862
4750 112.0 1.453 2.264
4760 112.0 4.685 3.806
4630 105.0 1.270 -9.160
4640 105.0 1.210 -9.240
4650 105.0 1.140 -9.230
4660 105.0 1.110 -9.230
4670 105.0 1.090 -9.230
4680 105.0 1.130 -9.190
4690 105.0 1.200 -9.120
4700 105.0 1.360 -9.230
4710 105.0 2.878 -9.868
4720 105.0 -0.523 -8.314
4730 105.0 0.640 -9.687
4740 105.0 0.265 -7.621
4750 105.0 1.614 -10.143
4760 105.0 1.333 -11.378
4770 105.0 1.549 -8.521
4780 105.0 0.124 -8.399
4790 105.0 2.695 -10.012
4800 105.0 0.914 -7.918
4810 105.0 2.912 -10.572
4820 105.0 0.648 -7.036
4630 107.0 1.370 -8.270
4640 107.0 1.370 -8.270
4650 107.0 1.370 -8.270
4660 107.0 1.370 -8.270
4670 107.0 1.370 -8.270
4680 107.0 1.370 -8.270
4690 107.0 1.370 -8.270
4700 107.0 1.370 -8.270
4710 107.0 1.178 -7.581
4720 107.0 0.395 -8.676
4730 107.0 1.601 -7.572
4740 107.0 3.195 -9.444
4750 107.0 1.312 -7.580
4760 107.0 1.758 -5.714
4770 107.0 1.423 -7.768
4780 107.0 2.233 -8.898
4790 107.0 0.395 -8.602
4800 107.0 2.917 -6.818
4810 107.0 1.628 -7.231
4820 107.0 2.781 -7.679
4630 109.0 2.120 -4.830
4640 109.0 2.030 -4.550
4650 109.0 1.980 -4.340
4660 109.0 2.020 -4.140
4670 109.0 2.050 -3.980
4680 109.0 1.970 -3.740
4690 109.0 1.850 -3.510
4700 109.0 1.850 -3.310
4710 109.0 1.407 -7.045
4720 109.0 1.167 -5.433
4730 109.0 0.717 -3.164
4740 109.0 2.783 -4.998
4750 109.0 2.384 -5.101
4760 109.0 0.827 -5.099
4770 109.0 5.638 -3.578
4780 109.0 2.500 -4.245
4790 109.0 2.535 -3.730
4800 109.0 3.447 -4.627
4810 109.0 3.224 -5.413
4820 109.0 1.204 -5.095
4630 111.0 2.710 -4.910
4640 111.0 2.690 -4.740
4650 111.0 2.680 -4.500
4660 111.0 2.650 -4.240
4670 111.0 2.650 -4.070
4680 111.0 2.580 -3.830
4690 111.0 2.490 -3.600
4700 111.0 2.490 -3.400
4710 111.0 1.964 -3.294
4720 111.0 3.103 -6.291
4730 111.0 1.855 -3.925
4740 111.0 1.574 -3.561
4750 111.0 3.373 -3.673
4760 111.0 1.897 -4.982
4770 111.0 3.114 -6.200
4780 111.0 4.782 -5.063
4790 111.0 1.243 -4.146
4800 111.0 2.366 -3.486
4810 111.0 1.443 -5.831
4820 111.0 2.190 -5.552
4690 113.0 3.720 -8.770
4700 113.0 3.710 -8.180
4710 113.0 3.720 -7.630
4720 113.0 3.730 -7.060
4730 113.0 3.570 -6.410
4740 113.0 3.440 -5.730
4750 113.0 3.410 -5.190
4760 113.0 3.290 -4.500
4770 113.0 4.947 -8.450
4780 113.0 3.967 -8.712
4790 113.0 4.242 -6.934
4800 113.0 3.411 -8.876
4810 113.0 3.736 -9.456
4820 113.0 3.715 -8.040
4830 113.0 4.157 -7.665
4840 113.0 3.886 -8.494
4850 113.0 3.467 -9.334
4860 113.0 3.929 -9.414
4870 113.0 3.682 -9.336
4880 113.0 4.749 -7.518
5680 119.0 1.300 3.750
5690 119.0 1.230 3.210
5700 119.0 1.250 2.680
5710 119.0 1.240 2.150
5720 119.0 1.230 1.650
5730 119.0 1.210 1.030
5740 119.0 1.230 0.420
5750 119.0 1.290 -0.060
5760 119.0 2.018 4.334
5770 119.0 1.224 3.029
5780 119.0 -0.446 2.745
5790 119.0 1.899 3.514
5800 119.0 1.830 2.559
5810 119.0 1.393 3.309
5820 119.0 0.787 4.685
5830 119.0 3.767 3.479
5840 119.0 1.951 2.453
5850 119.0 0.869 2.884
5860 119.0 2.418 4.549
5870 119.0 1.288 4.807
5680 120.0 0.590 3.300
5690 120.0 0.580 2.800
5700 120.0 0.520 2.250
5710 120.0 0.570 1.700
5720 120.0 0.580 1.190
5730 120.0 0.570 0.640
5740 120.0 0.640 0.060
5750 120.0 0.640 -0.430
5760 120.0 0.732 3.846
5770 120.0 0.362 3.930
5780 120.0 1.073 2.644
5790 120.0 -0.688 3.279
5800 120.0 1.131 4.224
5810 120.0 -0.007 3.345
5820 120.0 0.048 3.418
5830 120.0 1.477 3.725
5840 120.0 0.985 2.116
5850 120.0 0.923 2.856
5860 120.0 -0.256 3.666
5870 120.0 1.739 4.201
6790 136.0 3.140 -1.410
6800 136.0 3.150 -1.430
6810 136.0 3.170 -1.460
6820 136.0 3.170 -1.490
6830 136.0 3.180 -1.520
6840 136.0 3.200 -1.520
6850 136.0 3.200 -1.540
6860 136.0 3.190 -1.560
6870 136.0 4.833 -0.995
6880 136.0 1.987 -1.323
6890 136.0 2.797 -0.935
6900 136.0 3.159 -1.143
6910 136.0 4.050 0.363
6920 136.0 3.250 -0.237
6930 136.0 4.696 -1.832
6940 136.0 4.523 -1.083
6950 136.0 4.390 -2.019
6960 136.0 3.635 -1.832
6970 136.0 1.899 -1.331
6980 136.0 3.563 -1.355
6840 138.0 1.400 -8.320
6850 138.0 1.420 -8.320
6860 138.0 1.440 -8.320
6870 138.0 1.440 -8.320
6880 138.0 1.440 -8.320
6890 138.0 1.480 -8.250
6900 138.0 1.480 -8.260
6910 138.0 1.480 -8.260
6920 138.0 1.670 -6.787
6930 138.0 2.670 -8.528
6940 138.0 1.625 -8.465
6950 138.0 0.668 -10.218
6960 138.0 1.247 -8.009
6970 138.0 1.384 -7.465
6980 138.0 0.011 -8.941
6990 138.0 0.290 -8.455
7000 138.0 1.608 -8.845
7010 138.0 2.270 -9.599
7020 138.0 0.543 -9.263
7030 138.0 2.189 -8.014
6840 140.0 1.230 -9.320
6850 140.0 1.270 -9.300
6860 140.0 1.290 -9.280
6870 140.0 1.280 -9.280
6880 140.0 1.280 -9.290
6890 140.0 1.260 -9.280
6900 140.0 1.190 -9.270
6910 140.0 1.220 -9.270
6920 140.0 2.295 -10.396
6930 140.0 2.969 -9.692
6940 140.0 0.734 -10.025
6950 140.0 1.306 -9.180
6960 140.0 0.000 -8.660
6970 140.0 0.453 -10.576
6980 140.0 0.350 -8.493
6990 140.0 2.041 -9.535
7000 140.0 3.752 -10.407
7010 140.0 0.962 -9.476
7020 140.0 1.204 -9.403
7030 140.0 1.251 -8.364
6890 142.0 0.600 -9.340
6900 142.0 0.600 -8.960
6910 142.0 0.590 -8.500
6920 142.0 0.820 -7.990
6930 142.0 0.990 -7.510
6940 142.0 1.210 -7.030
6950 142.0 1.310 -6.530
6960 142.0 1.280 -6.020
6970 142.0 2.578 -9.246
6980 142.0 -0.953 -9.036
6990 142.0 1.666 -7.932
7000 142.0 0.790 -9.407
7010 142.0 1.633 -10.095
7020 142.0 2.506 -9.587
7030 142.0 2.024 -11.472
7040 142.0 0.558 -10.494
7050 142.0 0.199 -8.515
7060 142.0 -0.550 -8.936
7070 142.0 0.966 -9.289
7080 142.0 1.549 -9.848
6890 143.0 0.090 -9.200
6900 143.0 0.090 -8.790
6910 143.0 0.100 -8.320
6920 143.0 0.300 -7.810
6930 143.0 0.450 -7.330
6940 143.0 0.490 -6.760
6950 143.0 0.570 -6.280
6960 143.0 0.620 -5.820
6970 143.0 0.770 -9.068
6980 143.0 0.356 -9.109
6990 143.0 0.195 -8.043
7000 143.0 1.760 -7.280
7010 143.0 0.210 -8.158
7020 143.0 1.255 -9.934
7030 143.0 1.032 -9.832
7040 143.0 -0.434 -7.944
7050 143.0 -0.866 -8.850
7060 143.0 -0.016 -8.804
7070 143.0 0.867 -8.175
7080 143.0 0.025 -9.757
6890 144.0 0.010 -6.930
6900 144.0 0.010 -6.930
6910 144.0 0.010 -6.930
6920 144.0 -0.140 -6.840
6930 144.0 -0.230 -6.900
6940 144.0 -0.290 -6.790
6950 144.0 -0.260 -6.820
6960 144.0 -0.260 -6.810
6970 144.0 0.721 -5.019
6980 144.0 -0.387 -7.154
6990 144.0 -0.576 -6.715
7000 144.0 0.341 -6.495
7010 144.0 -0.033 -6.159
7020 144.0 -0.466 -7.474
7030 144.0 -0.622 -5.903
7040 144.0 1.594 -7.063
7050 144.0 -0.450 -8.397
7060 144.0 -1.359 -6.777
7070 144.0 0.577 -7.118
7080 144.0 3.930 -6.881
6970 145.0 2.460 2.980
6980 145.0 2.510 2.450
6990 145.0 2.600 1.900
7000 145.0 2.660 1.360
7010 145.0 2.680 0.840
7020 145.0 2.690 0.310
7030 145.0 2.530 -0.180
7040 145.0 2.360 -0.610
7050 145.0 2.259 2.364
7060 145.0 0.883 3.351
7070 145.0 3.702 2.816
7080 145.0 3.941 2.981
7090 145.0 2.557 2.066
7100 145.0 1.273 2.683
7110 145.0 2.417 2.430
7120 145.0 1.283 3.880
7130 145.0 3.200 4.073
7140 145.0 1.742 3.628
7150 145.0 2.692 1.968
7160 145.0 2.041 2.808
7030 150.0 2.970 -1.620
7040 150.0 2.900 -1.710
7050 150.0 2.830 -1.940
7060 150.0 2.730 -2.110
7070 150.0 2.530 -2.260
7080 150.0 2.490 -2.400
7090 150.0 2.430 -2.480
7100 150.0 2.460 -2.560
7110 150.0 1.716 -2.117
7120 150.0 1.601 -1.187
7130 150.0 4.655 -1.387
7140 150.0 4.290 -1.441
7150 150.0 1.254 -2.844
7160 150.0 1.835 -0.153
7170 150.0 3.799 -1.943
7180 150.0 2.151 -2.497
7190 150.0 2.547 -1.567
7200 150.0 3.032 -2.489
7210 150.0 0.958 -2.704
7220 150.0 4.822 -1.666
7040 139.0 1.410 -8.330
7050 139.0 1.350 -8.330
7060 139.0 1.470 -8.290
7070 139.0 1.480 -8.280
7080 139.0 1.480 -8.280
7090 139.0 1.480 -8.280
7100 139.0 1.400 -8.310
7110 139.0 1.470 -8.280
7120 139.0 0.443 -9.018
7130 139.0 2.853 -7.282
7140 139.0 -0.519 -8.733
7150 139.0 1.259 -8.036
7160 139.0 1.418 -9.464
7170 139.0 2.326 -9.024
7180 139.0 3.690 -8.014
7190 139.0 2.775 -9.408
7200 139.0 1.433 -5.985
7210 139.0 1.598 -8.953
7220 139.0 1.143 -7.863
7230 139.0 2.327 -8.591
7040 141.0 1.310 -9.300
7050 141.0 1.310 -9.300
7060 141.0 1.310 -9.300
7070 141.0 1.310 -9.300
7080 141.0 1.310 -9.300
7090 141.0 1.310 -9.300
7100 141.0 1.310 -9.300
7110 141.0 1.310 -9.300
7120 141.0 -0.200 -8.092
7130 141.0 -0.225 -9.092
7140 141.0 0.981 -10.117
7150 141.0 2.692 -8.744
7160 141.0 -0.065 -8.347
7170 141.0 1.788 -9.022
7180 141.0 2.209 -9.854
7190 141.0 1.834 -8.566
7200 141.0 2.409 -8.907
7210 141.0 2.024 -9.361
7220 141.0 2.375 -10.448
7230 141.0 1.392 -9.216
7480 156.0 1.420 -9.380
7490 156.0 1.450 -8.780
7500 156.0 1.460 -8.110
7510 156.0 1.340 -7.430
7520 156.0 1.360 -6.750
7530 156.0 1.470 -5.970
7540 156.0 1.450 -5.290
7550 156.0 1.450 -4.590
7560 156.0 -0.036 -8.727
7570 156.0 -0.035 -9.523
7580 156.0 2.840 -9.959
7590 156.0 4.418 -10.139
7600 156.0 1.363 -10.442
7610 156.0 1.720 -9.794
7620 156.0 1.890 -9.353
7630 156.0 1.714 -9.293
7640 156.0 0.484 -10.681
7650 156.0 -0.151 -9.224
7660 156.0 0.218 -8.792
7670 156.0 -0.686 -9.392
7480 157.0 2.250 -9.310
7490 157.0 2.170 -8.670
7500 157.0 2.120 -8.010
7510 157.0 2.040 -7.340
7520 157.0 2.050 -6.680
7530 157.0 2.110 -5.990
7540 157.0 2.060 -5.280
7550 157.0 2.080 -4.580
7560 157.0 3.819 -10.719
7570 157.0 2.210 -9.457
7580 157.0 1.086 -8.137
7590 157.0 1.878 -9.143
7600 157.0 4.470 -9.205
7610 157.0 1.476 -8.934
7620 157.0 2.158 -10.115
7630 157.0 1.424 -10.390
7640 157.0 2.844 -10.743
7650 157.0 3.229 -10.399
7660 157.0 2.561 -9.301
7670 157.0 2.607 -9.336
9260 174.0 0.950 1.710
9270 174.0 0.960 1.250
9280 174.0 0.950 0.750
9290 174.0 1.000 0.250
9300 174.0 0.990 -0.250
9310 174.0 0.970 -0.750
9320 174.0 1.040 -1.280
9330 174.0 1.020 -1.800
9340 174.0 2.073 1.880
9350 174.0 1.062 2.061
9360 174.0 1.485 2.069
9370 174.0 -0.598 1.534
9380 174.0 0.688 1.260
9390 174.0 -0.126 3.501
9400 174.0 1.416 -0.070
9410 174.0 -0.825 3.640
9420 174.0 2.134 3.371
9430 174.0 1.331 2.278
9440 174.0 1.638 1.917
9450 174.0 0.796 1.627
9260 175.0 1.640 2.000
9270 175.0 1.630 1.500
9280 175.0 1.620 1.010
9290 175.0 1.610 0.490
9300 175.0 1.640 -0.010
9310 175.0 1.600 -0.500
9320 175.0 1.580 -1.010
9330 175.0 1.640 -1.520
9340 175.0 0.070 2.102
9350 175.0 1.331 2.196
9360 175.0 0.165 1.956
9370 175.0 -0.016 1.455
9380 175.0 2.253 1.484
9390 175.0 0.594 2.663
9400 175.0 2.248 2.198
9410 175.0 2.896 0.647
9420 175.0 1.446 2.125
9430 175.0 -0.352 1.571
9440 175.0 0.505 0.730
9450 175.0 1.027 3.417
9370 180.0 -1.090 -6.720
9380 180.0 -1.090 -6.720
9390 180.0 -1.090 -6.720
9400 180.0 -1.090 -6.720
9410 180.0 -1.090 -6.720
9420 180.0 -1.090 -6.720
9430 180.0 -1.090 -6.720
9440 180.0 -1.090 -6.720
9450 180.0 -1.751 -7.966
9460 180.0 -1.023 -5.980
9470 180.0 -1.801 -7.767
9480 180.0 -0.653 -5.460
9490 180.0 -2.195 -7.726
9500 180.0 -0.873 -6.207
9510 180.0 0.294 -7.105
9520 180.0 -2.059 -6.246
9530 180.0 -2.985 -7.531
9540 180.0 -0.825 -5.979
9550 180.0 0.606 -5.185
9560 180.0 -1.236 -7.518
9400 183.0 1.170 -9.880
9410 183.0 1.210 -9.220
9420 183.0 1.390 -8.650
9430 183.0 1.580 -8.140
9440 183.0 1.540 -7.670
9450 183.0 1.580 -7.100
9460 183.0 1.730 -6.550
9470 183.0 1.800 -5.920
9480 183.0 1.761 -9.266
9490 183.0 -0.071 -11.315
9500 183.0 0.912 -9.992
9510 183.0 1.160 -9.404
9520 183.0 2.550 -11.443
9530 183.0 1.683 -10.110
9540 183.0 1.350 -10.221
9550 183.0 1.794 -10.632
9560 183.0 1.104 -8.564
9570 183.0 -0.070 -10.763
9580 183.0 4.012 -10.564
9590 183.0 0.694 -9.962
9400 184.0 1.890 -9.650
9410 184.0 1.920 -9.050
9420 184.0 1.980 -8.510
9430 184.0 2.150 -7.980
9440 184.0 2.170 -7.280
9450 184.0 2.210 -6.760
9460 184.0 2.280 -6.140
9470 184.0 2.390 -5.440
9480 184.0 0.635 -10.129
9490 184.0 1.588 -9.092
9500 184.0 2.010 -9.479
9510 184.0 3.136 -10.165
9520 184.0 1.657 -10.724
9530 184.0 0.791 -9.304
9540 184.0 2.083 -7.777
9550 184.0 2.633 -8.888
9560 184.0 1.744 -9.245
9570 184.0 0.422 -10.708
9580 184.0 2.735 -10.126
9590 184.0 2.419 -11.009
9410 185.0 -0.880 -1.080
9420 185.0 -0.860 -1.040
9430 185.0 -0.850 -1.000
9440 185.0 -0.850 -1.000
9450 185.0 -0.870 -1.030
9460 185.0 -0.910 -1.070
9470 185.0 -0.930 -1.090
9480 185.0 -0.930 -1.070
9490 185.0 -1.018 0.262
9500 185.0 -0.759 -1.428
9510 185.0 -0.820 0.157
9520 185.0 -2.409 -0.664
9530 185.0 -0.171 0.789
9540 185.0 -0.712 -1.732
9550 185.0 -0.617 -2.268
9560 185.0 -0.267 -0.848
9570 185.0 -2.024 -0.045
9580 185.0 -0.625 -0.989
9590 185.0 -0.787 -1.013
9600 185.0 -2.411 -0.137
9420 187.0 1.710 2.670
9430 187.0 1.750 2.050
9440 187.0 1.810 1.480
9450 187.0 1.890 0.910
9460 187.0 1.900 0.320
9470 187.0 1.920 -0.290
9480 187.0 1.850 -1.010
9490 187.0 1.700 -1.600
9500 187.0 2.469 2.599
9510 187.0 2.332 2.440
9520 187.0 0.988 2.487
9530 187.0 2.750 4.156
9540 187.0 1.901 2.389
9550 187.0 1.050 2.103
9560 187.0 1.339 2.799
9570 187.0 1.736 4.030
9580 187.0 1.308 1.613
9590 187.0 0.194 3.138
9600 187.0 0.007 1.696
9610 187.0 -0.379 3.572
9460 192.0 2.070 3.850
9470 192.0 2.100 3.270
9480 192.0 2.180 2.630
9490 192.0 2.140 1.990
9500 192.0 2.100 1.290
9510 192.0 2.030 0.570
9520 192.0 1.900 0.000
9530 192.0 1.770 -0.570
9540 192.0 2.605 3.581
9550 192.0 1.131 4.016
9560 192.0 3.848 3.015
9570 192.0 2.058 3.967
9580 192.0 2.772 4.643
9590 192.0 4.457 4.385
9600 192.0 1.894 3.227
9610 192.0 1.947 4.921
9620 192.0 2.063 2.632
9630 192.0 1.403 4.467
9640 192.0 0.815 3.360
9650 192.0 2.894 3.351
9500 194.0 1.720 -8.940
9510 194.0 1.780 -8.300
9520 194.0 1.800 -7.810
9530 194.0 1.880 -7.260
9540 194.0 1.960 -6.650
9550 194.0 1.980 -6.050
9560 194.0 2.040 -5.440
9570 194.0 2.060 -4.850
9580 194.0 1.779 -7.670
9590 194.0 1.421 -9.463
9600 194.0 3.466 -9.276
9610 194.0 0.582 -9.914
9620 194.0 1.754 -7.522
9630 194.0 2.520 -9.519
9640 194.0 2.305 -9.119
9650 194.0 1.616 -8.490
9660 194.0 2.478 -8.729
9670 194.0 -0.855 -9.670
9680 194.0 -0.351 -6.662
9690 194.0 2.672 -8.575
9500 195.0 2.240 -9.130
9510 195.0 2.310 -8.510
9520 195.0 2.350 -7.950
9530 195.0 2.430 -7.420
9540 195.0 2.480 -6.870
9550 195.0 2.470 -6.200
9560 195.0 2.530 -5.600
9570 195.0 2.560 -5.010
9580 195.0 2.103 -11.813
9590 195.0 1.426 -7.545
9600 195.0 2.571 -9.047
9610 195.0 2.024 -8.402
9620 195.0 3.542 -9.383
9630 195.0 0.427 -9.934
9640 195.0 0.994 -9.945
9650 195.0 2.269 -7.750
9660 195.0 2.721 -9.367
9670 195.0 1.990 -8.707
9680 195.0 0.277 -9.113
9690 195.0 2.252 -7.158
9500 196.0 2.070 3.900
9510 196.0 2.000 3.360
9520 196.0 2.050 2.770
9530 196.0 1.970 2.080
9540 196.0 1.900 1.490
9550 196.0 1.810 0.870
9560 196.0 1.660 0.320
9570 196.0 1.570 -0.300
9580 196.0 1.354 3.375
9590 196.0 2.115 4.745
9600 196.0 1.136 3.042
9610 196.0 3.413 3.646
9620 196.0 0.749 3.775
9630 196.0 3.006 4.333
9640 196.0 1.589 3.978
9650 196.0 1.515 4.904
9660 196.0 3.371 4.953
9670 196.0 0.348 4.487
9680 196.0 1.428 4.319
9690 196.0 1.940 3.574
9510 199.0 -1.420 -3.510
9520 199.0 -1.310 -3.570
9530 199.0 -1.120 -3.530
9540 199.0 -1.050 -3.550
9550 199.0 -0.980 -3.660
9560 199.0 -0.740 -3.670
9570 199.0 -0.610 -3.720
9580 199.0 -0.490 -3.890
9590 199.0 -0.964 -4.051
9600 199.0 -2.153 -1.910
9610 199.0 -2.559 -4.661
9620 199.0 -1.558 -2.855
9630 199.0 -1.182 -4.262
9640 199.0 -2.014 -4.012
9650 199.0 -1.688 -2.354
9660 199.0 -1.633 -3.248
9670 199.0 -1.749 -2.845
9680 199.0 -2.929 -2.941
9690 199.0 -2.324 -3.803
9700 199.0 -1.611 -2.689
9550 200.0 2.010 -9.810
9560 200.0 1.990 -9.270
9570 200.0 2.060 -8.710
9580 200.0 2.130 -8.190
9590 200.0 2.130 -7.640
9600 200.0 2.140 -7.030
9610 200.0 2.120 -6.460
9620 200.0 2.130 -5.900
9630 200.0 0.911 -9.685
9640 200.0 2.711 -10.416
9650 200.0 1.827 -10.019
9660 200.0 2.708 -10.128
9670 200.0 2.196 -9.540
9680 200.0 0.669 -10.141
9690 200.0 2.851 -9.712
9700 200.0 0.941 -8.586
9710 200.0 1.295 -9.733
9720 200.0 1.228 -9.093
9730 200.0 1.744 -8.468
9740 200.0 2.021 -11.627
9550 201.0 2.780 -9.950
9560 201.0 2.740 -9.370
9570 201.0 2.770 -8.830
9580 201.0 2.840 -8.300
9590 201.0 2.840 -7.750
9600 201.0 2.820 -7.150
9610 201.0 2.860 -6.580
9620 201.0 2.860 -6.040
9630 201.0 5.352 -9.792
9640 201.0 3.452 -9.876
9650 201.0 2.715 -9.761
9660 201.0 3.614 -9.464
9670 201.0 2.711 -10.929
9680 201.0 2.845 -10.375
9690 201.0 1.212 -9.644
9700 201.0 2.586 -10.556
9710 201.0 3.280 -9.848
9720 201.0 3.138 -8.203
9730 201.0 2.554 -8.821
9740 201.0 2.282 -9.396
9570 181.0 -1.090 -6.720
9580 181.0 -1.090 -6.720
9590 181.0 -1.090 -6.720
9600 181.0 -1.090 -6.720
9610 181.0 -1.090 -6.720
9620 181.0 -1.090 -6.720
9630 181.0 -1.090 -6.720
9640 181.0 -1.090 -6.720
9650 181.0 0.050 -8.050
9660 181.0 -1.323 -5.245
9670 181.0 -2.147 -7.959
9680 181.0 -0.411 -7.493
9690 181.0 -0.400 -6.637
9700 181.0 0.027 -6.792
9710 181.0 0.493 -7.620
9720 181.0 -0.118 -7.011
9730 181.0 -0.735 -5.466
9740 181.0 -1.238 -7.221
9750 181.0 -1.379 -7.710
9760 181.0 -1.533 -6.768
9590 203.0 0.940 4.050
9600 203.0 1.040 3.550
9610 203.0 0.950 3.070
9620 203.0 0.910 2.620
9630 203.0 0.930 2.130
9640 203.0 0.850 1.670
9650 203.0 0.830 1.170
9660 203.0 0.750 0.700
9670 203.0 1.424 3.964
9680 203.0 0.879 4.031
9690 203.0 1.148 4.985
9700 203.0 -1.090 3.749
9710 203.0 1.816 4.138
9720 203.0 0.932 3.164
9730 203.0 0.193 3.450
9740 203.0 -0.126 4.255
9750 203.0 0.524 3.998
9760 203.0 1.401 4.620
9770 203.0 1.680 4.201
9780 203.0 -0.467 5.166
9610 186.0 -0.860 -1.080
9620 186.0 -0.910 -1.000
9630 186.0 -0.910 -1.060
9640 186.0 -0.940 -1.110
9650 186.0 -0.940 -1.130
9660 186.0 -0.920 -1.120
9670 186.0 -0.880 -1.080
9680 186.0 -0.890 -0.980
9690 186.0 -0.257 -0.308
9700 186.0 -2.098 -1.348
9710 186.0 -0.114 -2.207
9720 186.0 -1.320 -2.184
9730 186.0 -1.134 -1.449
9740 186.0 -1.318 0.564
9750 186.0 -1.555 0.131
9760 186.0 -1.621 -2.489
9770 186.0 -1.572 -0.583
9780 186.0 -2.346 0.909
9790 186.0 -1.338 -0.783
9800 186.0 0.050 -0.765
9610 204.0 -0.120 -5.850
9620 204.0 -0.120 -5.850
9630 204.0 -0.430 -6.030
9640 204.0 -0.620 -6.040
9650 204.0 -0.900 -5.920
9660 204.0 -1.100 -5.880
9670 204.0 -1.240 -5.880
9680 204.0 -1.360 -5.800
9690 204.0 0.624 -6.099
9700 204.0 -0.945 -5.213
9710 204.0 -1.130 -5.135
9720 204.0 -0.979 -6.647
9730 204.0 1.762 -6.840
9740 204.0 -0.096 -5.782
9750 204.0 -0.235 -5.483
9760 204.0 -0.177 -5.284
9770 204.0 0.498 -5.707
9780 204.0 -1.410 -7.660
9790 204.0 0.131 -6.054
9800 204.0 1.714 -7.071
9660 206.0 1.260 3.880
9670 206.0 1.240 3.450
9680 206.0 1.160 2.940
9690 206.0 1.140 2.420
9700 206.0 1.080 1.840
9710 206.0 1.110 1.240
9720 206.0 1.100 0.660
9730 206.0 1.130 -0.020
9740 206.0 0.186 3.623
9750 206.0 1.853 3.118
9760 206.0 0.974 4.752
9770 206.0 1.535 4.323
9780 206.0 -0.045 2.623
9790 206.0 2.127 5.007
9800 206.0 2.299 3.261
9810 206.0 2.381 2.220
9820 206.0 -1.264 5.070
9830 206.0 -0.469 4.547
9840 206.0 1.747 3.653
9850 206.0 0.362 4.626
9770 182.0 -1.110 -6.700
9780 182.0 -1.110 -6.700
9790 182.0 -1.110 -6.700
9800 182.0 -1.110 -6.700
9810 182.0 -1.110 -6.700
9820 182.0 -1.110 -6.700
9830 182.0 -1.110 -6.700
9840 182.0 -1.110 -6.700
9850 182.0 0.637 -8.206
9860 182.0 -0.429 -8.281
9870 182.0 -3.278 -5.556
9880 182.0 -0.064 -7.383
9890 182.0 -0.378 -6.446
9900 182.0 -0.742 -5.822
9910 182.0 -0.378 -7.235
9920 182.0 0.212 -7.061
9930 182.0 -3.159 -5.634
9940 182.0 -2.183 -7.456
9950 182.0 -2.485 -6.181
9960 182.0 0.761 -5.575
10050 222.0 -0.940 -0.960
10060 222.0 -0.990 -1.050
10070 222.0 -1.020 -1.150
10080 222.0 -1.020 -1.200
10090 222.0 -1.060 -1.200
10100 222.0 -1.090 -1.170
10110 222.0 -1.110 -1.150
10120 222.0 -1.110 -1.130
10130 222.0 -0.192 -0.998
10140 222.0 -2.019 -0.293
10150 222.0 -0.994 -0.703
10160 222.0 -0.791 -2.029
10170 222.0 -0.985 -0.153
10180 222.0 -0.228 0.953
10190 222.0 1.565 -0.776
10200 222.0 -1.802 -0.813
10210 222.0 1.438 -1.967
10220 222.0 -0.861 -0.778
10230 222.0 -0.794 0.513
10240 222.0 -0.359 -0.558
10060 223.0 1.500 4.070
10070 223.0 1.440 3.690
10080 223.0 1.630 3.220
10090 223.0 1.650 2.780
10100 223.0 1.620 2.320
10110 223.0 1.650 1.870
10120 223.0 1.710 1.440
10130 223.0 1.630 1.040
10140 223.0 2.164 3.467
10150 223.0 2.873 4.858
10160 223.0 1.335 4.010
10170 223.0 2.002 3.939
10180 223.0 2.226 2.522
10190 223.0 2.548 4.373
10200 223.0 2.624 3.938
10210 223.0 2.648 4.480
10220 223.0 2.337 3.973
10230 223.0 2.609 3.904
10240 223.0 2.871 3.829
10250 223.0 1.707 5.484
10070 224.0 0.500 4.180
10080 224.0 0.550 3.770
10090 224.0 0.710 3.400
10100 224.0 0.740 2.980
10110 224.0 0.730 2.540
10120 224.0 0.920 2.130
10130 224.0 0.950 1.690
10140 224.0 0.900 1.150
10150 224.0 0.230 3.497
10160 224.0 -0.445 4.820
10170 224.0 0.902 4.461
10180 224.0 0.990 6.464
10190 224.0 0.748 3.501
10200 224.0 0.894 3.049
10210 224.0 1.079 5.092
10220 224.0 -0.370 4.751
10230 224.0 1.550 4.112
10240 224.0 1.562 4.057
10250 224.0 -1.348 3.852
10260 224.0 0.237 3.355
10080 226.0 1.620 -9.940
10090 226.0 1.720 -9.500
10100 226.0 1.710 -8.990
10110 226.0 1.700 -8.500
10120 226.0 1.640 -8.020
10130 226.0 1.500 -7.490
10140 226.0 1.450 -6.960
10150 226.0 1.400 -6.460
10160 226.0 2.555 -10.304
10170 226.0 0.853 -11.539
10180 226.0 0.423 -9.975
10190 226.0 2.642 -10.283
10200 226.0 2.139 -10.232
10210 226.0 1.516 -8.662
10220 226.0 1.549 -10.454
10230 226.0 1.217 -10.430
10240 226.0 0.820 -8.434
10250 226.0 2.961 -10.183
10260 226.0 2.052 -9.964
10270 226.0 1.008 -11.447
10110 227.0 1.720 3.870
10120 227.0 1.800 3.320
10130 227.0 1.830 2.820
10140 227.0 2.020 2.310
10150 227.0 2.090 1.820
10160 227.0 2.020 1.310
10170 227.0 2.030 0.800
10180 227.0 1.950 0.380
10190 227.0 0.297 4.750
10200 227.0 2.389 4.691
10210 227.0 2.068 4.565
10220 227.0 0.770 4.058
10230 227.0 2.475 4.958
10240 227.0 1.500 2.890
10250 227.0 3.620 2.753
10260 227.0 -0.200 4.522
10270 227.0 1.437 3.935
10280 227.0 0.474 4.400
10290 227.0 2.928 3.369
10300 227.0 1.914 2.727
10260 230.0 0.930 -9.760
10270 230.0 0.760 -9.200
10280 230.0 0.630 -8.650
10290 230.0 0.580 -8.080
10300 230.0 0.450 -7.480
10310 230.0 0.410 -6.950
10320 230.0 0.410 -6.360
10330 230.0 0.350 -5.750
10340 230.0 1.190 -11.254
10350 230.0 1.874 -9.826
10360 230.0 2.136 -9.939
10370 230.0 0.244 -10.348
10380 230.0 1.474 -10.565
10390 230.0 0.770 -10.546
10400 230.0 1.082 -10.442
10410 230.0 0.955 -10.655
10420 230.0 -1.839 -7.631
10430 230.0 0.099 -9.372
10440 230.0 0.283 -9.911
10450 230.0 0.461 -11.280
10260 231.0 2.750 -9.510
10270 231.0 2.860 -9.170
10280 231.0 2.920 -8.790
10290 231.0 2.950 -8.320
10300 231.0 3.050 -7.920
10310 231.0 3.110 -7.530
10320 231.0 3.100 -7.140
10330 231.0 3.140 -6.780
10340 231.0 3.060 -10.051
10350 231.0 0.215 -10.771
10360 231.0 3.874 -9.455
10370 231.0 2.550 -8.958
10380 231.0 2.026 -9.577
10390 231.0 3.111 -9.395
10400 231.0 2.294 -10.543
10410 231.0 3.097 -10.151
10420 231.0 2.900 -9.381
10430 231.0 4.673 -8.678
10440 231.0 2.518 -10.026
10450 231.0 2.589 -9.666
10260 232.0 3.520 -10.010
10270 232.0 3.430 -9.550
10280 232.0 3.440 -9.170
10290 232.0 3.540 -8.780
10300 232.0 3.560 -8.350
10310 232.0 3.560 -7.920
10320 232.0 3.630 -7.490
10330 232.0 3.590 -7.110
10340 232.0 4.816 -11.236
10350 232.0 4.690 -9.639
10360 232.0 5.432 -10.105
10370 232.0 4.862 -11.236
10380 232.0 1.758 -11.517
10390 232.0 0.731 -11.146
10400 232.0 3.024 -8.557
10410 232.0 2.237 -10.902
10420 232.0 4.775 -8.385
10430 232.0 3.496 -11.303
10440 232.0 3.242 -9.928
10450 232.0 2.425 -10.645
10260 233.0 -1.110 -6.760
10270 233.0 -1.110 -6.760
10280 233.0 -1.110 -6.760
10290 233.0 -1.110 -6.760
10300 233.0 -1.090 -6.760
10310 233.0 -1.090 -6.760
10320 233.0 -1.090 -6.760
10330 233.0 -1.090 -6.760
10340 233.0 -1.653 -5.556
10350 233.0 -1.131 -7.822
10360 233.0 -1.599 -6.675
10370 233.0 -0.400 -6.614
10380 233.0 -2.267 -5.338
10390 233.0 -0.759 -6.912
10400 233.0 -1.305 -5.229
10410 233.0 -1.856 -5.697
10420 233.0 -2.391 -7.164
10430 233.0 -1.796 -5.325
10440 233.0 -0.041 -7.170
10450 233.0 -0.159 -4.699
10370 235.0 4.000 -9.300
10380 235.0 4.020 -8.910
10390 235.0 4.040 -8.550
10400 235.0 3.970 -8.190
10410 235.0 3.920 -7.870
10420 235.0 3.980 -7.550
10430 235.0 3.940 -7.210
10440 235.0 3.870 -6.890
10450 235.0 4.072 -9.811
10460 235.0 4.662 -8.250
10470 235.0 2.912 -10.027
10480 235.0 6.040 -10.176
10490 235.0 3.589 -8.832
10500 235.0 4.143 -8.442
10510 235.0 4.516 -9.744
10520 235.0 3.314 -7.956
10530 235.0 4.492 -10.481
10540 235.0 3.278 -8.502
10550 235.0 4.171 -10.323
10560 235.0 4.321 -10.082
10370 236.0 3.420 -9.440
10380 236.0 3.380 -9.100
10390 236.0 3.330 -8.760
10400 236.0 3.350 -8.410
10410 236.0 3.340 -8.070
10420 236.0 3.260 -7.660
10430 236.0 3.240 -7.320
10440 236.0 3.290 -6.880
10450 236.0 3.471 -9.330
10460 236.0 2.522 -10.271
10470 236.0 1.916 -8.907
10480 236.0 3.996 -8.475
10490 236.0 3.909 -9.208
10500 236.0 3.015 -8.146
10510 236.0 3.444 -9.857
10520 236.0 4.072 -9.788
10530 236.0 5.163 -9.987
10540 236.0 4.148 -9.271
10550 236.0 4.166 -8.901
10560 236.0 0.194 -10.482
10520 240.0 3.040 -9.010
10530 240.0 3.080 -8.440
10540 240.0 3.080 -7.850
10550 240.0 3.030 -7.230
10560 240.0 3.070 -6.620
10570 240.0 2.960 -5.980
10580 240.0 2.930 -5.330
10590 240.0 2.860 -4.690
10600 240.0 4.752 -9.092
10610 240.0 1.386 -9.204
10620 240.0 3.122 -7.696
10630 240.0 2.302 -9.233
10640 240.0 3.089 -10.651
10650 240.0 3.249 -8.382
10660 240.0 4.595 -7.433
10670 240.0 2.938 -11.015
10680 240.0 3.461 -9.201
10690 240.0 3.121 -9.428
10700 240.0 2.453 -9.078
10710 240.0 2.963 -8.104
10710 254.0 2.840 -9.900
10720 254.0 2.770 -9.220
10730 254.0 2.780 -8.530
10740 254.0 2.780 -7.890
10750 254.0 2.760 -7.250
10760 254.0 2.800 -6.590
10770 254.0 2.790 -5.910
10780 254.0 2.800 -5.300
10790 254.0 1.180 -10.239
10800 254.0 3.632 -9.259
10810 254.0 2.242 -9.220
10820 254.0 3.210 -10.237
10830 254.0 4.456 -9.334
10840 254.0 2.902 -10.190
10850 254.0 4.514 -10.009
10860 254.0 2.974 -8.654
10870 254.0 1.894 -7.932
10880 254.0 4.094 -8.920
10890 254.0 3.429 -9.900
10900 254.0 2.200 -9.339
10850 259.0 3.580 2.970
10860 259.0 3.460 2.390
10870 259.0 3.450 1.840
10880 259.0 3.480 1.320
10890 259.0 3.450 0.770
10900 259.0 3.450 0.200
10910 259.0 3.430 -0.360
10920 259.0 3.400 -0.940
10930 259.0 3.214 2.727
10940 259.0 3.181 5.477
10950 259.0 5.261 4.243
10960 259.0 4.157 3.052
10970 259.0 3.505 2.961
10980 259.0 4.141 4.842
10990 259.0 5.311 2.862
11000 259.0 4.137 3.995
11010 259.0 4.226 1.619
11020 259.0 4.146 3.309
11030 259.0 3.786 1.763
11040 259.0 3.697 2.653
10900 261.0 1.270 3.920
10910 261.0 1.350 3.260
10920 261.0 1.410 2.680
10930 261.0 1.470 2.080
10940 261.0 1.680 1.460
10950 261.0 1.790 0.850
10960 261.0 1.890 0.260
10970 261.0 2.050 -0.340
10980 261.0 -0.580 4.636
10990 261.0 0.535 5.012
11000 261.0 2.661 3.002
11010 261.0 1.840 4.167
11020 261.0 0.136 4.134
11030 261.0 1.033 4.250
11040 261.0 2.880 3.439
11050 261.0 0.939 3.829
11060 261.0 1.378 4.092
11070 261.0 1.242 7.182
11080 261.0 -0.226 2.879
11090 261.0 3.122 5.206
11000 262.0 3.390 -9.440
11010 262.0 3.450 -8.860
11020 262.0 3.430 -8.250
11030 262.0 3.480 -7.660
11040 262.0 3.430 -6.990
11050 262.0 3.370 -6.350
11060 262.0 3.310 -5.750
11070 262.0 3.220 -5.170
11080 262.0 4.651 -9.695
11090 262.0 2.893 -10.104
11100 262.0 3.640 -8.132
11110 262.0 2.538 -8.123
11120 262.0 2.608 -9.732
11130 262.0 1.204 -10.238
11140 262.0 2.180 -9.396
11150 262.0 3.623 -9.129
11160 262.0 3.708 -10.046
11170 262.0 2.673 -10.255
11180 262.0 3.600 -9.268
11190 262.0 4.577 -10.674
11010 263.0 1.150 -10.150
11020 263.0 1.190 -9.460
11030 263.0 1.260 -8.820
11040 263.0 1.230 -8.210
11050 263.0 1.240 -7.580
11060 263.0 1.330 -6.890
11070 263.0 1.390 -6.210
11080 263.0 1.540 -5.580
11090 263.0 0.422 -10.184
11100 263.0 -0.349 -10.605
11110 263.0 1.855 -9.622
11120 263.0 -0.064 -11.399
11130 263.0 2.063 -9.723
11140 263.0 2.098 -11.057
11150 263.0 3.906 -9.352
11160 263.0 1.195 -11.267
11170 263.0 -0.374 -8.469
11180 263.0 0.075 -8.955
11190 263.0 0.094 -10.168
11200 263.0 2.191 -10.402
11150 264.0 1.860 3.350
11160 264.0 1.870 2.800
11170 264.0 1.740 2.230
11180 264.0 1.780 1.630
11190 264.0 1.670 1.050
11200 264.0 1.620 0.460
11210 264.0 1.650 -0.140
11220 264.0 1.550 -0.760
11230 264.0 1.098 3.484
11240 264.0 2.589 2.444
11250 264.0 0.921 2.039
11260 264.0 -0.484 4.205
11270 264.0 1.801 2.536
11280 264.0 2.336 3.467
11290 264.0 2.862 2.336
11300 264.0 0.867 3.627
11310 264.0 2.983 2.942
11320 264.0 1.701 3.459
11330 264.0 1.842 2.258
11340 264.0 1.296 2.752
11350 265.0 0.780 3.000
11360 265.0 0.800 2.480
11370 265.0 0.800 1.960
11380 265.0 0.850 1.400
11390 265.0 0.850 0.870
11400 265.0 0.800 0.340
11410 265.0 0.820 -0.220
11420 265.0 0.800 -0.730
11430 265.0 0.290 4.023
11440 265.0 0.597 2.758
11450 265.0 0.564 3.022
11460 265.0 -0.351 1.845
11470 265.0 -0.121 3.507
11480 265.0 -1.095 4.982
11490 265.0 0.592 2.341
11500 265.0 2.520 2.996
11510 265.0 0.335 2.012
11520 265.0 0.379 2.915
11530 265.0 3.240 1.361
11540 265.0 0.287 3.130
11350 266.0 -0.830 2.360
11360 266.0 -0.830 2.360
11370 266.0 -0.830 2.360
11380 266.0 -0.830 2.360
11390 266.0 -0.830 2.360
11400 266.0 -0.830 2.360
11410 266.0 -0.830 2.360
11420 266.0 -0.830 2.360
11430 266.0 -1.620 1.670
11440 266.0 -0.835 2.527
11450 266.0 -3.454 3.453
11460 266.0 -0.279 1.833
11470 266.0 -1.761 2.587
11480 266.0 -0.226 3.267
11490 266.0 -0.639 3.391
11500 266.0 -2.682 2.495
11510 266.0 -2.374 3.131
11520 266.0 -0.679 3.061
11530 266.0 -1.289 3.998
11540 266.0 -1.664 2.362
11770 277.0 0.280 1.490
11780 277.0 0.230 0.930
11790 277.0 0.210 0.370
11800 277.0 0.200 -0.190
11810 277.0 0.140 -0.710
11820 277.0 0.100 -1.270
11830 277.0 0.200 -1.850
11840 277.0 0.240 -2.390
11850 277.0 0.218 2.831
11860 277.0 0.194 0.546
11870 277.0 -0.358 1.086
11880 277.0 2.095 2.536
11890 277.0 1.444 0.731
11900 277.0 -1.529 0.598
11910 277.0 0.871 0.818
11920 277.0 -1.302 1.417
11930 277.0 -0.183 2.453
11940 277.0 0.670 1.398
11950 277.0 1.213 0.117
11960 277.0 1.096 0.790
11770 278.0 1.340 4.050
11780 278.0 1.240 3.410
11790 278.0 1.200 2.780
11800 278.0 1.150 2.140
11810 278.0 1.180 1.490
11820 278.0 1.190 0.890
11830 278.0 1.170 0.240
11840 278.0 1.220 -0.430
11850 278.0 0.313 4.270
11860 278.0 -0.129 4.465
11870 278.0 0.667 5.385
11880 278.0 1.212 2.399
11890 278.0 2.308 4.112
11900 278.0 2.903 3.484
11910 278.0 0.619 4.916
11920 278.0 2.132 5.270
11930 278.0 1.940 4.401
11940 278.0 -0.229 3.481
11950 278.0 0.491 3.119
11960 278.0 1.207 3.488
11790 282.0 3.500 -8.700
11800 282.0 3.520 -8.110
11810 282.0 3.560 -7.490
11820 282.0 3.620 -6.810
11830 282.0 3.620 -6.190
11840 282.0 3.620 -5.570
11850 282.0 3.620 -4.940
11860 282.0 3.630 -4.370
11870 282.0 4.822 -8.308
11880 282.0 2.964 -9.643
11890 282.0 3.198 -8.306
11900 282.0 3.991 -8.527
11910 282.0 1.504 -8.092
11920 282.0 2.985 -9.248
11930 282.0 4.104 -9.316
11940 282.0 3.057 -8.198
11950 282.0 2.999 -8.638
11960 282.0 4.915 -8.550
11970 282.0 4.968 -9.441
11980 282.0 3.164 -9.312
12450 288.0 3.100 -7.400
12460 288.0 3.030 -6.720
12470 288.0 2.950 -6.060
12480 288.0 2.910 -5.430
12490 288.0 2.910 -4.790
12500 288.0 2.860 -4.120
12510 288.0 2.770 -3.440
12520 288.0 2.590 -2.840
12530 288.0 2.919 -8.866
12540 288.0 5.154 -6.596
12550 288.0 3.986 -8.085
12560 288.0 3.235 -6.853
12570 288.0 4.148 -7.604
12580 288.0 2.758 -7.530
12590 288.0 3.178 -7.513
12600 288.0 2.654 -7.074
12610 288.0 4.072 -6.918
12620 288.0 2.625 -6.435
12630 288.0 4.155 -6.422
12640 288.0 3.929 -6.203
12480 289.0 2.980 -7.110
12490 289.0 2.980 -6.500
12500 289.0 2.880 -5.870
12510 289.0 2.810 -5.270
12520 289.0 2.790 -4.610
12530 289.0 2.650 -4.010
12540 289.0 2.540 -3.410
12550 289.0 2.390 -2.810
12560 289.0 4.913 -7.390
12570 289.0 3.186 -6.772
12580 289.0 3.295 -6.633
12590 289.0 1.416 -6.305
12600 289.0 4.677 -6.480
12610 289.0 1.359 -7.866
12620 289.0 3.527 -6.601
12630 289.0 3.065 -6.427
12640 289.0 4.333 -7.427
12650 289.0 4.574 -7.983
12660 289.0 2.629 -6.488
12670 289.0 1.135 -6.629
12520 292.0 -0.850 2.360
12530 292.0 -0.850 2.360
12540 292.0 -0.850 2.360
12550 292.0 -0.850 2.360
12560 292.0 -0.850 2.360
12570 292.0 -0.850 2.360
12580 292.0 -0.850 2.360
12590 292.0 -0.850 2.360
12600 292.0 -2.562 0.916
12610 292.0 -0.140 1.115
12620 292.0 -1.411 2.517
12630 292.0 1.755 1.700
12640 292.0 -1.262 1.451
12650 292.0 -1.920 2.682
12660 292.0 1.214 1.720
12670 292.0 -0.220 2.474
12680 292.0 -1.230 1.449
12690 292.0 0.049 3.534
12700 292.0 -0.627 2.473
12710 292.0 -2.023 2.385
12520 293.0 -0.810 4.040
12530 293.0 -0.810 4.040
12540 293.0 -0.810 4.040
12550 293.0 -0.810 4.040
12560 293.0 -0.810 4.040
12570 293.0 -0.810 4.040
12580 293.0 -0.810 4.040
12590 293.0 -0.810 4.040
12600 293.0 -0.764 4.301
12610 293.0 -2.253 6.171
12620 293.0 1.485 5.722
12630 293.0 -1.176 4.218
12640 293.0 -0.490 2.535
12650 293.0 1.140 4.182
12660 293.0 -3.146 5.683
12670 293.0 0.346 4.270
12680 293.0 -1.238 3.100
12690 293.0 -0.656 3.861
12700 293.0 -1.518 3.778
12710 293.0 -0.472 4.842
12520 294.0 -0.390 4.310
12530 294.0 -0.400 4.150
12540 294.0 -0.400 4.060
12550 294.0 -0.410 4.200
12560 294.0 -0.420 4.110
12570 294.0 -0.420 4.040
12580 294.0 -0.420 4.020
12590 294.0 -0.460 4.220
12600 294.0 -2.368 5.905
12610 294.0 0.554 3.009
12620 294.0 -0.393 4.281
12630 294.0 -0.381 3.056
12640 294.0 -0.440 4.518
12650 294.0 -1.151 3.808
12660 294.0 -1.207 5.729
12670 294.0 -1.508 4.951
12680 294.0 -2.311 4.279
12690 294.0 -0.516 3.687
12700 294.0 -1.074 4.902
12710 294.0 -3.643 4.111
12700 296.0 1.280 3.220
12710 296.0 1.230 2.620
12720 296.0 1.160 2.010
12730 296.0 1.170 1.300
12740 296.0 1.120 0.640
12750 296.0 1.130 0.000
12760 296.0 1.070 -0.650
12770 296.0 1.010 -1.280
12780 296.0 1.302 2.595
12790 296.0 2.165 2.790
12800 296.0 1.504 4.190
12810 296.0 1.600 3.563
12820 296.0 3.013 4.289
12830 296.0 2.449 2.808
12840 296.0 0.800 2.173
12850 296.0 1.609 3.551
12860 296.0 -1.655 2.928
12870 296.0 1.783 3.951
12880 296.0 1.042 3.314
12890 296.0 2.876 3.481
12700 297.0 1.850 3.280
12710 297.0 1.790 2.680
12720 297.0 1.770 2.070
12730 297.0 1.800 1.360
12740 297.0 1.780 0.720
12750 297.0 1.770 0.070
12760 297.0 1.830 -0.700
12770 297.0 1.790 -1.350
12780 297.0 2.247 3.740
12790 297.0 2.191 2.673
12800 297.0 1.448 2.689
12810 297.0 2.383 1.274
12820 297.0 1.102 3.332
12830 297.0 2.229 4.168
12840 297.0 1.401 3.744
12850 297.0 1.204 1.966
12860 297.0 2.726 3.181
12870 297.0 3.428 3.525
12880 297.0 1.285 3.913
12890 297.0 2.008 2.407
12900 303.0 -2.000 0.220
12910 303.0 -1.890 0.040
12920 303.0 -1.820 -0.260
12930 303.0 -1.670 -0.440
12940 303.0 -1.450 -0.510
12950 303.0 -1.270 -0.500
12960 303.0 -1.220 -0.460
12970 303.0 -1.050 -0.410
12980 303.0 -2.946 -0.441
12990 303.0 -0.010 -1.901
13000 303.0 0.592 0.265
13010 303.0 -1.874 0.186
13020 303.0 -1.531 -0.545
13030 303.0 -2.172 0.764
13040 303.0 -1.721 -0.159
13050 303.0 -2.593 0.121
13060 303.0 -2.812 0.329
13070 303.0 -2.628 0.581
13080 303.0 -2.625 -1.414
13090 303.0 -2.467 -0.001
12980 305.0 2.260 3.620
12990 305.0 2.280 3.000
13000 305.0 2.380 2.500
13010 305.0 2.390 1.890
13020 305.0 2.440 1.280
13030 305.0 2.530 0.610
13040 305.0 2.560 0.090
13050 305.0 2.680 -0.540
13060 305.0 1.083 1.485
13070 305.0 4.364 1.581
13080 305.0 1.033 3.249
13090 305.0 0.558 3.228
13100 305.0 2.726 3.068
13110 305.0 0.973 3.900
13120 305.0 3.453 4.220
13130 305.0 1.038 3.612
13140 305.0 2.548 3.507
13150 305.0 3.399 2.146
13160 305.0 1.791 5.442
13170 305.0 2.714 3.380
13010 306.0 1.140 3.160
13020 306.0 1.150 2.660
13030 306.0 1.140 2.120
13040 306.0 1.170 1.600
13050 306.0 1.180 1.100
13060 306.0 1.120 0.540
13070 306.0 1.040 -0.090
13080 306.0 0.980 -0.630
13090 306.0 -0.141 3.930
13100 306.0 -0.472 3.221
13110 306.0 1.019 4.299
13120 306.0 1.503 4.166
13130 306.0 1.280 3.707
13140 306.0 1.669 3.503
13150 306.0 0.109 3.365
13160 306.0 1.943 3.239
13170 306.0 1.453 3.950
13180 306.0 0.648 3.724
13190 306.0 0.991 2.592
13200 306.0 0.875 3.116
13060 307.0 2.600 -8.670
13070 307.0 2.490 -8.260
13080 307.0 2.470 -7.740
13090 307.0 2.500 -7.260
13100 307.0 2.470 -6.780
13110 307.0 2.460 -6.280
13120 307.0 2.530 -5.810
13130 307.0 2.550 -5.370
13140 307.0 2.582 -9.602
13150 307.0 1.860 -9.099
13160 307.0 1.953 -7.753
13170 307.0 2.801 -9.127
13180 307.0 1.151 -8.611
13190 307.0 2.892 -9.335
13200 307.0 3.488 -7.030
13210 307.0 5.218 -8.062
13220 307.0 3.794 -8.689
13230 307.0 0.974 -7.305
13240 307.0 1.909 -9.330
13250 307.0 2.347 -8.602
13100 304.0 -1.220 -0.230
13110 304.0 -1.220 -0.230
13120 304.0 -1.220 -0.230
13130 304.0 -1.220 -0.230
13140 304.0 -1.220 -0.230
13150 304.0 -1.220 -0.230
13160 304.0 -1.220 -0.230
13170 304.0 -1.220 -0.230
13180 304.0 0.010 -0.830
13190 304.0 -0.995 -1.120
13200 304.0 -1.150 0.707
13210 304.0 -1.805 -0.229
13220 304.0 -1.471 1.310
13230 304.0 -0.573 -0.488
13240 304.0 0.943 -2.395
13250 304.0 -1.862 -0.501
13260 304.0 -0.942 -0.492
13270 304.0 -1.723 -0.718
13280 304.0 1.833 1.159
13290 304.0 -1.852 -0.604
13130 309.0 -1.540 -6.730
13140 309.0 -1.540 -6.730
13150 309.0 -1.540 -6.730
13160 309.0 -1.560 -6.710
13170 309.0 -1.560 -6.710
13180 309.0 -1.560 -6.710
13190 309.0 -1.580 -6.690
13200 309.0 -1.580 -6.680
13210 309.0 -0.531 -6.104
13220 309.0 -2.021 -7.298
13230 309.0 -1.536 -7.164
13240 309.0 -2.183 -7.565
13250 309.0 -0.600 -6.094
13260 309.0 -2.582 -5.713
13270 309.0 -1.099 -7.013
13280 309.0 -1.607 -6.437
13290 309.0 -1.319 -6.800
13300 309.0 -1.189 -6.983
13310 309.0 -2.012 -6.620
13320 309.0 -0.700 -6.032
13130 310.0 -1.490 -8.220
13140 310.0 -1.490 -8.220
13150 310.0 -1.490 -8.220
13160 310.0 -1.470 -8.220
13170 310.0 -1.450 -8.220
13180 310.0 -1.450 -8.190
13190 310.0 -1.450 -8.130
13200 310.0 -1.450 -8.120
13210 310.0 -1.045 -9.433
13220 310.0 -1.867 -7.471
13230 310.0 0.245 -9.188
13240 310.0 -2.608 -6.669
13250 310.0 -0.782 -7.268
13260 310.0 -1.661 -9.232
13270 310.0 -4.250 -6.212
13280 310.0 -1.170 -8.469
13290 310.0 -1.671 -9.809
13300 310.0 -2.037 -7.421
13310 310.0 -0.359 -7.817
13320 310.0 -1.955 -9.523
13130 311.0 -1.360 -2.680
13140 311.0 -1.360 -2.680
13150 311.0 -1.360 -2.680
13160 311.0 -1.360 -2.680
13170 311.0 -1.360 -2.680
13180 311.0 -1.360 -2.680
13190 311.0 -1.360 -2.680
13200 311.0 -1.360 -2.680
13210 311.0 -3.275 -4.520
13220 311.0 -2.700 -2.270
13230 311.0 -1.336 -3.318
13240 311.0 -0.899 -2.916
13250 311.0 -1.377 -3.746
13260 311.0 0.323 -3.653
13270 311.0 -1.699 -3.258
13280 311.0 -2.692 -2.580
13290 311.0 -1.720 -3.714
13300 311.0 0.022 -3.434
13310 311.0 -3.893 -2.400
13320 311.0 -1.790 -2.602
13130 313.0 -0.520 3.400
13140 313.0 -0.520 3.400
13150 313.0 -0.520 3.400
13160 313.0 -0.520 3.400
13170 313.0 -0.520 3.400
13180 313.0 -0.520 3.400
13190 313.0 -0.520 3.400
13200 313.0 -0.520 3.400
13210 313.0 -2.280 4.796
13220 313.0 -2.103 2.060
13230 313.0 -1.614 2.892
13240 313.0 -1.647 4.115
13250 313.0 -0.595 3.009
13260 313.0 -1.532 3.213
13270 313.0 -1.695 2.767
13280 313.0 0.297 3.939
13290 313.0 -1.026 4.091
13300 313.0 -0.877 3.141
13310 313.0 -0.955 3.591
13320 313.0 0.361 4.489
13170 315.0 1.130 -10.030
13180 315.0 1.120 -9.540
13190 315.0 1.000 -9.050
13200 315.0 0.790 -8.660
13210 315.0 0.770 -8.240
13220 315.0 0.830 -7.780
13230 315.0 0.790 -7.300
13240 315.0 0.690 -6.890
13250 315.0 -0.178 -10.462
13260 315.0 0.507 -10.070
13270 315.0 0.210 -10.071
13280 315.0 0.035 -8.359
13290 315.0 -0.101 -10.516
13300 315.0 1.955 -10.153
13310 315.0 -0.546 -11.707
13320 315.0 0.655 -10.439
13330 315.0 1.263 -10.162
13340 315.0 0.376 -9.174
13350 315.0 0.897 -9.748
13360 315.0 0.855 -10.730
13170 316.0 1.730 3.400
13180 316.0 1.750 2.750
13190 316.0 1.690 2.140
13200 316.0 1.620 1.500
13210 316.0 1.530 0.880
13220 316.0 1.410 0.240
13230 316.0 1.380 -0.410
13240 316.0 1.390 -1.110
13250 316.0 -0.402 2.283
13260 316.0 2.975 2.190
13270 316.0 2.958 3.326
13280 316.0 2.246 2.788
13290 316.0 -0.349 3.710
13300 316.0 -0.236 3.236
13310 316.0 1.963 3.341
13320 316.0 0.553 4.415
13330 316.0 2.550 3.215
13340 316.0 2.393 3.595
13350 316.0 2.146 4.053
13360 316.0 3.213 4.643
13180 317.0 0.660 -9.800
13190 317.0 0.540 -9.330
13200 317.0 0.550 -8.840
13210 317.0 0.500 -8.410
13220 317.0 0.380 -7.970
13230 317.0 0.360 -7.520
13240 317.0 0.330 -7.110
13250 317.0 0.240 -6.680
13260 317.0 0.528 -11.483
13270 317.0 1.025 -9.988
13280 317.0 0.570 -9.035
13290 317.0 2.847 -6.752
13300 317.0 1.093 -9.811
13310 317.0 0.066 -8.971
13320 317.0 -1.044 -9.271
13330 317.0 0.211 -10.987
13340 317.0 0.006 -10.284
13350 317.0 1.120 -9.437
13360 317.0 0.614 -9.406
13370 317.0 0.809 -9.799
14340 333.0 0.520 -4.890
14350 333.0 0.350 -4.510
14360 333.0 0.340 -4.470
14370 333.0 0.140 -4.250
14380 333.0 -0.030 -3.940
14390 333.0 -0.190 -3.620
14400 333.0 -0.310 -3.560
14410 333.0 -0.530 -3.490
14420 333.0 -1.188 -4.612
14430 333.0 1.582 -4.330
14440 333.0 1.496 -4.590
14450 333.0 -0.652 -4.336
14460 333.0 0.613 -5.612
14470 333.0 0.356 -5.374
14480 333.0 0.154 -3.706
14490 333.0 0.723 -6.110
14500 333.0 0.085 -4.341
14510 333.0 0.293 -3.565
14520 333.0 0.406 -4.485
14530 333.0 2.687 -5.225
14340 334.0 0.650 1.140
14350 334.0 0.690 0.600
14360 334.0 0.760 0.060
14370 334.0 0.780 -0.530
14380 334.0 0.920 -1.140
14390 334.0 0.960 -1.740
14400 334.0 0.940 -2.250
14410 334.0 1.100 -2.940
14420 334.0 1.016 0.294
14430 334.0 0.860 2.130
14440 334.0 1.791 2.574
14450 334.0 1.600 2.759
14460 334.0 -0.297 0.580
14470 334.0 3.400 1.008
14480 334.0 2.217 2.304
14490 334.0 2.478 -0.337
14500 334.0 -1.138 2.487
14510 334.0 0.680 1.503
14520 334.0 0.300 1.580
14530 334.0 0.838 0.732
14950 344.0 1.660 4.050
14960 344.0 1.710 3.590
14970 344.0 1.710 3.170
14980 344.0 1.710 2.820
14990 344.0 1.720 2.430
15000 344.0 1.750 1.980
15010 344.0 1.720 1.650
15020 344.0 1.830 1.210
15030 344.0 2.079 4.111
15040 344.0 3.504 1.831
15050 344.0 0.557 4.530
15060 344.0 0.932 3.852
15070 344.0 2.790 2.553
15080 344.0 1.955 5.124
15090 344.0 2.231 4.297
15100 344.0 2.692 3.974
15110 344.0 3.836 4.489
15120 344.0 2.366 4.403
15130 344.0 3.550 3.619
15140 344.0 1.414 4.630
14960 345.0 2.070 -10.060
14970 345.0 2.100 -9.440
14980 345.0 2.190 -8.790
14990 345.0 2.280 -8.120
15000 345.0 2.360 -7.430
15010 345.0 2.460 -6.760
15020 345.0 2.540 -6.070
15030 345.0 2.600 -5.360
15040 345.0 1.647 -9.368
15050 345.0 2.619 -10.055
15060 345.0 0.678 -10.772
15070 345.0 0.944 -8.562
15080 345.0 1.368 -10.409
15090 345.0 2.416 -9.204
15100 345.0 0.780 -8.919
15110 345.0 0.366 -11.384
15120 345.0 4.134 -9.851
15130 345.0 0.578 -9.992
15140 345.0 3.100 -10.344
15150 345.0 1.441 -8.772
15820 356.0 0.540 0.010
15830 356.0 0.520 -0.030
15840 356.0 0.510 -0.030
15850 356.0 0.510 -0.030
15860 356.0 0.510 -0.030
15870 356.0 0.510 -0.030
15880 356.0 0.510 -0.030
15890 356.0 0.510 -0.030
15900 356.0 1.396 1.355
15910 356.0 1.090 -0.918
15920 356.0 -0.649 -0.938
15930 356.0 0.453 1.149
15940 356.0 -1.104 -0.487
15950 356.0 2.572 0.721
15960 356.0 2.072 -0.932
15970 356.0 1.194 0.412
15980 356.0 -0.145 0.110
15990 356.0 0.957 -0.468
16000 356.0 0.905 -0.794
16010 356.0 -1.370 -1.606
15900 359.0 2.700 -10.160
15910 359.0 2.600 -9.580
15920 359.0 2.680 -9.040
15930 359.0 2.610 -8.450
15940 359.0 2.580 -7.920
15950 359.0 2.630 -7.200
15960 359.0 2.520 -6.700
15970 359.0 2.550 -6.160
15980 359.0 4.042 -11.127
15990 359.0 2.742 -10.476
16000 359.0 2.991 -12.535
16010 359.0 2.983 -9.884
16020 359.0 2.757 -9.518
16030 359.0 4.275 -12.007
16040 359.0 1.950 -10.187
16050 359.0 2.673 -7.855
16060 359.0 3.706 -9.897
16070 359.0 1.367 -10.598
16080 359.0 1.578 -8.726
16090 359.0 3.699 -10.737
15910 360.0 3.580 -9.800
15920 360.0 3.530 -9.320
15930 360.0 3.600 -8.730
15940 360.0 3.540 -8.170
15950 360.0 3.450 -7.570
15960 360.0 3.530 -7.100
15970 360.0 3.440 -6.480
15980 360.0 3.370 -5.980
15990 360.0 3.339 -9.190
16000 360.0 3.096 -10.747
16010 360.0 3.079 -8.249
16020 360.0 3.336 -8.284
16030 360.0 4.262 -10.196
16040 360.0 4.464 -9.680
16050 360.0 2.668 -9.968
16060 360.0 1.919 -9.609
16070 360.0 3.347 -9.525
16080 360.0 3.478 -10.172
16090 360.0 3.143 -8.850
16100 360.0 3.262 -9.470
15950 361.0 -0.890 -6.710
15960 361.0 -0.890 -6.710
15970 361.0 -0.890 -6.710
15980 361.0 -0.890 -6.710
15990 361.0 -0.890 -6.710
16000 361.0 -0.890 -6.710
16010 361.0 -0.890 -6.710
16020 361.0 -0.890 -6.710
16030 361.0 -2.500 -7.151
16040 361.0 -0.653 -6.440
16050 361.0 -0.062 -7.300
16060 361.0 0.850 -7.993
16070 361.0 0.683 -6.701
16080 361.0 0.253 -6.994
16090 361.0 -1.205 -6.556
16100 361.0 -0.244 -5.846
16110 361.0 -0.102 -6.155
16120 361.0 -1.330 -5.574
16130 361.0 -0.707 -6.585
16140 361.0 1.323 -5.616
16010 365.0 1.690 2.490
16020 365.0 1.680 1.970
16030 365.0 1.610 1.410
16040 365.0 1.650 0.830
16050 365.0 1.650 0.270
16060 365.0 1.630 -0.280
16070 365.0 1.680 -0.880
16080 365.0 1.690 -1.500
16090 365.0 2.769 1.424
16100 365.0 1.281 1.542
16110 365.0 4.355 0.087
16120 365.0 -0.772 2.770
16130 365.0 0.449 5.228
16140 365.0 1.376 2.899
16150 365.0 1.805 3.469
16160 365.0 0.994 2.762
16170 365.0 0.985 2.907
16180 365.0 3.539 1.832
16190 365.0 3.737 3.646
16200 365.0 2.325 2.161
16010 366.0 2.250 2.490
16020 366.0 2.300 1.970
16030 366.0 2.340 1.400
16040 366.0 2.300 0.850
16050 366.0 2.250 0.300
16060 366.0 2.240 -0.270
16070 366.0 2.210 -0.850
16080 366.0 2.270 -1.440
16090 366.0 2.711 2.498
16100 366.0 3.235 2.250
16110 366.0 2.430 1.940
16120 366.0 2.148 1.618
16130 366.0 1.667 1.108
16140 366.0 2.446 3.664
16150 366.0 2.836 2.778
16160 366.0 2.089 2.107
16170 366.0 3.490 3.625
16180 366.0 4.487 3.138
16190 366.0 1.814 1.475
16200 366.0 3.944 2.288
16020 357.0 0.470 0.240
16030 357.0 0.470 0.180
16040 357.0 0.470 0.160
16050 357.0 0.470 0.120
16060 357.0 0.460 0.080
16070 357.0 0.510 0.010
16080 357.0 0.520 0.010
16090 357.0 0.520 0.010
16100 357.0 -1.655 -0.629
16110 357.0 2.202 -1.663
16120 357.0 0.446 0.914
16130 357.0 1.825 1.340
16140 357.0 0.681 -0.673
16150 357.0 1.890 0.107
16160 357.0 -1.321 0.902
16170 357.0 -1.326 1.151
16180 357.0 0.484 -0.728
16190 357.0 -0.103 0.256
16200 357.0 -0.236 -0.755
16210 357.0 -2.401 1.142
16040 367.0 1.280 4.000
16050 367.0 1.330 3.540
16060 367.0 1.410 2.980
16070 367.0 1.540 2.500
16080 367.0 1.650 1.960
16090 367.0 1.750 1.410
16100 367.0 1.800 0.870
16110 367.0 1.820 0.310
16120 367.0 1.792 4.768
16130 367.0 -0.480 3.956
16140 367.0 1.265 4.823
16150 367.0 0.913 5.104
16160 367.0 2.142 4.199
16170 367.0 2.134 4.070
16180 367.0 -0.266 2.498
16190 367.0 1.515 4.220
16200 367.0 2.170 3.936
16210 367.0 1.439 3.808
16220 367.0 2.213 5.000
16230 367.0 -0.376 2.261
16040 368.0 0.640 4.110
16050 368.0 0.780 3.580
16060 368.0 0.830 3.070
16070 368.0 0.880 2.460
16080 368.0 0.970 1.890
16090 368.0 1.060 1.380
16100 368.0 1.170 0.790
16110 368.0 1.280 0.100
16120 368.0 0.380 4.404
16130 368.0 0.264 6.601
16140 368.0 0.413 2.980
16150 368.0 0.174 6.847
16160 368.0 2.154 5.596
16170 368.0 -0.699 4.503
16180 368.0 -1.526 5.289
16190 368.0 1.591 5.926
16200 368.0 0.180 6.004
16210 368.0 0.054 5.245
16220 368.0 1.377 3.234
16230 368.0 0.023 4.187
16120 369.0 -0.590 2.830
16130 369.0 -0.590 2.830
16140 369.0 -0.590 2.830
16150 369.0 -0.590 2.830
16160 369.0 -0.590 2.830
16170 369.0 -0.590 2.830
16180 369.0 -0.590 2.830
16190 369.0 -0.590 2.830
16200 369.0 -0.600 4.735
16210 369.0 -1.249 1.885
16220 369.0 -0.933 4.335
16230 369.0 -1.715 3.943
16240 369.0 -0.449 3.242
16250 369.0 -0.700 2.993
16260 369.0 -0.367 2.235
16270 369.0 -1.303 3.119
16280 369.0 0.614 2.448
16290 369.0 1.825 2.428
16300 369.0 -2.322 2.814
16310 369.0 -0.006 2.800
16120 372.0 -0.660 3.350
16130 372.0 -0.660 3.350
16140 372.0 -0.660 3.350
16150 372.0 -0.660 3.350
16160 372.0 -0.660 3.350
16170 372.0 -0.660 3.350
16180 372.0 -0.660 3.350
16190 372.0 -0.660 3.350
16200 372.0 0.437 2.532
16210 372.0 -0.155 3.477
16220 372.0 0.461 4.404
16230 372.0 -0.128 4.679
16240 372.0 0.280 4.733
16250 372.0 -2.826 3.397
16260 372.0 -0.008 4.214
16270 372.0 -1.849 4.167
16280 372.0 -0.872 2.763
16290 372.0 -4.135 2.777
16300 372.0 -1.114 3.873
16310 372.0 -0.404 4.268
16150 362.0 -0.890 -6.710
16160 362.0 -0.890 -6.710
16170 362.0 -0.890 -6.710
16180 362.0 -0.890 -6.710
16190 362.0 -0.890 -6.710
16200 362.0 -0.890 -6.710
16210 362.0 -0.890 -6.710
16220 362.0 -0.890 -6.710
16230 362.0 -0.642 -6.735
16240 362.0 -0.176 -4.211
16250 362.0 -1.779 -8.614
16260 362.0 0.074 -6.391
16270 362.0 -1.490 -7.146
16280 362.0 -0.582 -6.233
16290 362.0 -0.946 -5.879
16300 362.0 -0.539 -7.538
16310 362.0 -1.125 -6.216
16320 362.0 -0.754 -7.097
16330 362.0 -0.239 -6.181
16340 362.0 -1.780 -7.843
16160 375.0 1.120 2.680
16170 375.0 1.110 2.220
16180 375.0 1.140 1.780
16190 375.0 1.160 1.350
16200 375.0 1.150 0.860
16210 375.0 1.260 0.330
16220 375.0 1.270 -0.190
16230 375.0 1.230 -0.760
16240 375.0 1.156 3.786
16250 375.0 0.614 2.026
16260 375.0 1.334 1.803
16270 375.0 1.884 2.605
16280 375.0 2.662 3.054
16290 375.0 1.241 3.315
16300 375.0 1.467 2.974
16310 375.0 2.688 1.720
16320 375.0 1.418 2.956
16330 375.0 1.786 3.904
16340 375.0 0.668 2.241
16350 375.0 1.361 2.425
16160 376.0 1.840 2.870
16170 376.0 1.830 2.400
16180 376.0 1.870 1.930
16190 376.0 1.890 1.490
16200 376.0 1.880 1.010
16210 376.0 1.910 0.530
16220 376.0 1.900 -0.000
16230 376.0 1.860 -0.510
16240 376.0 2.873 3.680
16250 376.0 2.147 1.572
16260 376.0 0.456 3.419
16270 376.0 2.236 4.524
16280 376.0 2.973 3.580
16290 376.0 0.478 2.312
16300 376.0 1.002 2.728
16310 376.0 3.826 2.142
16320 376.0 0.755 2.221
16330 376.0 1.505 3.284
16340 376.0 1.908 2.186
16350 376.0 0.785 2.855
16160 377.0 2.430 2.890
16170 377.0 2.430 2.400
16180 377.0 2.450 1.940
16190 377.0 2.540 1.430
16200 377.0 2.520 0.910
16210 377.0 2.490 0.400
16220 377.0 2.480 -0.130
16230 377.0 2.420 -0.650
16240 377.0 3.962 3.021
16250 377.0 1.921 2.175
16260 377.0 2.314 2.925
16270 377.0 2.448 3.457
16280 377.0 2.398 3.138
16290 377.0 2.839 1.418
16300 377.0 3.065 3.415
16310 377.0 0.775 2.578
16320 377.0 0.364 2.698
16330 377.0 3.548 2.966
16340 377.0 0.893 2.650
16350 377.0 2.998 1.962
16170 378.0 -0.820 -2.480
16180 378.0 -0.820 -2.480
16190 378.0 -1.060 -2.300
16200 378.0 -1.100 -2.190
16210 378.0 -1.140 -1.970
16220 378.0 -1.150 -1.800
16230 378.0 -1.400 -1.490
16240 378.0 -1.580 -1.340
16250 378.0 -0.722 -1.878
16260 378.0 -1.506 -2.763
16270 378.0 0.272 -2.013
16280 378.0 -0.014 -0.938
16290 378.0 1.590 -2.237
16300 378.0 0.837 -2.686
16310 378.0 -2.205 -3.033
16320 378.0 0.005 -2.955
16330 378.0 -3.141 -2.419
16340 378.0 -1.975 -3.789
16350 378.0 -0.525 -2.184
16360 378.0 0.104 -2.096
16220 358.0 0.180 0.380
16230 358.0 0.240 0.320
16240 358.0 0.270 0.140
16250 358.0 0.330 0.100
16260 358.0 0.210 0.160
16270 358.0 0.230 0.150
16280 358.0 0.220 0.190
16290 358.0 0.220 0.140
16300 358.0 0.520 0.543
16310 358.0 1.200 -0.414
16320 358.0 0.922 0.789
16330 358.0 1.018 -1.098
16340 358.0 -0.817 1.328
16350 358.0 -0.117 0.057
16360 358.0 -0.095 1.272
16370 358.0 1.441 -0.213
16380 358.0 -0.384 0.506
16390 358.0 1.019 0.730
16400 358.0 -0.426 0.663
16410 358.0 0.843 0.915
16250 380.0 1.820 3.630
16260 380.0 1.900 3.120
16270 380.0 2.010 2.570
16280 380.0 2.090 2.010
16290 380.0 2.170 1.460
16300 380.0 2.240 0.900
16310 380.0 2.270 0.340
16320 380.0 2.310 -0.240
16330 380.0 2.329 4.190
16340 380.0 0.565 3.214
16350 380.0 -0.465 3.684
16360 380.0 3.365 3.541
16370 380.0 0.979 1.309
16380 380.0 1.458 3.818
16390 380.0 2.615 3.999
16400 380.0 1.571 5.142
16410 380.0 2.319 2.793
16420 380.0 1.271 4.653
16430 380.0 1.603 2.655
16440 380.0 0.268 3.825
16290 382.0 3.290 -10.050
16300 382.0 3.260 -9.710
16310 382.0 3.240 -9.320
16320 382.0 3.310 -8.940
16330 382.0 3.410 -8.380
16340 382.0 3.420 -7.970
16350 382.0 3.470 -7.520
16360 382.0 3.480 -7.050
16370 382.0 3.965 -9.714
16380 382.0 2.437 -10.634
16390 382.0 4.290 -7.424
16400 382.0 0.621 -10.259
16410 382.0 3.978 -10.131
16420 382.0 3.602 -10.378
16430 382.0 4.392 -9.149
16440 382.0 0.732 -9.938
16450 382.0 2.756 -8.687
16460 382.0 3.734 -9.697
16470 382.0 2.377 -8.704
16480 382.0 2.549 -8.434
16290 383.0 3.840 -10.310
16300 383.0 3.920 -9.780
16310 383.0 3.930 -9.320
16320 383.0 3.920 -8.920
16330 383.0 3.930 -8.460
16340 383.0 3.830 -8.040
16350 383.0 3.830 -7.610
16360 383.0 3.830 -7.160
16370 383.0 4.684 -9.484
16380 383.0 3.932 -12.588
16390 383.0 4.182 -10.451
16400 383.0 2.866 -10.186
16410 383.0 3.676 -10.136
16420 383.0 3.155 -11.870
16430 383.0 2.701 -10.270
16440 383.0 4.868 -10.796
16450 383.0 5.075 -10.870
16460 383.0 2.212 -11.401
16470 383.0 3.246 -11.251
16480 383.0 3.732 -10.339
16320 370.0 -0.590 2.830
16330 370.0 -0.610 2.850
16340 370.0 -0.630 2.850
16350 370.0 -0.640 2.860
16360 370.0 -0.670 2.820
16370 370.0 -0.670 2.820
16380 370.0 -0.670 2.820
16390 370.0 -0.670 2.820
16400 370.0 0.606 2.799
16410 370.0 -1.315 4.122
16420 370.0 -1.637 4.029
16430 370.0 -0.855 2.508
16440 370.0 0.427 4.210
16450 370.0 -1.088 3.214
16460 370.0 -1.925 4.565
16470 370.0 -0.052 3.107
16480 370.0 1.868 3.058
16490 370.0 -0.588 3.810
16500 370.0 -0.341 0.538
16510 370.0 -0.169 1.595
16320 373.0 -0.660 3.350
16330 373.0 -0.660 3.350
16340 373.0 -0.670 3.350
16350 373.0 -0.690 3.350
16360 373.0 -0.710 3.340
16370 373.0 -0.720 3.340
16380 373.0 -0.720 3.340
16390 373.0 -0.780 3.180
16400 373.0 -1.049 2.524
16410 373.0 -2.277 3.612
16420 373.0 0.041 2.616
16430 373.0 0.363 3.701
16440 373.0 -0.205 2.548
16450 373.0 -0.993 3.270
16460 373.0 -0.642 2.491
16470 373.0 0.643 1.720
16480 373.0 -0.216 3.127
16490 373.0 -1.647 4.136
16500 373.0 -0.028 2.488
16510 373.0 -1.611 4.280
16350 363.0 -0.720 -6.710
16360 363.0 -0.720 -6.710
16370 363.0 -0.720 -6.710
16380 363.0 -0.720 -6.710
16390 363.0 -0.720 -6.710
16400 363.0 -0.720 -6.710
16410 363.0 -0.720 -6.710
16420 363.0 -0.720 -6.710
16430 363.0 -0.699 -5.485
16440 363.0 -0.184 -6.113
16450 363.0 -0.226 -6.478
16460 363.0 -2.388 -6.941
16470 363.0 -0.750 -6.726
16480 363.0 -0.103 -6.221
16490 363.0 -0.723 -6.453
16500 363.0 -0.655 -5.783
16510 363.0 -1.146 -6.645
16520 363.0 -1.929 -6.095
16530 363.0 -1.507 -5.919
16540 363.0 -1.354 -6.468
16380 385.0 0.870 4.040
16390 385.0 1.100 3.360
16400 385.0 1.190 2.740
16410 385.0 1.250 2.130
16420 385.0 1.230 1.590
16430 385.0 1.260 0.980
16440 385.0 1.280 0.360
16450 385.0 1.340 -0.320
16460 385.0 -0.408 5.118
16470 385.0 0.250 4.811
16480 385.0 1.143 3.391
16490 385.0 1.687 3.573
16500 385.0 0.573 3.797
16510 385.0 0.787 4.614
16520 385.0 -0.232 4.153
16530 385.0 1.960 6.002
16540 385.0 1.541 3.919
16550 385.0 1.930 4.873
16560 385.0 1.812 4.509
16570 385.0 -0.356 3.651
16410 386.0 3.440 2.780
16420 386.0 3.210 2.760
16430 386.0 3.000 2.740
16440 386.0 2.890 2.740
16450 386.0 2.730 2.820
16460 386.0 2.560 2.960
16470 386.0 2.460 3.040
16480 386.0 2.270 3.050
16490 386.0 3.100 3.473
16500 386.0 1.733 2.284
16510 386.0 4.530 1.630
16520 386.0 2.762 3.414
16530 386.0 3.646 1.491
16540 386.0 3.585 3.150
16550 386.0 4.932 2.670
16560 386.0 3.967 2.680
16570 386.0 4.146 2.905
16580 386.0 4.203 4.125
16590 386.0 3.806 2.693
16600 386.0 4.842 2.112
16480 388.0 3.450 -9.940
16490 388.0 3.340 -9.380
16500 388.0 3.310 -8.720
16510 388.0 3.160 -8.130
16520 388.0 3.140 -7.500
16530 388.0 3.050 -6.900
16540 388.0 2.940 -6.310
16550 388.0 2.880 -5.710
16560 388.0 3.157 -9.811
16570 388.0 4.292 -9.485
16580 388.0 4.301 -10.304
16590 388.0 2.981 -11.629
16600 388.0 3.304 -11.154
16610 388.0 2.959 -11.076
16620 388.0 2.560 -9.789
16630 388.0 4.168 -9.818
16640 388.0 4.493 -9.912
16650 388.0 4.090 -11.497
16660 388.0 4.162 -10.415
16670 388.0 4.740 -10.593
16480 389.0 4.000 -10.120
16490 389.0 4.020 -9.590
16500 389.0 3.980 -8.990
16510 389.0 3.810 -8.300
16520 389.0 3.800 -7.730
16530 389.0 3.800 -7.110
16540 389.0 3.690 -6.510
16550 389.0 3.560 -5.910
16560 389.0 2.128 -10.088
16570 389.0 5.896 -11.631
16580 389.0 5.520 -10.006
16590 389.0 3.080 -10.500
16600 389.0 5.028 -9.887
16610 389.0 4.015 -9.696
16620 389.0 2.214 -10.953
16630 389.0 4.518 -10.183
16640 389.0 4.580 -10.375
16650 389.0 2.896 -10.733
16660 389.0 3.581 -10.090
16670 389.0 5.287 -10.495
16520 371.0 -0.560 2.700
16530 371.0 -0.680 2.650
16540 371.0 -0.700 2.640
16550 371.0 -0.700 2.640
16560 371.0 -0.680 2.660
16570 371.0 -0.690 2.660
16580 371.0 -0.710 2.680
16590 371.0 -0.720 2.650
16600 371.0 0.260 3.374
16610 371.0 -0.957 2.749
16620 371.0 -0.718 1.997
16630 371.0 -1.110 2.367
16640 371.0 -0.773 1.931
16650 371.0 -1.426 2.281
16660 371.0 -0.038 4.574
16670 371.0 -0.309 3.120
16680 371.0 -1.697 2.572
16690 371.0 -0.551 0.638
16700 371.0 -0.254 3.557
16710 371.0 0.320 3.272
16520 374.0 -0.600 3.240
16530 374.0 -0.600 3.240
16540 374.0 -0.600 3.240
16550 374.0 -0.600 3.240
16560 374.0 -0.600 3.240
16570 374.0 -0.600 3.240
16580 374.0 -0.600 3.240
16590 374.0 -0.600 3.240
16600 374.0 -3.228 3.425
16610 374.0 -1.706 1.801
16620 374.0 -0.471 4.502
16630 374.0 -2.645 3.221
16640 374.0 -2.084 4.533
16650 374.0 -1.281 3.986
16660 374.0 -1.458 2.607
16670 374.0 0.814 4.306
16680 374.0 0.765 3.400
16690 374.0 -1.693 3.536
16700 374.0 -1.892 3.733
16710 374.0 -1.181 3.070
16550 364.0 -0.720 -6.710
16560 364.0 -0.720 -6.710
16570 364.0 -0.720 -6.710
16580 364.0 -0.720 -6.710
16590 364.0 -0.720 -6.710
16600 364.0 -0.720 -6.710
16610 364.0 -0.720 -6.710
16620 364.0 -0.720 -6.710
16630 364.0 0.564 -6.425
16640 364.0 -0.041 -8.029
16650 364.0 -0.476 -5.860
16660 364.0 -0.641 -7.633
16670 364.0 -0.267 -6.318
16680 364.0 -0.293 -5.795
16690 364.0 -0.905 -8.681
16700 364.0 -1.058 -5.933
16710 364.0 -3.332 -6.169
16720 364.0 0.528 -8.140
16730 364.0 -1.242 -6.533
16740 364.0 -1.458 -5.992
16570 391.0 3.340 -10.190
16580 391.0 3.120 -9.640
16590 391.0 3.040 -9.140
16600 391.0 2.910 -8.650
16610 391.0 2.690 -8.150
16620 391.0 2.660 -7.610
16630 391.0 2.600 -7.200
16640 391.0 2.500 -6.810
16650 391.0 1.089 -10.711
16660 391.0 3.117 -11.670
16670 391.0 1.043 -10.775
16680 391.0 1.694 -10.627
16690 391.0 3.512 -10.555
16700 391.0 2.615 -11.470
16710 391.0 3.747 -9.731
16720 391.0 4.882 -9.624
16730 391.0 3.627 -10.614
16740 391.0 3.796 -10.510
16750 391.0 5.182 -8.600
16760 391.0 4.041 -9.073
16590 392.0 3.920 -4.090
16600 392.0 3.560 -4.250
16610 392.0 3.160 -4.190
16620 392.0 2.820 -4.180
16630 392.0 2.490 -4.300
16640 392.0 2.190 -4.300
16650 392.0 1.900 -4.240
16660 392.0 1.650 -4.240
16670 392.0 3.381 -2.340
16680 392.0 2.935 -6.079
16690 392.0 5.033 -3.319
16700 392.0 3.734 -4.641
16710 392.0 3.699 -3.402
16720 392.0 4.067 -4.687
16730 392.0 4.000 -3.523
16740 392.0 4.491 -5.294
16750 392.0 5.028 -3.148
16760 392.0 3.601 -5.601
16770 392.0 4.688 -4.523
16780 392.0 3.990 -4.068
17620 412.0 2.730 3.470
17630 412.0 2.600 2.910
17640 412.0 2.450 2.310
17650 412.0 2.380 1.710
17660 412.0 2.280 1.130
17670 412.0 2.160 0.540
17680 412.0 2.140 -0.070
17690 412.0 2.090 -0.680
17700 412.0 3.658 3.603
17710 412.0 3.177 3.724
17720 412.0 1.855 1.950
17730 412.0 2.606 3.456
17740 412.0 2.919 3.949
17750 412.0 1.191 2.948
17760 412.0 3.647 5.276
17770 412.0 3.983 3.308
17780 412.0 0.702 4.547
17790 412.0 -0.286 5.069
17800 412.0 3.668 3.113
17810 412.0 1.737 3.452
17750 413.0 0.670 -9.430
17760 413.0 0.700 -8.800
17770 413.0 0.740 -8.190
17780 413.0 0.800 -7.590
17790 413.0 0.890 -7.010
17800 413.0 1.000 -6.400
17810 413.0 1.160 -5.780
17820 413.0 1.340 -5.200
17830 413.0 0.294 -9.899
17840 413.0 0.645 -10.784
17850 413.0 0.784 -10.103
17860 413.0 1.223 -10.271
17870 413.0 1.268 -8.793
17880 413.0 0.786 -9.291
17890 413.0 0.410 -10.064
17900 413.0 0.374 -7.656
17910 413.0 1.628 -8.150
17920 413.0 -0.667 -10.084
17930 413.0 0.758 -8.523
17940 413.0 -0.597 -10.369
17770 414.0 2.790 -10.100
17780 414.0 2.690 -9.560
17790 414.0 2.630 -8.950
17800 414.0 2.660 -8.250
17810 414.0 2.630 -7.570
17820 414.0 2.680 -6.890
17830 414.0 2.710 -6.260
17840 414.0 2.730 -5.570
17850 414.0 2.684 -10.277
17860 414.0 3.066 -10.992
17870 414.0 3.138 -12.575
17880 414.0 3.897 -9.943
17890 414.0 1.325 -11.622
17900 414.0 2.815 -8.020
17910 414.0 3.213 -10.736
17920 414.0 2.701 -9.395
17930 414.0 4.240 -8.659
17940 414.0 2.919 -11.206
17950 414.0 2.775 -9.537
17960 414.0 3.056 -9.454
