0 5.0 -0.875 1.752
10 5.0 -0.795 1.528
20 5.0 -0.758 1.722
30 5.0 -0.936 1.723
40 5.0 -0.836 1.558
50 5.0 -1.085 1.747
60 5.0 -0.868 1.582
70 5.0 -1.014 1.526
80 5.0 -0.487 1.885
90 5.0 -0.657 1.867
100 5.0 -0.794 2.032
110 5.0 0.595 2.487
120 5.0 -0.938 0.439
130 5.0 0.592 1.602
140 5.0 -3.324 2.002
150 5.0 0.902 -0.296
160 5.0 -0.860 -0.068
170 5.0 3.176 2.165
180 5.0 -1.145 2.145
190 5.0 -1.610 1.546
0 6.0 -0.763 2.090
10 6.0 -0.815 2.020
20 6.0 -0.882 2.064
30 6.0 -0.824 1.975
40 6.0 -0.884 2.053
50 6.0 -0.838 1.974
60 6.0 -1.000 2.028
70 6.0 -0.739 2.024
80 6.0 0.861 2.432
90 6.0 -1.116 2.562
100 6.0 0.591 3.361
110 6.0 -1.494 0.813
120 6.0 -2.511 1.666
130 6.0 -1.792 1.383
140 6.0 -1.922 3.271
150 6.0 -0.235 1.620
160 6.0 -0.962 2.779
170 6.0 -0.650 3.204
180 6.0 -1.615 0.626
190 6.0 -2.969 0.377
0 8.0 -1.754 0.034
10 8.0 -1.639 0.297
20 8.0 -1.391 0.047
30 8.0 -1.756 0.034
40 8.0 -1.744 -0.028
50 8.0 -1.411 0.018
60 8.0 -1.573 0.203
70 8.0 -1.619 -0.035
80 8.0 -1.405 -0.167
90 8.0 -2.031 0.412
100 8.0 -2.050 1.326
110 8.0 -1.288 0.677
120 8.0 -0.793 1.571
130 8.0 -1.429 -0.319
140 8.0 -3.493 -0.295
150 8.0 -4.202 -0.510
160 8.0 -1.686 0.258
170 8.0 -2.567 -1.604
180 8.0 -0.673 -0.652
190 8.0 -2.448 0.852
500 24.0 1.747 2.082
510 24.0 1.715 1.883
520 24.0 1.417 1.467
530 24.0 1.464 1.300
540 24.0 1.571 1.073
550 24.0 1.350 0.759
560 24.0 1.141 0.509
570 24.0 1.079 0.264
580 24.0 1.821 1.234
590 24.0 1.974 2.158
600 24.0 1.614 3.000
610 24.0 2.891 1.549
620 24.0 1.473 1.268
630 24.0 2.186 1.483
640 24.0 2.067 0.795
650 24.0 1.727 2.872
660 24.0 1.118 1.939
670 24.0 1.793 1.370
680 24.0 2.137 1.420
690 24.0 3.103 1.355
500 25.0 0.689 2.715
510 25.0 0.925 2.289
520 25.0 1.158 2.270
530 25.0 0.896 1.906
540 25.0 1.146 1.421
550 25.0 1.012 1.314
560 25.0 0.661 1.048
570 25.0 0.535 0.627
580 25.0 -1.071 2.756
590 25.0 1.586 1.319
600 25.0 0.269 1.438
610 25.0 0.176 3.994
620 25.0 1.815 2.295
630 25.0 0.245 2.805
640 25.0 0.577 4.665
650 25.0 0.510 2.547
660 25.0 -0.658 1.460
670 25.0 0.709 2.244
680 25.0 0.814 2.867
690 25.0 2.564 3.045
590 28.0 2.460 2.822
600 28.0 2.483 2.581
610 28.0 2.371 2.253
620 28.0 2.117 2.135
630 28.0 2.098 1.310
640 28.0 2.141 1.255
650 28.0 1.640 0.621
660 28.0 1.656 0.471
670 28.0 4.003 1.702
680 28.0 1.999 1.775
690 28.0 3.368 4.739
700 28.0 1.844 2.077
710 28.0 1.875 3.075
720 28.0 2.091 3.778
730 28.0 1.248 3.060
740 28.0 1.555 2.994
750 28.0 3.588 2.554
760 28.0 4.118 1.861
770 28.0 2.824 3.936
780 28.0 3.376 3.299
1000 38.0 -5.008 -5.596
1010 38.0 -4.929 -5.714
1020 38.0 -5.001 -5.615
1030 38.0 -5.018 -5.783
1040 38.0 -4.864 -5.638
1050 38.0 -4.746 -5.731
1060 38.0 -4.821 -5.479
1070 38.0 -4.862 -5.425
1080 38.0 -5.223 -4.964
1090 38.0 -5.180 -6.612
1100 38.0 -3.186 -3.672
1110 38.0 -3.199 -5.326
1120 38.0 -2.556 -4.535
1130 38.0 -5.237 -5.692
1140 38.0 -5.876 -6.236
1150 38.0 -6.540 -6.148
1160 38.0 -5.228 -5.284
1170 38.0 -5.848 -5.160
1180 38.0 -3.804 -5.121
1190 38.0 -5.398 -7.706
1150 46.0 -0.985 1.462
1160 46.0 -0.894 1.675
1170 46.0 -1.107 1.734
1180 46.0 -0.898 1.507
1190 46.0 -0.934 1.659
1200 46.0 -1.161 1.446
1210 46.0 -1.032 1.597
1220 46.0 -0.911 1.694
1230 46.0 -0.801 -1.700
1240 46.0 -2.038 1.099
1250 46.0 -2.356 1.587
1260 46.0 -0.063 0.688
1270 46.0 -1.327 2.506
1280 46.0 -2.139 2.500
1290 46.0 0.306 1.947
1300 46.0 -2.286 0.358
1310 46.0 0.097 1.666
1320 46.0 -0.375 1.475
1330 46.0 0.755 2.542
1340 46.0 -0.841 1.424
1150 47.0 -0.907 2.010
1160 47.0 -0.534 2.107
1170 47.0 -0.622 2.058
1180 47.0 -0.880 1.984
1190 47.0 -0.843 1.984
1200 47.0 -1.022 2.005
1210 47.0 -0.907 2.256
1220 47.0 -0.959 1.920
1230 47.0 -0.367 2.667
1240 47.0 -0.705 3.483
1250 47.0 -0.706 1.472
1260 47.0 -1.373 1.736
1270 47.0 -0.204 1.755
1280 47.0 0.628 2.122
1290 47.0 -0.001 1.342
1300 47.0 -0.738 3.669
1310 47.0 0.131 2.270
1320 47.0 -0.445 0.478
1330 47.0 -0.802 1.859
1340 47.0 -2.958 2.372
1200 39.0 -4.732 -5.794
1210 39.0 -4.754 -5.853
1220 39.0 -5.096 -5.701
1230 39.0 -4.871 -5.839
1240 39.0 -4.908 -5.773
1250 39.0 -4.981 -5.777
1260 39.0 -4.859 -5.853
1270 39.0 -4.814 -5.749
1280 39.0 -5.528 -5.133
1290 39.0 -4.057 -7.033
1300 39.0 -6.508 -5.858
1310 39.0 -3.591 -5.489
1320 39.0 -6.769 -5.114
1330 39.0 -3.463 -5.558
1340 39.0 -2.971 -4.807
1350 39.0 -2.846 -5.270
1360 39.0 -4.376 -5.944
1370 39.0 -5.072 -5.798
1380 39.0 -4.419 -5.039
1390 39.0 -3.672 -5.449
1400 40.0 -4.801 -5.808
1410 40.0 -4.748 -5.912
1420 40.0 -4.741 -5.796
1430 40.0 -4.805 -5.612
1440 40.0 -4.885 -5.893
1450 40.0 -4.775 -5.869
1460 40.0 -4.848 -5.603
1470 40.0 -4.770 -5.846
1480 40.0 -4.801 -5.661
1490 40.0 -3.217 -6.032
1500 40.0 -6.751 -6.471
1510 40.0 -4.090 -5.780
1520 40.0 -3.081 -5.943
1530 40.0 -3.627 -6.588
1540 40.0 -5.606 -5.972
1550 40.0 -4.749 -4.733
1560 40.0 -3.231 -4.575
1570 40.0 -6.616 -5.995
1580 40.0 -3.962 -5.531
1590 40.0 -3.702 -6.128
1600 41.0 -5.172 -5.590
1610 41.0 -5.049 -5.501
1620 41.0 -4.982 -5.612
1630 41.0 -5.014 -5.532
1640 41.0 -4.831 -5.594
1650 41.0 -4.908 -5.443
1660 41.0 -4.971 -5.581
1670 41.0 -4.986 -5.504
1680 41.0 -4.617 -4.751
1690 41.0 -5.020 -6.908
1700 41.0 -3.955 -4.826
1710 41.0 -4.144 -5.756
1720 41.0 -4.458 -4.532
1730 41.0 -5.530 -6.491
1740 41.0 -7.425 -5.598
1750 41.0 -4.966 -3.887
1760 41.0 -5.288 -5.227
1770 41.0 -3.718 -6.244
1780 41.0 -4.367 -7.174
1790 41.0 -3.675 -5.924
1800 42.0 -4.957 -5.718
1810 42.0 -4.965 -5.730
1820 42.0 -4.998 -5.529
1830 42.0 -5.315 -5.555
1840 42.0 -5.025 -5.515
1850 42.0 -4.865 -5.531
1860 42.0 -4.815 -5.503
1870 42.0 -4.825 -5.375
1880 42.0 -2.671 -4.869
1890 42.0 -4.131 -4.850
1900 42.0 -4.032 -6.608
1910 42.0 -4.704 -6.802
1920 42.0 -4.855 -5.637
1930 42.0 -4.613 -5.861
1940 42.0 -4.131 -7.317
1950 42.0 -6.047 -4.121
1960 42.0 -6.419 -6.587
1970 42.0 -4.931 -5.149
1980 42.0 -3.721 -6.953
1990 42.0 -5.629 -5.637
2770 71.0 3.951 1.575
2780 71.0 3.663 0.985
2790 71.0 3.335 0.495
2800 71.0 3.030 -0.091
2810 71.0 2.699 -0.547
2820 71.0 2.388 -1.114
2830 71.0 2.050 -1.540
2840 71.0 1.846 -2.136
2850 71.0 4.943 2.952
2860 71.0 3.984 1.501
2870 71.0 4.040 3.095
2880 71.0 2.838 1.502
2890 71.0 2.835 2.002
2900 71.0 3.260 1.164
2910 71.0 2.415 2.160
2920 71.0 3.694 0.416
2930 71.0 2.854 1.761
2940 71.0 3.259 1.009
2950 71.0 3.968 2.540
2960 71.0 4.982 1.644
2770 72.0 3.400 1.974
2780 72.0 3.111 1.576
2790 72.0 2.764 0.983
2800 72.0 2.431 0.615
2810 72.0 2.085 0.127
2820 72.0 1.806 -0.417
2830 72.0 1.477 -0.956
2840 72.0 1.187 -1.419
2850 72.0 3.814 1.895
2860 72.0 2.962 1.188
2870 72.0 4.654 2.325
2880 72.0 2.323 3.213
2890 72.0 2.531 1.265
2900 72.0 2.298 0.914
2910 72.0 2.533 2.783
2920 72.0 2.787 2.821
2930 72.0 3.093 1.420
2940 72.0 3.395 1.248
2950 72.0 2.375 2.761
2960 72.0 2.193 1.515
3100 83.0 2.630 1.409
3110 83.0 2.784 1.224
3120 83.0 2.338 0.207
3130 83.0 1.693 -0.034
3140 83.0 1.591 -0.747
3150 83.0 1.182 -1.161
3160 83.0 0.967 -1.668
3170 83.0 0.808 -2.284
3180 83.0 3.308 1.676
3190 83.0 3.252 1.634
3200 83.0 3.299 0.524
3210 83.0 1.319 0.814
3220 83.0 3.956 3.367
3230 83.0 2.536 1.938
3240 83.0 3.243 0.847
3250 83.0 1.095 -1.058
3260 83.0 2.938 1.430
3270 83.0 1.123 1.984
3280 83.0 2.087 0.135
3290 83.0 5.478 0.232
4000 96.0 3.528 2.075
4010 96.0 3.360 1.890
4020 96.0 3.383 1.958
4030 96.0 2.925 1.577
4040 96.0 2.728 1.204
4050 96.0 2.512 0.892
4060 96.0 2.574 0.683
4070 96.0 2.310 0.066
4080 96.0 4.414 3.648
4090 96.0 5.704 2.077
4100 96.0 3.428 3.372
4110 96.0 3.204 2.671
4120 96.0 3.464 2.623
4130 96.0 1.871 1.259
4140 96.0 3.858 0.525
4150 96.0 4.175 1.996
4160 96.0 3.583 1.607
4170 96.0 4.521 2.929
4180 96.0 3.419 4.110
4190 96.0 2.575 2.073
4000 97.0 2.689 2.116
4010 97.0 2.484 1.903
4020 97.0 2.359 1.544
4030 97.0 2.265 1.361
4040 97.0 1.894 0.842
4050 97.0 2.085 0.516
4060 97.0 1.767 0.232
4070 97.0 1.365 0.083
4080 97.0 1.936 2.856
4090 97.0 2.399 2.945
4100 97.0 2.469 2.954
4110 97.0 2.434 3.330
4120 97.0 3.739 3.750
4130 97.0 1.241 3.797
4140 97.0 3.620 3.182
4150 97.0 3.011 0.998
4160 97.0 1.014 1.372
4170 97.0 2.684 2.421
4180 97.0 2.703 1.804
4190 97.0 2.449 2.005
4000 101.0 -3.049 -7.687
4010 101.0 -3.074 -7.565
4020 101.0 -3.018 -7.614
4030 101.0 -2.910 -7.647
4040 101.0 -2.828 -7.615
4050 101.0 -2.875 -7.966
4060 101.0 -3.005 -7.726
4070 101.0 -2.976 -7.851
4080 101.0 -1.649 -6.194
4090 101.0 -2.442 -8.236
4100 101.0 -1.679 -7.240
4110 101.0 -3.066 -7.380
4120 101.0 -2.077 -7.135
4130 101.0 -1.990 -7.457
4140 101.0 -4.153 -7.362
4150 101.0 -2.508 -6.893
4160 101.0 -3.796 -6.343
4170 101.0 -2.725 -7.727
4180 101.0 -2.512 -7.264
4190 101.0 -3.981 -8.410
4000 102.0 -3.515 -8.663
4010 102.0 -3.591 -8.568
4020 102.0 -3.391 -8.656
4030 102.0 -3.391 -8.849
4040 102.0 -3.481 -8.519
4050 102.0 -3.288 -8.731
4060 102.0 -3.334 -8.698
4070 102.0 -3.397 -8.797
4080 102.0 -5.216 -10.524
4090 102.0 -2.613 -8.810
4100 102.0 -3.692 -9.687
4110 102.0 -3.574 -8.617
4120 102.0 -4.355 -9.327
4130 102.0 -5.941 -9.064
4140 102.0 -3.561 -9.146
4150 102.0 -3.217 -7.619
4160 102.0 -3.477 -6.958
4170 102.0 -2.556 -8.557
4180 102.0 -2.703 -8.517
4190 102.0 -2.519 -8.998
4430 104.0 -3.346 -8.384
4440 104.0 -3.404 -8.769
4450 104.0 -3.470 -8.731
4460 104.0 -3.579 -8.393
4470 104.0 -3.482 -8.790
4480 104.0 -3.506 -8.616
4490 104.0 -3.314 -8.646
4500 104.0 -3.194 -8.744
4510 104.0 -2.888 -9.473
4520 104.0 -4.477 -9.066
4530 104.0 -2.608 -9.603
4540 104.0 -3.443 -8.088
4550 104.0 -2.732 -7.627
4560 104.0 -4.316 -9.167
4570 104.0 -3.921 -8.735
4580 104.0 -3.646 -8.540
4590 104.0 -3.736 -8.151
4600 104.0 -4.315 -7.253
4610 104.0 -3.429 -9.088
4620 104.0 -2.653 -8.840
4430 106.0 -2.964 -7.960
4440 106.0 -3.048 -7.708
4450 106.0 -2.952 -7.836
4460 106.0 -2.931 -7.916
4470 106.0 -2.956 -7.905
4480 106.0 -2.881 -7.699
4490 106.0 -2.985 -7.889
4500 106.0 -2.982 -7.919
4510 106.0 -2.899 -6.740
4520 106.0 -3.026 -7.525
4530 106.0 -3.851 -7.928
4540 106.0 -4.493 -7.419
4550 106.0 -3.436 -8.173
4560 106.0 -3.538 -8.861
4570 106.0 -3.622 -7.965
4580 106.0 -4.745 -7.421
4590 106.0 -2.280 -6.518
4600 106.0 -1.619 -8.077
4610 106.0 -3.210 -6.671
4620 106.0 -3.064 -9.150
4430 108.0 -2.438 -9.499
4440 108.0 -2.463 -9.442
4450 108.0 -2.264 -9.122
4460 108.0 -2.284 -8.898
4470 108.0 -2.275 -8.767
4480 108.0 -2.021 -8.615
4490 108.0 -1.962 -8.512
4500 108.0 -1.851 -8.275
4510 108.0 -1.347 -8.638
4520 108.0 -0.994 -9.763
4530 108.0 -3.318 -9.755
4540 108.0 -4.049 -9.582
4550 108.0 -3.561 -8.561
4560 108.0 -2.512 -9.824
4570 108.0 -1.897 -9.770
4580 108.0 -1.650 -8.836
4590 108.0 -2.251 -9.273
4600 108.0 -0.555 -9.008
4610 108.0 -2.547 -8.262
4620 108.0 -1.510 -11.125
4430 110.0 -1.864 -9.834
4440 110.0 -1.865 -9.692
4450 110.0 -1.717 -9.600
4460 110.0 -1.778 -9.226
4470 110.0 -1.662 -8.990
4480 110.0 -1.637 -8.929
4490 110.0 -1.389 -8.968
4500 110.0 -1.399 -8.303
4510 110.0 -0.800 -8.913
4520 110.0 -3.160 -9.630
4530 110.0 -0.650 -9.221
4540 110.0 -2.232 -8.158
4550 110.0 -0.982 -9.532
4560 110.0 -2.260 -8.475
4570 110.0 -1.765 -11.566
4580 110.0 -1.884 -9.967
4590 110.0 0.325 -9.516
4600 110.0 -1.699 -11.584
4610 110.0 -0.914 -11.265
4620 110.0 -1.381 -10.329
4570 112.0 3.465 0.757
4580 112.0 2.938 0.355
4590 112.0 2.730 -0.130
4600 112.0 2.318 -0.792
4610 112.0 2.232 -1.286
4620 112.0 1.959 -1.815
4630 112.0 1.470 -2.410
4640 112.0 1.459 -2.916
4650 112.0 3.422 0.114
4660 112.0 3.825 1.324
4670 112.0 2.447 0.441
4680 112.0 2.447 0.781
4690 112.0 1.484 0.577
4700 112.0 4.097 0.086
4710 112.0 4.190 1.001
4720 112.0 3.235 1.269
4730 112.0 3.430 0.265
4740 112.0 3.725 0.820
4750 112.0 3.493 2.717
4760 112.0 2.060 0.041
4630 105.0 -3.444 -8.518
4640 105.0 -3.570 -8.598
4650 105.0 -3.593 -8.430
4660 105.0 -3.622 -8.614
4670 105.0 -3.618 -8.501
4680 105.0 -3.615 -8.351
4690 105.0 -3.408 -8.378
4700 105.0 -3.251 -8.659
4710 105.0 -3.804 -8.672
4720 105.0 -3.969 -8.089
4730 105.0 -3.407 -9.082
4740 105.0 -3.917 -7.964
4750 105.0 -2.980 -8.970
4760 105.0 -4.986 -9.443
4770 105.0 -3.374 -9.214
4780 105.0 -1.701 -7.014
4790 105.0 -2.959 -9.120
4800 105.0 -3.294 -8.754
4810 105.0 -2.113 -8.693
4820 105.0 -4.843 -9.464
4630 107.0 -3.001 -7.756
4640 107.0 -2.939 -7.746
4650 107.0 -2.781 -7.733
4660 107.0 -3.133 -7.764
4670 107.0 -2.932 -7.924
4680 107.0 -2.911 -7.815
4690 107.0 -2.941 -7.823
4700 107.0 -3.055 -7.788
4710 107.0 -3.385 -8.353
4720 107.0 -2.725 -7.343
4730 107.0 -2.663 -6.169
4740 107.0 -2.715 -8.881
4750 107.0 -3.745 -7.922
4760 107.0 -3.000 -7.517
4770 107.0 -3.251 -7.742
4780 107.0 -1.630 -6.740
4790 107.0 -1.996 -7.985
4800 107.0 -2.984 -7.873
4810 107.0 -1.854 -8.591
4820 107.0 -2.776 -9.282
4630 109.0 -0.757 -5.318
4640 109.0 -0.452 -4.865
4650 109.0 -0.486 -5.147
4660 109.0 -0.478 -4.505
4670 109.0 0.012 -4.600
4680 109.0 0.013 -4.470
4690 109.0 0.112 -3.926
4700 109.0 -0.047 -3.924
4710 109.0 -1.522 -5.685
4720 109.0 0.544 -6.806
4730 109.0 -2.090 -3.942
4740 109.0 -2.497 -5.909
4750 109.0 -1.219 -5.113
4760 109.0 -1.611 -3.491
4770 109.0 -1.608 -4.938
4780 109.0 -2.812 -4.919
4790 109.0 0.249 -4.495
4800 109.0 -2.777 -6.249
4810 109.0 0.522 -6.213
4820 109.0 -1.216 -5.269
4630 111.0 -0.151 -5.544
4640 111.0 -0.125 -5.380
4650 111.0 -0.011 -5.227
4660 111.0 0.187 -5.046
4670 111.0 0.391 -4.802
4680 111.0 0.310 -4.678
4690 111.0 0.397 -4.468
4700 111.0 0.444 -4.190
4710 111.0 0.030 -7.005
4720 111.0 -0.789 -6.007
4730 111.0 0.563 -5.193
4740 111.0 -0.293 -5.667
4750 111.0 0.518 -5.367
4760 111.0 -1.434 -8.027
4770 111.0 -0.807 -3.518
4780 111.0 -3.038 -4.116
4790 111.0 1.247 -4.598
4800 111.0 0.724 -5.052
4810 111.0 0.407 -7.314
4820 111.0 -0.660 -6.177
4690 113.0 -1.006 -9.504
4700 113.0 -0.790 -9.095
4710 113.0 -0.588 -8.324
4720 113.0 -0.287 -8.129
4730 113.0 -0.260 -7.237
4740 113.0 -0.004 -6.776
4750 113.0 0.346 -6.513
4760 113.0 0.621 -5.502
4770 113.0 -0.732 -9.639
4780 113.0 0.611 -10.940
4790 113.0 0.436 -7.231
4800 113.0 -0.816 -10.052
4810 113.0 -1.357 -8.983
4820 113.0 1.057 -9.470
4830 113.0 -1.134 -8.894
4840 113.0 0.397 -9.839
4850 113.0 -2.077 -10.609
4860 113.0 -0.867 -10.935
4870 113.0 -1.509 -9.742
4880 113.0 -2.674 -8.331
