0 5.0 1.617 0.944
10 5.0 1.624 0.956
20 5.0 1.705 0.891
30 5.0 1.691 0.949
40 5.0 1.536 0.918
50 5.0 1.515 0.844
60 5.0 1.697 0.812
70 5.0 1.466 0.805
80 5.0 1.933 0.735
90 5.0 1.796 2.977
100 5.0 0.599 -0.264
110 5.0 2.466 2.230
120 5.0 2.236 1.186
130 5.0 3.890 -0.072
140 5.0 -0.837 1.394
150 5.0 2.098 0.461
160 5.0 2.493 2.596
170 5.0 2.544 1.761
180 5.0 -0.122 0.872
190 5.0 -0.553 0.522
0 6.0 1.972 0.752
10 6.0 2.007 0.871
20 6.0 1.873 0.754
30 6.0 2.072 0.962
40 6.0 1.851 0.908
50 6.0 2.039 0.680
60 6.0 1.887 0.716
70 6.0 1.917 0.847
80 6.0 3.763 0.388
90 6.0 2.610 -0.569
100 6.0 2.565 0.118
110 6.0 1.885 0.359
120 6.0 1.234 0.568
130 6.0 2.287 0.469
140 6.0 2.514 1.514
150 6.0 1.368 -0.129
160 6.0 0.679 2.448
170 6.0 3.066 1.477
180 6.0 2.040 1.276
190 6.0 -0.325 0.664
0 8.0 0.148 1.711
10 8.0 0.104 1.616
20 8.0 0.210 1.812
30 8.0 0.073 1.826
40 8.0 0.283 1.701
50 8.0 0.059 1.525
60 8.0 0.001 1.397
70 8.0 0.006 1.643
80 8.0 0.928 0.046
90 8.0 1.869 0.006
100 8.0 0.325 2.017
110 8.0 -0.189 1.870
120 8.0 0.568 3.233
130 8.0 0.291 2.344
140 8.0 0.493 1.951
150 8.0 -0.996 3.793
160 8.0 0.144 2.062
170 8.0 0.417 1.413
180 8.0 -0.691 3.077
190 8.0 -0.470 3.024
500 24.0 2.278 -1.745
510 24.0 1.932 -1.514
520 24.0 1.624 -1.425
530 24.0 1.441 -1.565
540 24.0 1.095 -1.127
550 24.0 0.770 -1.127
560 24.0 0.408 -1.340
570 24.0 -0.090 -1.098
580 24.0 2.207 -1.309
590 24.0 2.467 -1.114
600 24.0 1.393 -1.508
610 24.0 1.701 -1.664
620 24.0 3.879 -1.335
630 24.0 2.334 -1.985
640 24.0 1.761 -1.796
650 24.0 2.307 -1.110
660 24.0 2.357 0.614
670 24.0 1.573 -1.461
680 24.0 1.536 -1.679
690 24.0 1.315 -1.996
500 25.0 2.598 -0.807
510 25.0 2.609 -0.892
520 25.0 2.091 -0.868
530 25.0 1.966 -0.883
540 25.0 1.792 -0.934
550 25.0 1.321 -0.882
560 25.0 0.780 -0.693
570 25.0 0.714 -0.623
580 25.0 1.812 -1.982
590 25.0 3.032 -0.870
600 25.0 3.385 -1.274
610 25.0 3.008 0.110
620 25.0 3.267 -2.111
630 25.0 2.485 -1.439
640 25.0 2.415 -2.055
650 25.0 2.451 -1.403
660 25.0 2.483 -0.441
670 25.0 2.452 -0.135
680 25.0 3.567 -0.869
690 25.0 1.881 -1.635
590 28.0 2.719 -2.601
600 28.0 2.614 -2.433
610 28.0 2.102 -2.260
620 28.0 1.667 -2.162
630 28.0 1.640 -2.081
640 28.0 1.118 -1.971
650 28.0 0.795 -1.750
660 28.0 0.768 -1.718
670 28.0 1.995 -3.641
680 28.0 2.299 -2.621
690 28.0 2.223 -2.365
700 28.0 3.067 -2.802
710 28.0 4.034 -1.837
720 28.0 1.777 -3.264
730 28.0 2.466 -2.958
740 28.0 1.989 -2.982
750 28.0 3.129 -2.952
760 28.0 0.670 -2.820
770 28.0 3.077 -3.641
780 28.0 1.546 -2.442
1000 38.0 -5.692 4.893
1010 38.0 -5.625 4.875
1020 38.0 -5.656 4.809
1030 38.0 -5.547 4.662
1040 38.0 -5.644 4.832
1050 38.0 -5.698 4.918
1060 38.0 -5.612 4.872
1070 38.0 -5.644 4.883
1080 38.0 -3.915 3.925
1090 38.0 -7.767 3.988
1100 38.0 -4.909 5.254
1110 38.0 -4.613 6.649
1120 38.0 -6.339 4.675
1130 38.0 -4.666 5.263
1140 38.0 -7.928 5.617
1150 38.0 -6.366 4.351
1160 38.0 -6.039 4.991
1170 38.0 -5.586 7.326
1180 38.0 -5.344 4.772
1190 38.0 -5.545 4.060
1150 46.0 1.474 0.922
1160 46.0 1.507 0.982
1170 46.0 1.809 1.050
1180 46.0 1.643 1.224
1190 46.0 1.662 1.240
1200 46.0 1.663 0.904
1210 46.0 1.503 0.908
1220 46.0 1.912 1.093
1230 46.0 1.364 1.806
1240 46.0 2.131 1.029
1250 46.0 1.880 0.959
1260 46.0 2.484 0.760
1270 46.0 0.568 1.602
1280 46.0 0.815 -0.058
1290 46.0 2.153 1.724
1300 46.0 1.366 0.137
1310 46.0 1.277 -0.251
1320 46.0 0.130 0.003
1330 46.0 3.391 1.364
1340 46.0 2.439 0.445
1150 47.0 2.079 0.971
1160 47.0 2.242 0.866
1170 47.0 2.059 0.965
1180 47.0 2.161 0.814
1190 47.0 2.185 0.775
1200 47.0 1.926 0.673
1210 47.0 1.847 0.891
1220 47.0 1.789 0.711
1230 47.0 2.886 0.113
1240 47.0 2.288 0.688
1250 47.0 1.788 0.575
1260 47.0 1.362 0.266
1270 47.0 1.034 0.863
1280 47.0 2.112 1.994
1290 47.0 1.001 2.136
1300 47.0 1.044 1.622
1310 47.0 1.668 2.402
1320 47.0 0.430 0.651
1330 47.0 3.878 2.328
1340 47.0 1.983 1.089
1200 39.0 -5.704 4.806
1210 39.0 -5.885 4.897
1220 39.0 -5.817 5.023
1230 39.0 -5.732 4.868
1240 39.0 -5.847 4.807
1250 39.0 -5.746 4.782
1260 39.0 -5.843 4.873
1270 39.0 -5.782 4.801
1280 39.0 -4.493 4.301
1290 39.0 -6.140 6.629
1300 39.0 -5.668 4.188
1310 39.0 -3.243 2.916
1320 39.0 -6.215 5.836
1330 39.0 -6.032 5.418
1340 39.0 -6.274 4.971
1350 39.0 -5.090 3.633
1360 39.0 -5.167 4.583
1370 39.0 -6.061 5.119
1380 39.0 -4.952 5.062
1390 39.0 -3.738 7.624
1400 40.0 -5.844 4.888
1410 40.0 -5.754 4.838
1420 40.0 -5.854 4.956
1430 40.0 -5.755 4.870
1440 40.0 -5.813 4.866
1450 40.0 -5.869 4.876
1460 40.0 -5.897 4.813
1470 40.0 -5.705 4.710
1480 40.0 -5.749 3.924
1490 40.0 -6.003 3.510
1500 40.0 -6.411 5.946
1510 40.0 -5.900 5.744
1520 40.0 -6.364 4.555
1530 40.0 -5.110 6.397
1540 40.0 -5.338 4.928
1550 40.0 -3.518 5.679
1560 40.0 -6.559 3.877
1570 40.0 -5.011 4.179
1580 40.0 -5.857 6.223
1590 40.0 -5.063 4.541
1600 41.0 -5.597 4.785
1610 41.0 -5.682 5.067
1620 41.0 -5.613 4.848
1630 41.0 -5.427 4.852
1640 41.0 -5.424 5.049
1650 41.0 -5.365 4.971
1660 41.0 -5.665 4.894
1670 41.0 -5.645 5.126
1680 41.0 -5.739 4.777
1690 41.0 -7.062 4.965
1700 41.0 -5.021 4.524
1710 41.0 -6.062 5.321
1720 41.0 -5.794 4.377
1730 41.0 -5.530 4.914
1740 41.0 -4.473 5.984
1750 41.0 -5.305 5.374
1760 41.0 -4.233 5.117
1770 41.0 -5.862 5.907
1780 41.0 -5.586 4.878
1790 41.0 -4.237 3.947
1800 42.0 -5.557 4.862
1810 42.0 -5.711 4.872
1820 42.0 -5.681 4.928
1830 42.0 -5.556 4.921
1840 42.0 -5.576 4.877
1850 42.0 -5.405 5.017
1860 42.0 -5.718 4.889
1870 42.0 -5.515 5.038
1880 42.0 -5.943 4.815
1890 42.0 -5.634 4.297
1900 42.0 -3.820 5.391
1910 42.0 -5.659 2.910
1920 42.0 -5.591 6.044
1930 42.0 -5.406 4.544
1940 42.0 -6.142 4.894
1950 42.0 -5.756 3.780
1960 42.0 -6.609 4.559
1970 42.0 -6.132 4.986
1980 42.0 -6.947 5.661
1990 42.0 -5.465 5.255
2770 71.0 1.562 -3.985
2780 71.0 0.989 -3.568
2790 71.0 0.557 -3.298
2800 71.0 -0.011 -2.953
2810 71.0 -0.570 -2.788
2820 71.0 -1.129 -2.488
2830 71.0 -1.633 -2.172
2840 71.0 -2.213 -1.540
2850 71.0 2.758 -3.891
2860 71.0 1.953 -3.911
2870 71.0 1.139 -2.994
2880 71.0 -0.169 -3.758
2890 71.0 2.245 -4.500
2900 71.0 0.900 -3.834
2910 71.0 0.280 -5.087
2920 71.0 2.089 -3.615
2930 71.0 1.674 -2.241
2940 71.0 2.352 -3.052
2950 71.0 1.608 -5.805
2960 71.0 3.111 -5.115
2770 72.0 2.028 -3.452
2780 72.0 1.477 -3.031
2790 72.0 0.971 -2.751
2800 72.0 0.580 -2.340
2810 72.0 0.165 -2.155
2820 72.0 -0.321 -1.772
2830 72.0 -0.977 -1.596
2840 72.0 -1.447 -1.206
2850 72.0 2.649 -4.244
2860 72.0 1.318 -3.398
2870 72.0 2.477 -2.937
2880 72.0 2.587 -4.166
2890 72.0 2.062 -3.978
2900 72.0 3.388 -3.640
2910 72.0 2.387 -2.812
2920 72.0 3.431 -3.202
2930 72.0 2.867 -2.616
2940 72.0 3.100 -3.313
2950 72.0 2.702 -4.630
2960 72.0 2.658 -3.768
3100 83.0 1.592 -2.856
3110 83.0 0.793 -2.411
3120 83.0 0.354 -2.294
3130 83.0 -0.017 -1.856
3140 83.0 -0.680 -1.524
3150 83.0 -1.052 -1.315
3160 83.0 -1.726 -0.994
3170 83.0 -2.096 -0.756
3180 83.0 2.818 -3.842
3190 83.0 1.569 -2.386
3200 83.0 3.434 -2.927
3210 83.0 0.421 -2.815
3220 83.0 0.548 -4.316
3230 83.0 0.054 -1.594
3240 83.0 1.320 -4.519
3250 83.0 2.780 -3.713
3260 83.0 0.012 -3.222
3270 83.0 0.958 -3.853
3280 83.0 1.192 -3.316
3290 83.0 2.975 -2.537
4000 96.0 2.199 -3.695
4010 96.0 2.031 -3.308
4020 96.0 1.586 -3.267
4030 96.0 1.550 -3.086
4040 96.0 1.082 -2.842
4050 96.0 0.902 -2.783
4060 96.0 0.611 -2.458
4070 96.0 0.170 -2.104
4080 96.0 1.470 -3.653
4090 96.0 2.373 -3.028
4100 96.0 0.413 -2.765
4110 96.0 2.971 -4.614
4120 96.0 1.832 -3.672
4130 96.0 1.304 -3.747
4140 96.0 1.400 -3.157
4150 96.0 2.498 -3.150
4160 96.0 1.696 -2.982
4170 96.0 0.798 -2.941
4180 96.0 3.669 -5.180
4190 96.0 0.664 -3.796
4000 97.0 2.328 -2.676
4010 97.0 2.026 -2.610
4020 97.0 1.894 -2.498
4030 97.0 1.219 -2.255
4040 97.0 0.824 -2.218
4050 97.0 0.549 -1.761
4060 97.0 0.272 -1.582
4070 97.0 0.104 -1.412
4080 97.0 2.296 -3.039
4090 97.0 1.471 -4.224
4100 97.0 2.467 -4.383
4110 97.0 4.152 -2.606
4120 97.0 2.826 -3.255
4130 97.0 1.731 -2.247
4140 97.0 4.029 -1.476
4150 97.0 2.450 -2.383
4160 97.0 1.967 -2.673
4170 97.0 1.943 -2.560
4180 97.0 3.241 -3.867
4190 97.0 2.525 -2.362
4000 101.0 -7.749 3.036
4010 101.0 -7.654 3.027
4020 101.0 -7.666 3.075
4030 101.0 -7.612 2.995
4040 101.0 -7.752 3.024
4050 101.0 -7.848 2.996
4060 101.0 -7.967 3.041
4070 101.0 -8.038 2.986
4080 101.0 -7.753 3.460
4090 101.0 -8.143 4.560
4100 101.0 -9.568 3.288
4110 101.0 -9.359 1.747
4120 101.0 -8.045 3.788
4130 101.0 -7.601 2.447
4140 101.0 -7.212 4.622
4150 101.0 -8.658 3.150
4160 101.0 -8.732 2.585
4170 101.0 -8.429 4.178
4180 101.0 -7.726 1.527
4190 101.0 -9.133 2.577
4000 102.0 -8.525 3.410
4010 102.0 -8.817 3.436
4020 102.0 -8.771 3.431
4030 102.0 -8.547 3.432
4040 102.0 -8.638 3.462
4050 102.0 -8.564 3.459
4060 102.0 -8.615 3.422
4070 102.0 -8.626 3.325
4080 102.0 -9.476 1.606
4090 102.0 -8.760 4.483
4100 102.0 -8.920 4.014
4110 102.0 -7.536 4.627
4120 102.0 -6.939 3.708
4130 102.0 -9.018 2.073
4140 102.0 -8.889 2.657
4150 102.0 -9.913 4.162
4160 102.0 -7.676 1.923
4170 102.0 -7.343 3.900
4180 102.0 -8.941 1.846
4190 102.0 -7.877 3.534
4430 104.0 -8.961 3.556
4440 104.0 -8.763 3.705
4450 104.0 -8.401 3.638
4460 104.0 -8.638 3.559
4470 104.0 -8.488 3.335
4480 104.0 -8.846 3.620
4490 104.0 -8.608 3.400
4500 104.0 -8.485 3.547
4510 104.0 -10.216 3.015
4520 104.0 -9.745 3.937
4530 104.0 -11.130 3.288
4540 104.0 -7.822 4.985
4550 104.0 -10.353 2.131
4560 104.0 -8.995 3.632
4570 104.0 -7.429 4.150
4580 104.0 -8.694 1.754
4590 104.0 -9.920 4.259
4600 104.0 -10.542 3.723
4610 104.0 -9.381 3.467
4620 104.0 -9.274 4.611
4430 106.0 -7.708 2.864
4440 106.0 -7.919 2.852
4450 106.0 -7.953 2.845
4460 106.0 -7.844 2.817
4470 106.0 -7.710 2.805
4480 106.0 -7.817 3.078
4490 106.0 -7.783 3.015
4500 106.0 -7.975 3.010
4510 106.0 -7.612 3.585
4520 106.0 -6.831 2.277
4530 106.0 -6.624 2.594
4540 106.0 -7.721 3.307
4550 106.0 -9.074 3.776
4560 106.0 -7.239 2.321
4570 106.0 -7.342 4.012
4580 106.0 -6.518 0.986
4590 106.0 -8.674 2.808
4600 106.0 -8.387 3.010
4610 106.0 -7.853 3.382
4620 106.0 -9.121 3.103
4430 108.0 -9.455 2.442
4440 108.0 -9.382 2.418
4450 108.0 -9.341 2.402
4460 108.0 -9.061 2.282
4470 108.0 -8.777 2.204
4480 108.0 -8.636 2.171
4490 108.0 -8.445 1.892
4500 108.0 -8.078 1.886
4510 108.0 -9.987 3.527
4520 108.0 -8.256 3.420
4530 108.0 -8.536 3.101
4540 108.0 -9.518 2.737
4550 108.0 -10.594 2.310
4560 108.0 -9.936 3.300
4570 108.0 -10.237 2.997
4580 108.0 -9.268 1.705
4590 108.0 -10.073 1.252
4600 108.0 -10.626 2.459
4610 108.0 -9.135 2.230
4620 108.0 -8.871 2.051
4430 110.0 -9.892 2.020
4440 110.0 -9.558 1.752
4450 110.0 -9.486 1.672
4460 110.0 -9.629 1.422
4470 110.0 -9.162 1.657
4480 110.0 -8.749 1.430
4490 110.0 -8.739 1.262
4500 110.0 -8.265 1.254
4510 110.0 -9.629 2.306
4520 110.0 -9.376 3.373
4530 110.0 -11.264 1.516
4540 110.0 -8.222 0.347
4550 110.0 -10.028 2.403
4560 110.0 -8.671 1.239
4570 110.0 -8.597 1.906
4580 110.0 -10.302 1.238
4590 110.0 -10.290 2.371
4600 110.0 -9.981 1.680
4610 110.0 -8.380 2.852
4620 110.0 -10.164 2.053
4570 112.0 0.825 -3.426
4580 112.0 0.384 -3.126
4590 112.0 -0.286 -2.770
4600 112.0 -0.778 -2.505
4610 112.0 -1.338 -2.218
4620 112.0 -1.853 -1.995
4630 112.0 -2.274 -1.711
4640 112.0 -3.069 -1.561
4650 112.0 1.565 -1.476
4660 112.0 0.594 -2.967
4670 112.0 2.061 -3.204
4680 112.0 2.041 -3.215
4690 112.0 2.215 -3.829
4700 112.0 1.076 -4.178
4710 112.0 0.953 -2.912
4720 112.0 0.065 -4.001
4730 112.0 0.306 -3.058
4740 112.0 -0.874 -2.015
4750 112.0 1.721 -3.100
4760 112.0 2.250 -5.142
4630 105.0 -8.502 3.509
4640 105.0 -8.527 3.644
4650 105.0 -8.573 3.650
4660 105.0 -8.441 3.690
4670 105.0 -8.582 3.550
4680 105.0 -8.537 3.697
4690 105.0 -8.448 3.480
4700 105.0 -8.711 3.427
4710 105.0 -8.906 3.202
4720 105.0 -7.726 3.382
4730 105.0 -8.002 2.699
4740 105.0 -8.982 3.005
4750 105.0 -8.193 3.195
4760 105.0 -8.284 3.916
4770 105.0 -8.540 2.246
4780 105.0 -8.204 2.668
4790 105.0 -6.037 5.573
4800 105.0 -9.309 4.649
4810 105.0 -8.475 3.917
4820 105.0 -9.346 5.256
4630 107.0 -7.715 3.123
4640 107.0 -7.779 2.891
4650 107.0 -7.611 2.922
4660 107.0 -7.630 3.023
4670 107.0 -7.683 3.094
4680 107.0 -7.810 2.748
4690 107.0 -7.571 2.962
4700 107.0 -7.779 3.007
4710 107.0 -7.329 4.124
4720 107.0 -9.010 2.830
4730 107.0 -7.729 5.323
4740 107.0 -9.119 4.164
4750 107.0 -8.548 2.013
4760 107.0 -8.015 5.026
4770 107.0 -8.794 3.537
4780 107.0 -7.318 0.930
4790 107.0 -8.186 2.602
4800 107.0 -8.962 2.485
4810 107.0 -5.396 2.669
4820 107.0 -8.553 3.040
4630 109.0 -5.184 0.587
4640 109.0 -4.907 0.580
4650 109.0 -4.687 0.585
4660 109.0 -4.528 0.352
4670 109.0 -4.480 0.326
4680 109.0 -4.133 0.268
4690 109.0 -3.941 0.107
4700 109.0 -3.851 0.096
4710 109.0 -5.738 0.459
4720 109.0 -3.712 1.948
4730 109.0 -6.176 1.767
4740 109.0 -6.527 1.404
4750 109.0 -4.229 0.368
4760 109.0 -4.890 -0.983
4770 109.0 -5.807 1.530
4780 109.0 -4.243 0.728
4790 109.0 -6.336 1.547
4800 109.0 -5.435 1.002
4810 109.0 -3.863 0.978
4820 109.0 -4.044 -1.242
4630 111.0 -5.529 0.149
4640 111.0 -5.403 0.108
4650 111.0 -5.372 -0.109
4660 111.0 -4.952 -0.054
4670 111.0 -4.839 -0.282
4680 111.0 -4.747 -0.283
4690 111.0 -4.339 -0.358
4700 111.0 -4.224 -0.509
4710 111.0 -3.505 -1.780
4720 111.0 -5.812 0.657
4730 111.0 -4.870 1.788
4740 111.0 -6.285 -0.613
4750 111.0 -6.547 0.509
4760 111.0 -4.500 0.408
4770 111.0 -5.595 0.179
4780 111.0 -4.328 0.659
4790 111.0 -5.396 -0.299
4800 111.0 -4.562 -1.352
4810 111.0 -6.620 0.079
4820 111.0 -5.426 -1.911
4690 113.0 -9.395 1.078
4700 113.0 -8.960 0.928
4710 113.0 -8.464 0.603
4720 113.0 -7.972 0.339
4730 113.0 -7.381 -0.005
4740 113.0 -6.701 -0.029
4750 113.0 -6.234 -0.481
4760 113.0 -5.568 -0.387
4770 113.0 -10.959 0.064
4780 113.0 -9.744 0.573
4790 113.0 -9.079 1.467
4800 113.0 -9.403 1.020
4810 113.0 -9.311 1.601
4820 113.0 -9.143 -0.158
4830 113.0 -10.045 0.922
4840 113.0 -9.461 1.682
4850 113.0 -9.615 1.701
4860 113.0 -8.665 -0.213
4870 113.0 -9.091 0.401
4880 113.0 -8.901 0.104
5680 119.0 2.659 -3.137
5690 119.0 2.234 -2.811
5700 119.0 1.669 -2.473
5710 119.0 1.303 -2.138
5720 119.0 0.815 -1.881
5730 119.0 0.257 -1.496
5740 119.0 -0.267 -1.282
5750 119.0 -0.620 -1.145
5760 119.0 2.594 -4.362
5770 119.0 2.393 -2.697
5780 119.0 2.751 -2.835
5790 119.0 0.484 -3.066
5800 119.0 1.868 -2.631
5810 119.0 0.483 -4.372
5820 119.0 1.837 -1.831
5830 119.0 1.606 -3.320
5840 119.0 2.471 -3.327
5850 119.0 1.191 -3.938
5860 119.0 3.069 -3.600
5870 119.0 2.367 -2.295
5680 120.0 2.589 -2.242
5690 120.0 2.161 -1.909
5700 120.0 1.702 -1.586
5710 120.0 1.148 -1.375
5720 120.0 0.758 -1.054
5730 120.0 0.271 -0.635
5740 120.0 -0.253 -0.524
5750 120.0 -0.660 -0.289
5760 120.0 3.687 -2.255
5770 120.0 3.126 -2.237
5780 120.0 3.202 -0.186
5790 120.0 1.618 -0.266
5800 120.0 2.775 -1.352
5810 120.0 2.326 -3.965
5820 120.0 3.396 -2.999
5830 120.0 2.334 -1.397
5840 120.0 4.696 -2.240
5850 120.0 4.598 -2.444
5860 120.0 3.634 -1.699
5870 120.0 3.526 -1.837
6790 136.0 -2.635 -1.903
6800 136.0 -2.826 -2.074
6810 136.0 -2.981 -2.007
6820 136.0 -2.993 -2.081
6830 136.0 -3.056 -1.996
6840 136.0 -2.943 -2.185
6850 136.0 -2.795 -1.916
6860 136.0 -2.939 -1.877
6870 136.0 -1.928 -2.199
6880 136.0 -3.840 -1.048
6890 136.0 -2.541 -2.724
6900 136.0 -1.640 -0.598
6910 136.0 -3.164 -2.171
6920 136.0 -3.488 -2.176
6930 136.0 -3.324 -0.184
6940 136.0 -3.415 -2.250
6950 136.0 -2.553 -2.428
6960 136.0 -2.748 -1.271
6970 136.0 -2.496 -1.441
6980 136.0 -2.892 -1.716
6840 138.0 -8.070 2.907
6850 138.0 -7.912 2.906
6860 138.0 -7.940 2.846
6870 138.0 -7.881 2.934
6880 138.0 -7.945 2.889
6890 138.0 -8.056 2.739
6900 138.0 -7.759 2.829
6910 138.0 -7.888 2.936
6920 138.0 -7.703 1.676
6930 138.0 -9.111 3.852
6940 138.0 -8.850 3.553
6950 138.0 -9.246 3.127
6960 138.0 -6.383 3.500
6970 138.0 -9.661 3.947
6980 138.0 -7.118 1.483
6990 138.0 -6.672 3.870
7000 138.0 -9.371 1.761
7010 138.0 -7.584 3.097
7020 138.0 -8.913 2.648
7030 138.0 -5.180 1.917
6840 140.0 -9.127 3.735
6850 140.0 -8.853 3.581
6860 140.0 -8.616 3.498
6870 140.0 -8.666 3.500
6880 140.0 -8.689 3.445
6890 140.0 -8.749 3.545
6900 140.0 -8.683 3.601
6910 140.0 -8.556 3.713
6920 140.0 -9.871 3.929
6930 140.0 -7.897 3.375
6940 140.0 -8.458 3.493
6950 140.0 -6.942 4.234
6960 140.0 -8.697 4.513
6970 140.0 -9.419 3.279
6980 140.0 -9.481 4.121
6990 140.0 -8.316 3.835
7000 140.0 -9.402 3.629
7010 140.0 -11.259 4.159
7020 140.0 -9.410 2.869
7030 140.0 -9.066 2.898
6890 142.0 -8.436 4.234
6900 142.0 -8.059 3.930
6910 142.0 -7.587 3.766
6920 142.0 -7.348 3.283
6930 142.0 -6.937 2.898
6940 142.0 -6.731 2.502
6950 142.0 -6.411 2.166
6960 142.0 -5.895 1.850
6970 142.0 -7.229 3.465
6980 142.0 -9.552 4.569
6990 142.0 -8.449 5.154
7000 142.0 -8.593 3.858
7010 142.0 -8.909 3.012
7020 142.0 -8.688 4.449
7030 142.0 -8.793 4.730
7040 142.0 -7.470 2.699
7050 142.0 -7.609 7.057
7060 142.0 -6.430 5.143
7070 142.0 -9.468 3.928
7080 142.0 -8.510 4.450
6890 143.0 -8.095 4.413
6900 143.0 -7.638 4.330
6910 143.0 -7.184 4.108
6920 143.0 -6.959 3.700
6930 143.0 -6.598 3.277
6940 143.0 -5.960 2.824
6950 143.0 -5.841 2.737
6960 143.0 -5.441 2.470
6970 143.0 -7.886 4.207
6980 143.0 -7.869 6.001
6990 143.0 -6.963 3.268
7000 143.0 -7.332 4.333
7010 143.0 -8.921 3.753
7020 143.0 -8.185 3.691
7030 143.0 -8.618 5.602
7040 143.0 -7.939 4.159
7050 143.0 -8.254 4.257
7060 143.0 -9.027 6.194
7070 143.0 -8.196 3.248
7080 143.0 -9.501 7.067
6890 144.0 -5.973 3.450
6900 144.0 -5.907 3.468
6910 144.0 -6.094 3.414
6920 144.0 -5.687 3.494
6930 144.0 -6.095 3.809
6940 144.0 -5.922 3.413
6950 144.0 -5.738 3.752
6960 144.0 -5.593 3.595
6970 144.0 -6.265 3.235
6980 144.0 -5.302 4.084
6990 144.0 -4.728 3.165
7000 144.0 -6.849 4.794
7010 144.0 -5.829 4.699
7020 144.0 -6.450 4.302
7030 144.0 -7.891 4.848
7040 144.0 -5.466 4.046
7050 144.0 -6.436 3.325
7060 144.0 -6.098 2.535
7070 144.0 -7.561 3.857
7080 144.0 -6.213 4.849
6970 145.0 1.372 -3.807
6980 145.0 0.934 -3.305
6990 145.0 0.332 -3.112
7000 145.0 -0.186 -2.967
7010 145.0 -0.385 -2.787
7020 145.0 -1.211 -2.504
7030 145.0 -1.800 -2.146
7040 145.0 -1.540 -2.144
7050 145.0 0.938 -3.200
7060 145.0 2.095 -4.149
7070 145.0 1.505 -3.975
7080 145.0 1.256 -2.332
7090 145.0 1.911 -3.839
7100 145.0 1.570 -2.511
7110 145.0 -0.752 -3.659
7120 145.0 1.512 -3.758
7130 145.0 1.333 -4.405
7140 145.0 2.125 -5.020
7150 145.0 -0.035 -2.485
7160 145.0 0.755 -4.521
7030 150.0 -2.847 -1.791
7040 150.0 -2.978 -1.715
7050 150.0 -3.217 -1.678
7060 150.0 -3.188 -1.322
7070 150.0 -3.279 -1.015
7080 150.0 -3.387 -0.842
7090 150.0 -3.329 -0.895
7100 150.0 -3.433 -0.785
7110 150.0 -2.335 -1.799
7120 150.0 -4.240 -0.774
7130 150.0 -2.191 -1.673
7140 150.0 -3.404 -3.961
7150 150.0 -2.635 -0.443
7160 150.0 -1.844 -1.518
7170 150.0 -3.148 -2.507
7180 150.0 -3.425 -2.252
7190 150.0 -1.218 -2.122
7200 150.0 -3.280 -1.401
7210 150.0 -3.382 -1.190
7220 150.0 -2.672 -1.255
7040 139.0 -7.768 2.816
7050 139.0 -7.898 2.982
7060 139.0 -7.930 3.093
7070 139.0 -8.007 2.758
7080 139.0 -7.732 2.993
7090 139.0 -7.783 3.014
7100 139.0 -7.814 2.925
7110 139.0 -7.741 2.885
7120 139.0 -8.429 4.682
7130 139.0 -7.066 2.780
7140 139.0 -8.939 2.381
7150 139.0 -8.069 2.727
7160 139.0 -9.343 3.384
7170 139.0 -6.718 4.964
7180 139.0 -6.214 3.401
7190 139.0 -9.072 2.940
7200 139.0 -8.273 2.098
7210 139.0 -6.605 2.694
7220 139.0 -8.476 2.097
7230 139.0 -8.471 3.485
7040 141.0 -8.712 3.469
7050 141.0 -8.830 3.591
7060 141.0 -8.855 3.551
7070 141.0 -8.782 3.381
7080 141.0 -8.883 3.576
7090 141.0 -8.722 3.450
7100 141.0 -8.709 3.497
7110 141.0 -8.970 3.446
7120 141.0 -10.465 3.278
7130 141.0 -6.897 1.948
7140 141.0 -9.205 3.650
7150 141.0 -8.488 3.169
7160 141.0 -8.169 2.949
7170 141.0 -9.823 2.419
7180 141.0 -9.174 3.052
7190 141.0 -9.390 3.382
7200 141.0 -7.895 2.581
7210 141.0 -8.084 4.706
7220 141.0 -8.542 3.118
7230 141.0 -8.502 4.632
7480 156.0 -8.837 3.552
7490 156.0 -8.334 3.066
7500 156.0 -7.840 2.865
7510 156.0 -7.005 2.701
7520 156.0 -6.572 2.166
7530 156.0 -5.978 1.793
7540 156.0 -5.381 1.631
7550 156.0 -4.842 1.041
7560 156.0 -8.673 4.290
7570 156.0 -10.242 4.467
7580 156.0 -8.655 4.410
7590 156.0 -8.689 3.728
7600 156.0 -9.250 3.405
7610 156.0 -9.409 1.963
7620 156.0 -8.968 3.996
7630 156.0 -8.157 3.130
7640 156.0 -8.398 2.461
7650 156.0 -9.287 4.054
7660 156.0 -9.478 4.102
7670 156.0 -9.232 4.668
7480 157.0 -9.157 2.536
7490 157.0 -8.647 2.258
7500 157.0 -8.141 2.299
7510 157.0 -7.220 1.967
7520 157.0 -6.831 1.394
7530 157.0 -6.220 1.070
7540 157.0 -5.578 0.896
7550 157.0 -5.090 0.505
7560 157.0 -9.896 3.458
7570 157.0 -9.005 3.317
7580 157.0 -8.379 2.458
7590 157.0 -10.488 2.008
7600 157.0 -9.511 1.986
7610 157.0 -8.775 2.513
7620 157.0 -10.322 2.724
7630 157.0 -8.433 3.970
7640 157.0 -9.189 2.408
7650 157.0 -10.886 3.151
7660 157.0 -8.965 2.793
7670 157.0 -9.399 3.580
9260 174.0 1.074 -1.652
9270 174.0 0.634 -1.413
9280 174.0 0.244 -1.213
9290 174.0 -0.419 -0.929
9300 174.0 -0.650 -0.671
9310 174.0 -1.138 -0.424
9320 174.0 -1.592 -0.209
9330 174.0 -2.187 -0.115
9340 174.0 1.455 -1.641
9350 174.0 1.830 -1.850
9360 174.0 1.130 -0.998
9370 174.0 2.858 -1.089
9380 174.0 1.821 -0.330
9390 174.0 3.457 -0.309
9400 174.0 0.103 -2.329
9410 174.0 0.313 -0.884
9420 174.0 0.700 -0.473
9430 174.0 2.210 -2.534
9440 174.0 4.364 -1.839
9450 174.0 0.442 -1.337
9260 175.0 0.822 -2.347
9270 175.0 0.507 -2.157
9280 175.0 0.054 -1.959
9290 175.0 -0.343 -1.703
9300 175.0 -0.718 -1.474
9310 175.0 -1.259 -1.211
9320 175.0 -1.716 -0.905
9330 175.0 -2.132 -0.702
9340 175.0 0.731 -1.365
9350 175.0 -0.240 -3.106
9360 175.0 0.999 -2.741
9370 175.0 0.484 -2.976
9380 175.0 0.428 -1.333
9390 175.0 1.296 -2.718
9400 175.0 1.008 -1.346
9410 175.0 0.722 -2.721
9420 175.0 -0.387 -2.417
9430 175.0 0.276 -3.333
9440 175.0 2.092 -2.284
9450 175.0 2.232 -2.163
9370 180.0 -5.223 4.162
9380 180.0 -5.288 4.234
9390 180.0 -5.351 4.235
9400 180.0 -5.314 4.322
9410 180.0 -5.356 4.158
9420 180.0 -5.446 4.370
9430 180.0 -5.214 4.416
9440 180.0 -5.188 4.414
9450 180.0 -4.094 3.969
9460 180.0 -4.295 3.789
9470 180.0 -5.997 5.880
9480 180.0 -7.282 3.965
9490 180.0 -5.039 4.067
9500 180.0 -5.113 5.150
9510 180.0 -4.434 4.748
9520 180.0 -5.760 4.901
9530 180.0 -5.596 5.178
9540 180.0 -5.054 4.101
9550 180.0 -6.657 2.335
9560 180.0 -5.521 5.886
9400 183.0 -9.016 3.887
9410 183.0 -8.793 3.858
9420 183.0 -8.173 3.150
9430 183.0 -7.945 2.533
9440 183.0 -7.153 2.622
9450 183.0 -6.772 2.211
9460 183.0 -6.455 1.807
9470 183.0 -5.917 1.376
9480 183.0 -8.810 4.442
9490 183.0 -9.845 3.486
9500 183.0 -7.123 4.164
9510 183.0 -8.825 3.615
9520 183.0 -10.152 4.791
9530 183.0 -9.250 4.844
9540 183.0 -8.208 5.307
9550 183.0 -9.315 3.489
9560 183.0 -11.113 5.251
9570 183.0 -8.512 4.318
9580 183.0 -9.453 3.592
9590 183.0 -9.535 3.902
9400 184.0 -9.219 3.368
9410 184.0 -8.765 2.914
9420 184.0 -8.379 2.371
9430 184.0 -7.997 2.211
9440 184.0 -7.223 1.539
9450 184.0 -6.839 1.306
9460 184.0 -6.440 0.936
9470 184.0 -5.729 0.614
9480 184.0 -9.251 5.099
9490 184.0 -8.257 5.097
9500 184.0 -9.689 2.846
9510 184.0 -8.722 3.377
9520 184.0 -10.142 3.199
9530 184.0 -8.821 3.200
9540 184.0 -8.407 4.826
9550 184.0 -8.970 3.742
9560 184.0 -7.389 2.286
9570 184.0 -8.772 0.839
9580 184.0 -8.447 2.841
9590 184.0 -7.898 3.290
9410 185.0 -0.513 1.274
9420 185.0 -0.328 1.058
9430 185.0 -0.291 1.385
9440 185.0 -0.251 1.320
9450 185.0 -0.311 1.616
9460 185.0 -0.611 1.353
9470 185.0 -0.510 1.387
9480 185.0 -0.198 1.447
9490 185.0 -0.849 2.731
9500 185.0 0.801 1.419
9510 185.0 0.359 0.404
9520 185.0 -0.388 1.285
9530 185.0 -0.856 1.078
9540 185.0 -1.680 1.816
9550 185.0 0.291 -0.285
9560 185.0 -1.153 0.218
9570 185.0 -1.582 1.736
9580 185.0 0.182 1.351
9590 185.0 1.515 1.017
9600 185.0 -0.497 -0.226
9420 187.0 1.506 -2.883
9430 187.0 0.884 -2.526
9440 187.0 0.350 -2.366
9450 187.0 -0.236 -2.127
9460 187.0 -0.700 -1.756
9470 187.0 -1.167 -1.585
9480 187.0 -1.785 -1.072
9490 187.0 -2.127 -0.632
9500 187.0 0.331 -2.924
9510 187.0 4.089 -2.656
9520 187.0 2.748 -2.971
9530 187.0 0.815 -2.972
9540 187.0 3.080 -2.911
9550 187.0 1.248 -1.569
9560 187.0 3.377 -3.950
9570 187.0 0.079 -2.857
9580 187.0 1.248 -2.276
9590 187.0 1.776 -3.356
9600 187.0 2.080 -2.343
9610 187.0 0.027 -4.502
9460 192.0 2.392 -3.699
9470 192.0 1.670 -3.459
9480 192.0 1.179 -3.135
9490 192.0 0.634 -2.822
9500 192.0 -0.000 -2.527
9510 192.0 -0.513 -1.968
9520 192.0 -0.861 -1.585
9530 192.0 -1.366 -1.217
9540 192.0 3.798 -3.681
9550 192.0 2.094 -2.901
9560 192.0 3.168 -4.258
9570 192.0 0.997 -1.548
9580 192.0 3.729 -3.038
9590 192.0 -0.140 -3.162
9600 192.0 2.878 -4.065
9610 192.0 4.460 -3.564
9620 192.0 1.127 -4.523
9630 192.0 0.238 -3.439
9640 192.0 2.371 -3.376
9650 192.0 1.821 -4.102
9500 194.0 -8.439 2.847
9510 194.0 -7.990 2.611
9520 194.0 -7.793 2.282
9530 194.0 -7.227 1.868
9540 194.0 -6.628 1.591
9550 194.0 -6.094 1.352
9560 194.0 -5.650 0.956
9570 194.0 -5.029 0.531
9580 194.0 -9.893 3.646
9590 194.0 -8.437 3.368
9600 194.0 -9.081 5.247
9610 194.0 -10.070 2.631
9620 194.0 -8.850 3.523
9630 194.0 -8.261 3.026
9640 194.0 -8.977 1.315
9650 194.0 -8.371 3.152
9660 194.0 -9.739 3.386
9670 194.0 -9.583 2.662
9680 194.0 -9.131 1.367
9690 194.0 -8.503 1.201
9500 195.0 -8.993 2.663
9510 195.0 -8.650 2.179
9520 195.0 -8.015 1.996
9530 195.0 -7.739 1.605
9540 195.0 -7.244 1.302
9550 195.0 -6.577 0.948
9560 195.0 -6.035 0.554
9570 195.0 -5.608 0.299
9580 195.0 -8.788 1.420
9590 195.0 -9.853 3.935
9600 195.0 -8.409 3.863
9610 195.0 -7.978 1.892
9620 195.0 -7.484 3.388
9630 195.0 -9.443 3.852
9640 195.0 -10.174 3.409
9650 195.0 -7.752 3.119
9660 195.0 -10.256 2.236
9670 195.0 -8.570 1.364
9680 195.0 -7.506 1.344
9690 195.0 -10.501 1.052
9500 196.0 2.280 -3.955
9510 196.0 1.875 -3.432
9520 196.0 1.430 -3.260
9530 196.0 0.603 -2.849
9540 196.0 0.503 -2.422
9550 196.0 -0.009 -2.074
9560 196.0 -0.623 -1.505
9570 196.0 -0.773 -1.196
9580 196.0 1.550 -4.170
9590 196.0 1.571 -3.712
9600 196.0 1.474 -4.735
9610 196.0 1.768 -3.579
9620 196.0 2.785 -2.878
9630 196.0 1.184 -4.823
9640 196.0 2.553 -2.996
9650 196.0 0.446 -3.903
9660 196.0 0.800 -4.481
9670 196.0 5.367 -4.805
9680 196.0 2.709 -4.120
9690 196.0 2.372 -4.350
9510 199.0 -2.326 2.960
9520 199.0 -2.429 2.989
9530 199.0 -2.468 2.767
9540 199.0 -2.569 2.670
9550 199.0 -2.756 2.721
9560 199.0 -2.834 2.506
9570 199.0 -2.968 2.329
9580 199.0 -3.174 2.439
9590 199.0 -2.667 2.592
9600 199.0 -3.974 3.181
9610 199.0 -1.237 4.273
9620 199.0 -2.281 1.096
9630 199.0 -2.412 5.236
9640 199.0 -2.404 1.705
9650 199.0 -0.484 3.016
9660 199.0 -2.003 2.085
9670 199.0 -3.265 3.763
9680 199.0 -2.609 2.577
9690 199.0 -2.449 3.782
9700 199.0 -4.314 3.667
9550 200.0 -9.336 3.143
9560 200.0 -8.969 3.011
9570 200.0 -8.550 2.618
9580 200.0 -8.232 2.220
9590 200.0 -7.619 1.996
9600 200.0 -7.118 1.699
9610 200.0 -6.637 1.392
9620 200.0 -6.205 1.189
9630 200.0 -7.543 3.389
9640 200.0 -8.294 3.211
9650 200.0 -6.931 3.799
9660 200.0 -8.522 3.366
9670 200.0 -9.527 1.913
9680 200.0 -8.837 2.549
9690 200.0 -9.737 2.482
9700 200.0 -10.366 2.683
9710 200.0 -8.290 2.744
9720 200.0 -9.151 2.918
9730 200.0 -10.294 4.079
9740 200.0 -9.205 3.910
9550 201.0 -9.943 2.511
9560 201.0 -9.300 2.140
9570 201.0 -8.967 2.120
9580 201.0 -8.745 1.702
9590 201.0 -8.118 1.280
9600 201.0 -7.837 1.288
9610 201.0 -6.841 0.681
9620 201.0 -6.861 0.656
9630 201.0 -9.583 2.527
9640 201.0 -11.631 2.608
9650 201.0 -9.180 3.121
9660 201.0 -10.533 3.563
9670 201.0 -8.466 3.091
9680 201.0 -10.771 3.314
9690 201.0 -9.194 3.236
9700 201.0 -10.062 3.291
9710 201.0 -8.019 2.726
9720 201.0 -10.728 1.394
9730 201.0 -10.785 3.728
9740 201.0 -7.826 2.798
9570 181.0 -5.239 4.109
9580 181.0 -5.276 4.437
9590 181.0 -5.466 4.103
9600 181.0 -5.112 4.235
9610 181.0 -5.222 4.345
9620 181.0 -5.078 4.221
9630 181.0 -5.349 4.315
9640 181.0 -5.129 4.241
9650 181.0 -6.821 5.135
9660 181.0 -4.370 4.933
9670 181.0 -6.881 2.759
9680 181.0 -6.789 4.125
9690 181.0 -7.390 3.048
9700 181.0 -5.501 5.586
9710 181.0 -2.817 4.139
9720 181.0 -5.348 4.044
9730 181.0 -6.324 3.756
9740 181.0 -6.044 4.496
9750 181.0 -5.160 4.211
9760 181.0 -5.019 3.779
9590 203.0 2.958 -2.883
9600 203.0 2.561 -2.740
9610 203.0 2.166 -2.430
9620 203.0 1.863 -2.166
9630 203.0 1.403 -1.963
9640 203.0 1.029 -1.530
9650 203.0 0.612 -1.291
9660 203.0 0.275 -1.122
9670 203.0 4.124 -3.131
9680 203.0 1.827 -3.528
9690 203.0 2.207 -4.056
9700 203.0 2.768 -3.360
9710 203.0 2.091 -2.742
9720 203.0 3.087 -2.956
9730 203.0 2.710 -2.775
9740 203.0 1.675 -3.415
9750 203.0 3.049 -2.296
9760 203.0 3.855 -3.850
9770 203.0 3.391 -2.761
9780 203.0 3.292 -2.127
9610 186.0 -0.458 1.408
9620 186.0 -0.386 1.150
9630 186.0 -0.524 1.443
9640 186.0 -0.579 1.435
9650 186.0 -0.462 1.414
9660 186.0 -0.607 1.386
9670 186.0 -0.435 1.335
9680 186.0 -0.542 1.357
9690 186.0 0.738 0.214
9700 186.0 -0.330 1.499
9710 186.0 -1.462 0.781
9720 186.0 -0.181 1.873
9730 186.0 -0.173 1.693
9740 186.0 -1.668 1.382
9750 186.0 -0.911 1.631
9760 186.0 1.725 1.707
9770 186.0 1.116 2.258
9780 186.0 -0.986 1.450
9790 186.0 -0.924 0.297
9800 186.0 -0.778 0.571
9610 204.0 -5.131 3.094
9620 204.0 -5.044 2.938
9630 204.0 -4.986 3.306
9640 204.0 -4.967 3.492
9650 204.0 -4.684 3.761
9660 204.0 -4.591 3.777
9670 204.0 -4.463 3.970
9680 204.0 -4.199 4.041
9690 204.0 -5.105 2.057
9700 204.0 -3.629 2.683
9710 204.0 -4.951 2.768
9720 204.0 -4.442 3.360
9730 204.0 -4.574 4.633
9740 204.0 -4.677 2.486
9750 204.0 -4.435 4.272
9760 204.0 -4.463 3.366
9770 204.0 -3.824 3.549
9780 204.0 -5.475 2.812
9790 204.0 -3.963 3.694
9800 204.0 -4.695 3.227
9660 206.0 2.724 -3.048
9670 206.0 2.434 -2.852
9680 206.0 2.087 -2.489
9690 206.0 1.625 -2.222
9700 206.0 1.070 -1.903
9710 206.0 0.532 -1.577
9720 206.0 0.059 -1.373
9730 206.0 -0.648 -0.907
9740 206.0 3.789 -2.108
9750 206.0 2.363 -4.165
9760 206.0 4.086 -3.232
9770 206.0 0.718 -3.403
9780 206.0 1.794 -2.539
9790 206.0 3.443 -2.903
9800 206.0 1.675 -2.682
9810 206.0 1.246 -3.773
9820 206.0 2.942 -2.761
9830 206.0 2.138 -2.859
9840 206.0 1.784 -2.776
9850 206.0 2.206 -2.469
9770 182.0 -5.276 4.305
9780 182.0 -5.397 4.194
9790 182.0 -5.334 4.332
9800 182.0 -5.250 4.382
9810 182.0 -5.309 4.381
9820 182.0 -5.188 4.369
9830 182.0 -5.169 4.126
9840 182.0 -5.174 4.212
9850 182.0 -4.176 4.785
9860 182.0 -6.879 3.860
9870 182.0 -6.329 5.202
9880 182.0 -4.463 4.159
9890 182.0 -5.525 5.136
9900 182.0 -6.387 4.701
9910 182.0 -3.744 4.720
9920 182.0 -6.193 4.378
9930 182.0 -4.934 4.442
9940 182.0 -6.242 3.594
9950 182.0 -4.725 5.818
9960 182.0 -5.027 4.738
10050 222.0 -0.247 1.207
10060 222.0 -0.422 1.496
10070 222.0 -0.580 1.307
10080 222.0 -0.694 1.447
10090 222.0 -0.582 1.605
10100 222.0 -0.402 1.468
10110 222.0 -0.427 1.530
10120 222.0 -0.469 1.362
10130 222.0 1.503 0.539
10140 222.0 -0.697 1.782
10150 222.0 -1.473 2.441
10160 222.0 -1.158 1.135
10170 222.0 -0.672 -0.377
10180 222.0 0.156 1.420
10190 222.0 0.063 -0.278
10200 222.0 0.834 2.165
10210 222.0 -0.433 1.143
10220 222.0 0.420 1.186
10230 222.0 -1.834 1.736
10240 222.0 0.320 2.396
10060 223.0 2.805 -3.156
10070 223.0 2.548 -3.021
10080 223.0 1.997 -2.937
10090 223.0 1.451 -2.567
10100 223.0 1.336 -2.606
10110 223.0 0.897 -2.597
10120 223.0 0.403 -2.236
10130 223.0 -0.006 -1.948
10140 223.0 3.201 -2.779
10150 223.0 1.679 -2.622
10160 223.0 3.475 -1.880
10170 223.0 2.506 -3.155
10180 223.0 3.504 -2.160
10190 223.0 5.812 -3.384
10200 223.0 0.805 -3.147
10210 223.0 4.147 -3.149
10220 223.0 2.718 -2.339
10230 223.0 2.534 -2.912
10240 223.0 3.683 -1.784
10250 223.0 2.426 -2.636
10070 224.0 3.235 -2.548
10080 224.0 3.130 -2.390
10090 224.0 2.648 -2.558
10100 224.0 2.265 -2.066
10110 224.0 2.021 -1.919
10120 224.0 1.359 -1.617
10130 224.0 1.066 -1.727
10140 224.0 0.628 -1.293
10150 224.0 3.723 -2.164
10160 224.0 3.148 -0.637
10170 224.0 2.252 -3.572
10180 224.0 2.673 -2.113
10190 224.0 3.780 -2.107
10200 224.0 3.633 -2.154
10210 224.0 2.933 -2.863
10220 224.0 2.835 -5.215
10230 224.0 2.506 -1.909
10240 224.0 2.578 -1.127
10250 224.0 4.325 -1.535
10260 224.0 2.282 -1.254
10080 226.0 -9.456 3.575
10090 226.0 -9.087 3.221
10100 226.0 -8.521 3.032
10110 226.0 -8.246 2.913
10120 226.0 -7.745 2.603
10130 226.0 -7.243 2.429
10140 226.0 -6.831 2.296
10150 226.0 -6.326 2.042
10160 226.0 -8.638 5.172
10170 226.0 -8.111 2.991
10180 226.0 -10.273 3.502
10190 226.0 -10.342 3.189
10200 226.0 -8.695 5.980
10210 226.0 -7.696 4.035
10220 226.0 -10.025 3.175
10230 226.0 -9.970 2.608
10240 226.0 -9.581 4.221
10250 226.0 -11.364 3.389
10260 226.0 -9.570 2.742
10270 226.0 -9.496 4.779
10110 227.0 2.514 -3.407
10120 227.0 1.968 -3.196
10130 227.0 1.368 -3.029
10140 227.0 0.996 -2.907
10150 227.0 0.577 -2.769
10160 227.0 0.173 -2.305
10170 227.0 -0.251 -2.108
10180 227.0 -0.698 -1.880
10190 227.0 2.068 -3.685
10200 227.0 2.076 -3.435
10210 227.0 2.947 -2.376
10220 227.0 2.180 -3.751
10230 227.0 1.442 -2.948
10240 227.0 2.152 -3.434
10250 227.0 1.964 -4.261
10260 227.0 1.314 -2.908
10270 227.0 1.894 -3.663
10280 227.0 1.264 -2.837
10290 227.0 1.510 -2.940
10300 227.0 2.369 -3.295
10260 230.0 -8.944 4.018
10270 230.0 -8.291 3.708
10280 230.0 -7.736 3.652
10290 230.0 -7.484 3.777
10300 230.0 -6.569 3.253
10310 230.0 -6.316 3.254
10320 230.0 -5.642 2.626
10330 230.0 -5.013 2.550
10340 230.0 -9.848 3.142
10350 230.0 -9.017 3.518
10360 230.0 -11.252 3.912
10370 230.0 -8.906 3.468
10380 230.0 -9.870 4.424
10390 230.0 -7.691 2.233
10400 230.0 -10.002 2.955
10410 230.0 -8.830 3.594
10420 230.0 -9.126 3.118
10430 230.0 -9.991 2.074
10440 230.0 -9.655 4.897
10450 230.0 -9.871 3.910
10260 231.0 -9.489 2.366
10270 231.0 -9.368 2.105
10280 231.0 -9.043 1.868
10290 231.0 -8.789 1.692
10300 231.0 -8.225 1.168
10310 231.0 -7.979 1.092
10320 231.0 -7.712 0.906
10330 231.0 -7.378 0.574
10340 231.0 -7.716 1.964
10350 231.0 -10.289 1.845
10360 231.0 -10.426 2.412
10370 231.0 -8.253 1.933
10380 231.0 -11.506 1.480
10390 231.0 -9.462 2.419
10400 231.0 -9.000 2.028
10410 231.0 -9.512 1.675
10420 231.0 -9.293 2.382
10430 231.0 -10.815 2.408
10440 231.0 -9.828 3.794
10450 231.0 -8.336 1.836
10260 232.0 -10.297 2.043
10270 232.0 -9.924 1.939
10280 232.0 -9.842 1.804
10290 232.0 -9.308 1.363
10300 232.0 -9.038 1.119
10310 232.0 -8.531 0.835
10320 232.0 -8.278 0.459
10330 232.0 -8.334 0.328
10340 232.0 -10.244 2.177
10350 232.0 -10.994 3.144
10360 232.0 -10.231 -0.187
10370 232.0 -10.641 2.881
10380 232.0 -9.034 1.083
10390 232.0 -9.754 2.900
10400 232.0 -11.192 0.959
10410 232.0 -10.892 2.191
10420 232.0 -11.348 3.060
10430 232.0 -11.808 0.993
10440 232.0 -10.845 2.024
10450 232.0 -9.190 1.174
10260 233.0 -5.350 4.193
10270 233.0 -5.341 4.249
10280 233.0 -5.231 4.573
10290 233.0 -5.273 4.426
10300 233.0 -5.341 4.413
10310 233.0 -5.335 4.197
10320 233.0 -5.328 4.370
10330 233.0 -5.449 4.231
10340 233.0 -6.687 4.407
10350 233.0 -4.870 2.728
10360 233.0 -5.479 3.360
10370 233.0 -4.404 3.435
10380 233.0 -6.310 4.502
10390 233.0 -5.186 4.347
10400 233.0 -5.742 4.568
10410 233.0 -2.912 5.416
10420 233.0 -5.660 5.095
10430 233.0 -5.348 4.045
10440 233.0 -6.721 3.860
10450 233.0 -4.801 4.279
10370 235.0 -10.201 1.087
10380 235.0 -9.717 1.113
10390 235.0 -9.583 0.788
10400 235.0 -9.015 0.476
10410 235.0 -8.817 0.514
10420 235.0 -8.436 0.516
10430 235.0 -8.156 0.067
10440 235.0 -7.774 0.182
10450 235.0 -9.980 0.931
10460 235.0 -9.220 0.848
10470 235.0 -9.591 1.982
10480 235.0 -11.598 0.645
10490 235.0 -10.043 1.085
10500 235.0 -10.822 0.231
10510 235.0 -7.994 0.196
10520 235.0 -10.862 0.642
10530 235.0 -10.826 1.392
10540 235.0 -11.406 1.029
10550 235.0 -10.982 1.038
10560 235.0 -10.458 0.893
10370 236.0 -9.963 1.812
10380 236.0 -9.434 1.576
10390 236.0 -9.327 1.493
10400 236.0 -8.963 1.354
10410 236.0 -8.687 1.132
10420 236.0 -8.238 0.953
10430 236.0 -7.944 0.950
10440 236.0 -7.532 0.408
10450 236.0 -10.327 2.956
10460 236.0 -9.480 2.656
10470 236.0 -9.839 2.265
10480 236.0 -9.069 2.228
10490 236.0 -10.283 1.641
10500 236.0 -11.474 1.265
10510 236.0 -10.988 1.802
10520 236.0 -8.197 1.531
10530 236.0 -9.195 3.002
10540 236.0 -10.968 1.927
10550 236.0 -8.904 2.589
10560 236.0 -9.496 0.865
10520 240.0 -9.496 1.692
10530 240.0 -8.895 1.486
10540 240.0 -8.223 1.088
10550 240.0 -7.614 1.128
10560 240.0 -7.281 0.477
10570 240.0 -6.581 0.489
10580 240.0 -5.953 0.135
10590 240.0 -5.373 -0.228
10600 240.0 -9.054 2.928
10610 240.0 -8.257 1.250
10620 240.0 -10.386 2.216
10630 240.0 -9.821 0.729
10640 240.0 -10.528 1.457
10650 240.0 -9.027 -0.369
10660 240.0 -10.919 2.246
10670 240.0 -9.119 1.858
10680 240.0 -8.502 2.047
10690 240.0 -9.943 0.556
10700 240.0 -9.088 -0.033
10710 240.0 -10.567 0.428
10710 254.0 -9.980 2.422
10720 254.0 -9.333 2.239
10730 254.0 -8.804 2.010
10740 254.0 -8.191 1.461
10750 254.0 -7.716 1.227
10760 254.0 -7.040 0.876
10770 254.0 -6.487 0.538
10780 254.0 -6.010 0.264
10790 254.0 -11.728 2.450
10800 254.0 -11.149 2.688
10810 254.0 -10.179 2.853
10820 254.0 -7.866 3.105
10830 254.0 -10.733 1.875
10840 254.0 -11.305 1.401
10850 254.0 -8.675 1.829
10860 254.0 -10.707 2.254
10870 254.0 -11.531 3.420
10880 254.0 -10.675 3.820
10890 254.0 -10.042 2.243
10900 254.0 -9.340 2.644
10850 259.0 0.715 -4.263
10860 259.0 0.355 -4.216
10870 259.0 -0.057 -3.971
10880 259.0 -0.687 -3.535
10890 259.0 -1.308 -3.525
10900 259.0 -1.315 -3.231
10910 259.0 -2.134 -2.872
10920 259.0 -2.542 -2.613
10930 259.0 0.569 -3.808
10940 259.0 -0.894 -3.687
10950 259.0 1.387 -3.951
10960 259.0 0.587 -3.418
10970 259.0 1.031 -3.736
10980 259.0 1.664 -6.319
10990 259.0 0.420 -4.848
11000 259.0 0.792 -6.074
11010 259.0 1.300 -4.184
11020 259.0 0.976 -4.877
11030 259.0 0.528 -5.216
11040 259.0 0.868 -4.661
10900 261.0 2.816 -3.067
10910 261.0 2.125 -2.878
10920 261.0 1.555 -2.569
10930 261.0 1.137 -2.424
10940 261.0 0.437 -2.124
10950 261.0 -0.186 -1.997
10960 261.0 -0.766 -1.875
10970 261.0 -1.298 -1.670
10980 261.0 2.694 -3.669
10990 261.0 4.069 -3.307
11000 261.0 0.438 -1.993
11010 261.0 2.958 -2.768
11020 261.0 3.658 -4.854
11030 261.0 2.035 -3.870
11040 261.0 1.715 -2.918
11050 261.0 2.837 -3.487
11060 261.0 0.882 -4.734
11070 261.0 2.276 -2.741
11080 261.0 2.404 -2.434
11090 261.0 1.835 -2.419
11000 262.0 -9.910 1.859
11010 262.0 -9.443 1.429
11020 262.0 -9.045 1.031
11030 262.0 -8.253 0.875
11040 262.0 -7.874 0.633
11050 262.0 -7.310 0.305
11060 262.0 -6.673 -0.051
11070 262.0 -5.929 -0.110
11080 262.0 -10.098 2.545
11090 262.0 -9.860 0.615
11100 262.0 -9.025 2.441
11110 262.0 -8.650 1.678
11120 262.0 -9.415 2.683
11130 262.0 -7.038 1.565
11140 262.0 -10.208 1.982
11150 262.0 -9.857 0.867
11160 262.0 -10.102 0.999
11170 262.0 -10.927 1.786
11180 262.0 -10.671 2.513
11190 262.0 -8.594 2.597
11010 263.0 -9.386 4.100
11020 263.0 -8.897 3.709
11030 263.0 -8.378 3.386
11040 263.0 -7.827 2.897
11050 263.0 -7.199 2.658
11060 263.0 -6.633 2.319
11070 263.0 -6.080 1.822
11080 263.0 -5.548 1.413
11090 263.0 -8.112 4.372
11100 263.0 -10.335 4.308
11110 263.0 -10.644 3.585
11120 263.0 -9.626 3.218
11130 263.0 -10.929 4.145
11140 263.0 -10.511 5.196
11150 263.0 -8.543 3.314
11160 263.0 -8.972 5.080
11170 263.0 -8.938 4.970
11180 263.0 -8.270 7.074
11190 263.0 -10.647 4.272
11200 263.0 -10.313 4.661
11150 264.0 2.182 -3.222
11160 264.0 1.416 -3.037
11170 264.0 0.811 -2.438
11180 264.0 0.601 -2.315
11190 264.0 0.183 -1.820
11200 264.0 -0.308 -1.611
11210 264.0 -0.883 -1.025
11220 264.0 -1.591 -0.745
11230 264.0 2.226 -2.398
11240 264.0 -0.616 -3.890
11250 264.0 2.796 -3.987
11260 264.0 1.711 -3.033
11270 264.0 3.586 -2.599
11280 264.0 0.760 -3.588
11290 264.0 3.331 -3.487
11300 264.0 2.031 -4.137
11310 264.0 -0.396 -2.025
11320 264.0 3.590 -3.639
11330 264.0 2.700 -5.167
11340 264.0 3.445 -3.440
11350 265.0 1.977 -2.164
11360 265.0 1.789 -1.985
11370 265.0 1.178 -1.739
11380 265.0 0.647 -1.448
11390 265.0 0.386 -1.156
11400 265.0 -0.102 -0.842
11410 265.0 -0.549 -0.759
11420 265.0 -0.969 -0.263
11430 265.0 3.838 -1.735
11440 265.0 1.701 -3.067
11450 265.0 1.929 -3.680
11460 265.0 2.257 -3.546
11470 265.0 3.123 -1.881
11480 265.0 1.487 -0.656
11490 265.0 2.686 -3.360
11500 265.0 1.597 -1.303
11510 265.0 3.576 -2.853
11520 265.0 1.634 -1.593
11530 265.0 2.478 -2.762
11540 265.0 2.865 -0.584
11350 266.0 2.360 -0.409
11360 266.0 2.451 -0.509
11370 266.0 2.568 -0.476
11380 266.0 2.447 -0.485
11390 266.0 2.516 -0.442
11400 266.0 2.587 -0.565
11410 266.0 2.472 -0.502
11420 266.0 2.464 -0.536
11430 266.0 1.782 0.413
11440 266.0 0.413 -0.473
11450 266.0 1.603 0.119
11460 266.0 2.518 -1.435
11470 266.0 2.526 -1.320
11480 266.0 3.202 -0.598
11490 266.0 2.653 0.558
11500 266.0 2.342 0.088
11510 266.0 1.147 0.243
11520 266.0 3.606 0.751
11530 266.0 2.639 -0.957
11540 266.0 3.113 -0.125
11770 277.0 1.422 -0.956
11780 277.0 0.981 -0.727
11790 277.0 0.331 -0.221
11800 277.0 -0.303 -0.206
11810 277.0 -0.632 0.266
11820 277.0 -1.127 0.557
11830 277.0 -1.535 0.802
11840 277.0 -2.046 0.913
11850 277.0 1.769 -0.713
11860 277.0 2.180 -1.280
11870 277.0 2.606 -1.600
11880 277.0 2.178 -1.255
11890 277.0 2.240 -0.740
11900 277.0 0.103 -0.293
11910 277.0 2.179 -0.918
11920 277.0 1.787 0.148
11930 277.0 2.067 0.067
11940 277.0 -1.968 -0.896
11950 277.0 1.608 0.251
11960 277.0 1.108 -0.436
11770 278.0 2.825 -3.149
11780 278.0 2.436 -2.754
11790 278.0 1.793 -2.513
11800 278.0 1.325 -2.183
11810 278.0 0.491 -1.887
11820 278.0 0.273 -1.510
11830 278.0 -0.375 -1.138
11840 278.0 -1.021 -0.749
11850 278.0 2.905 -2.171
11860 278.0 3.558 -2.510
11870 278.0 2.421 -3.275
11880 278.0 2.178 -3.140
11890 278.0 3.693 -3.086
11900 278.0 3.491 -2.658
11910 278.0 2.081 -2.058
11920 278.0 5.899 -3.891
11930 278.0 1.744 -3.675
11940 278.0 3.578 -0.397
11950 278.0 2.595 -2.673
11960 278.0 4.116 -4.233
11790 282.0 -9.209 1.373
11800 282.0 -8.782 1.167
11810 282.0 -8.305 0.718
11820 282.0 -7.699 0.309
11830 282.0 -7.144 -0.117
11840 282.0 -6.611 -0.456
11850 282.0 -6.115 -0.829
11860 282.0 -5.603 -0.879
11870 282.0 -10.718 2.281
11880 282.0 -10.582 2.203
11890 282.0 -9.300 -0.314
11900 282.0 -9.418 1.089
11910 282.0 -7.841 1.100
11920 282.0 -9.017 1.061
11930 282.0 -8.173 1.233
11940 282.0 -8.764 1.168
11950 282.0 -8.231 2.421
11960 282.0 -9.643 2.215
11970 282.0 -9.196 1.967
11980 282.0 -8.578 0.898
12450 288.0 -7.901 0.980
12460 288.0 -7.363 0.754
12470 288.0 -6.858 0.330
12480 288.0 -6.204 0.282
12490 288.0 -5.594 -0.053
12500 288.0 -4.918 -0.390
12510 288.0 -4.321 -0.762
12520 288.0 -3.700 -0.873
12530 288.0 -7.768 1.411
12540 288.0 -6.735 0.491
12550 288.0 -7.569 1.539
12560 288.0 -5.671 -1.127
12570 288.0 -9.354 3.099
12580 288.0 -7.985 0.343
12590 288.0 -7.499 1.172
12600 288.0 -10.098 0.905
12610 288.0 -6.715 1.155
12620 288.0 -8.648 1.529
12630 288.0 -7.938 1.677
12640 288.0 -7.936 -0.338
12480 289.0 -7.645 0.973
12490 289.0 -7.080 0.557
12500 289.0 -6.518 0.512
12510 289.0 -5.924 0.203
12520 289.0 -5.425 -0.104
12530 289.0 -4.770 -0.391
12540 289.0 -4.142 -0.537
12550 289.0 -3.649 -0.546
12560 289.0 -9.021 2.293
12570 289.0 -7.699 1.402
12580 289.0 -8.195 2.411
12590 289.0 -8.517 0.424
12600 289.0 -8.623 0.812
12610 289.0 -9.055 2.300
12620 289.0 -6.117 1.543
12630 289.0 -6.119 1.524
12640 289.0 -6.840 1.079
12650 289.0 -7.350 -2.039
12660 289.0 -9.379 -1.106
12670 289.0 -8.147 -0.123
12520 292.0 2.250 -0.559
12530 292.0 2.447 -0.311
12540 292.0 2.393 -0.534
12550 292.0 2.402 -0.364
12560 292.0 2.491 -0.381
12570 292.0 2.619 -0.520
12580 292.0 2.421 -0.489
12590 292.0 2.434 -0.446
12600 292.0 1.732 -0.692
12610 292.0 2.397 -0.693
12620 292.0 0.665 0.007
12630 292.0 3.399 -1.975
12640 292.0 2.256 -0.706
12650 292.0 1.644 -0.621
12660 292.0 3.173 -0.559
12670 292.0 2.488 0.097
12680 292.0 2.239 -0.903
12690 292.0 1.516 -0.181
12700 292.0 0.682 -0.670
12710 292.0 1.810 -0.821
12520 293.0 3.904 -1.370
12530 293.0 3.888 -1.449
12540 293.0 3.895 -1.355
12550 293.0 3.891 -1.344
12560 293.0 3.830 -1.297
12570 293.0 3.938 -1.326
12580 293.0 3.986 -1.248
12590 293.0 3.885 -1.418
12600 293.0 3.986 -2.875
12610 293.0 3.593 -1.587
12620 293.0 4.221 -0.007
12630 293.0 5.029 -2.084
12640 293.0 4.760 -0.751
12650 293.0 3.953 -1.764
12660 293.0 2.749 -0.325
12670 293.0 3.452 -1.463
12680 293.0 4.610 -2.131
12690 293.0 3.336 -1.001
12700 293.0 6.127 -1.639
12710 293.0 2.012 -2.380
12520 294.0 4.114 -1.682
12530 294.0 3.680 -1.683
12540 294.0 3.520 -1.561
12550 294.0 3.746 -1.636
12560 294.0 3.642 -1.473
12570 294.0 3.741 -1.642
12580 294.0 3.689 -1.651
12590 294.0 3.854 -1.732
12600 294.0 2.740 -2.715
12610 294.0 4.448 -1.915
12620 294.0 4.986 -2.915
12630 294.0 3.756 -4.041
12640 294.0 3.556 -1.904
12650 294.0 3.441 -0.545
12660 294.0 3.739 -1.555
12670 294.0 4.035 -3.901
12680 294.0 5.906 -2.015
12690 294.0 3.553 -0.195
12700 294.0 2.920 -1.950
12710 294.0 3.902 -0.930
12700 296.0 2.120 -2.632
12710 296.0 1.682 -2.417
12720 296.0 1.096 -2.118
12730 296.0 0.526 -1.615
12740 296.0 0.105 -1.381
12750 296.0 -0.666 -0.921
12760 296.0 -1.108 -0.583
12770 296.0 -1.486 -0.238
12780 296.0 3.203 -2.594
12790 296.0 1.901 -3.093
12800 296.0 2.425 -1.982
12810 296.0 1.977 -3.027
12820 296.0 1.112 -2.432
12830 296.0 2.728 -2.652
12840 296.0 3.682 -1.961
12850 296.0 3.192 -2.758
12860 296.0 1.157 -3.005
12870 296.0 2.674 -2.395
12880 296.0 1.734 -1.962
12890 296.0 2.037 -2.066
12700 297.0 2.039 -3.216
12710 297.0 1.441 -2.926
12720 297.0 0.955 -2.515
12730 297.0 0.446 -2.062
12740 297.0 -0.294 -1.831
12750 297.0 -0.992 -1.519
12760 297.0 -1.322 -1.091
12770 297.0 -1.933 -0.865
12780 297.0 1.968 -3.059
12790 297.0 3.125 -1.747
12800 297.0 2.169 -3.449
12810 297.0 1.423 -3.103
12820 297.0 2.450 -1.443
12830 297.0 0.159 -2.146
12840 297.0 2.819 -1.748
12850 297.0 0.860 -3.804
12860 297.0 3.053 -2.709
12870 297.0 2.215 -3.231
12880 297.0 0.700 -3.620
12890 297.0 1.551 -3.004
12900 303.0 1.290 1.722
12910 303.0 1.008 1.648
12920 303.0 0.672 1.675
12930 303.0 0.387 1.653
12940 303.0 0.323 1.509
12950 303.0 0.173 1.404
12960 303.0 0.178 1.285
12970 303.0 0.242 1.058
12980 303.0 1.021 1.631
12990 303.0 1.769 0.887
13000 303.0 2.379 2.224
13010 303.0 1.190 1.302
13020 303.0 0.993 0.725
13030 303.0 2.515 3.548
13040 303.0 1.396 1.628
13050 303.0 2.353 2.162
13060 303.0 0.675 1.422
13070 303.0 1.156 1.990
13080 303.0 0.644 1.471
13090 303.0 2.048 2.170
12980 305.0 2.062 -3.639
12990 305.0 1.509 -3.407
13000 305.0 1.029 -3.398
13010 305.0 0.363 -3.024
13020 305.0 -0.018 -2.739
13030 305.0 -0.700 -2.482
13040 305.0 -1.175 -2.195
13050 305.0 -1.934 -2.113
13060 305.0 1.230 -5.623
13070 305.0 1.606 -3.769
13080 305.0 0.274 -2.636
13090 305.0 0.949 -2.926
13100 305.0 -0.373 -2.849
13110 305.0 1.840 -4.619
13120 305.0 2.739 -4.028
13130 305.0 2.770 -4.491
13140 305.0 2.480 -4.091
13150 305.0 0.707 -3.698
13160 305.0 2.193 -4.412
13170 305.0 1.782 -3.359
13010 306.0 2.341 -2.606
13020 306.0 1.661 -2.366
13030 306.0 1.301 -2.091
13040 306.0 0.607 -1.849
13050 306.0 0.383 -1.683
13060 306.0 -0.031 -1.181
13070 306.0 -0.355 -0.720
13080 306.0 -0.799 -0.586
13090 306.0 3.451 -1.406
13100 306.0 1.988 -2.293
13110 306.0 2.275 -2.057
13120 306.0 2.426 -2.589
13130 306.0 2.283 -3.404
13140 306.0 1.316 -3.733
13150 306.0 4.464 -3.701
13160 306.0 3.024 -2.757
13170 306.0 3.545 -5.207
13180 306.0 3.448 -0.950
13190 306.0 2.364 -4.931
13200 306.0 2.939 -2.662
13060 307.0 -8.807 2.006
13070 307.0 -8.350 1.904
13080 307.0 -7.931 1.647
13090 307.0 -7.460 1.416
13100 307.0 -6.908 1.258
13110 307.0 -6.619 1.024
13120 307.0 -6.155 0.628
13130 307.0 -5.916 0.425
13140 307.0 -7.867 2.469
13150 307.0 -7.558 2.633
13160 307.0 -9.914 2.587
13170 307.0 -8.539 0.789
13180 307.0 -8.928 1.373
13190 307.0 -8.715 1.165
13200 307.0 -10.302 1.866
13210 307.0 -8.768 2.674
13220 307.0 -9.295 3.306
13230 307.0 -8.102 2.075
13240 307.0 -8.794 2.338
13250 307.0 -7.359 2.196
13100 304.0 0.378 1.239
13110 304.0 0.318 1.167
13120 304.0 0.441 1.150
13130 304.0 0.226 1.227
13140 304.0 0.363 1.240
13150 304.0 0.605 1.160
13160 304.0 0.406 1.043
13170 304.0 0.290 1.072
13180 304.0 0.654 0.863
13190 304.0 1.406 -0.034
13200 304.0 -0.829 2.010
13210 304.0 -0.727 2.391
13220 304.0 0.391 0.351
13230 304.0 0.215 -0.174
13240 304.0 -0.693 3.308
13250 304.0 2.138 0.932
13260 304.0 1.952 1.394
13270 304.0 -1.011 2.020
13280 304.0 0.893 1.100
13290 304.0 0.878 0.816
13130 309.0 -5.093 4.787
13140 309.0 -5.112 4.564
13150 309.0 -4.968 4.749
13160 309.0 -5.017 4.739
13170 309.0 -4.972 4.833
13180 309.0 -5.088 4.784
13190 309.0 -5.045 4.636
13200 309.0 -4.899 4.689
13210 309.0 -2.600 3.518
13220 309.0 -5.659 5.777
13230 309.0 -4.615 4.684
13240 309.0 -5.978 4.249
13250 309.0 -6.639 4.598
13260 309.0 -5.061 3.227
13270 309.0 -4.675 5.649
13280 309.0 -5.192 3.773
13290 309.0 -3.374 5.115
13300 309.0 -4.062 4.855
13310 309.0 -5.962 5.148
13320 309.0 -5.920 4.585
13130 310.0 -6.413 5.467
13140 310.0 -6.415 5.339
13150 310.0 -6.552 5.459
13160 310.0 -6.187 5.443
13170 310.0 -6.424 5.266
13180 310.0 -6.286 5.424
13190 310.0 -6.353 5.288
13200 310.0 -6.565 5.156
13210 310.0 -6.014 5.244
13220 310.0 -5.857 7.054
13230 310.0 -7.663 5.567
13240 310.0 -5.132 6.004
13250 310.0 -6.894 4.725
13260 310.0 -7.072 4.551
13270 310.0 -6.351 5.267
13280 310.0 -5.106 5.577
13290 310.0 -7.969 5.481
13300 310.0 -7.638 4.571
13310 310.0 -5.716 5.838
13320 310.0 -7.294 5.882
13130 311.0 -1.554 2.440
13140 311.0 -1.574 2.481
13150 311.0 -1.597 2.411
13160 311.0 -1.769 2.442
13170 311.0 -1.663 2.402
13180 311.0 -1.862 2.727
13190 311.0 -1.567 2.441
13200 311.0 -1.689 2.468
13210 311.0 -1.412 1.683
13220 311.0 -1.888 1.186
13230 311.0 -3.877 4.249
13240 311.0 -1.300 2.545
13250 311.0 -1.963 2.758
13260 311.0 -1.094 2.599
13270 311.0 0.926 1.515
13280 311.0 0.033 1.924
13290 311.0 -2.574 1.698
13300 311.0 -1.092 1.338
13310 311.0 -2.621 3.598
13320 311.0 -1.261 2.471
13130 313.0 3.090 -1.182
13140 313.0 3.257 -1.306
13150 313.0 3.279 -1.237
13160 313.0 3.194 -1.050
13170 313.0 3.248 -1.201
13180 313.0 3.153 -1.521
13190 313.0 3.399 -1.318
13200 313.0 3.279 -0.951
13210 313.0 1.687 -0.575
13220 313.0 2.318 -2.160
13230 313.0 3.743 -0.033
13240 313.0 4.809 -0.953
13250 313.0 4.766 -0.499
13260 313.0 3.300 -0.942
13270 313.0 2.262 -0.998
13280 313.0 4.324 -1.351
13290 313.0 3.291 -1.137
13300 313.0 3.555 -1.709
13310 313.0 3.192 -0.940
13320 313.0 1.588 -3.181
13170 315.0 -9.223 4.084
13180 315.0 -8.932 3.831
13190 315.0 -8.286 3.628
13200 315.0 -7.793 3.519
13210 315.0 -7.466 3.442
13220 315.0 -7.205 3.239
13230 315.0 -6.641 2.936
13240 315.0 -6.345 2.779
13250 315.0 -9.981 4.055
13260 315.0 -8.575 3.257
13270 315.0 -8.498 4.971
13280 315.0 -8.380 6.609
13290 315.0 -10.641 4.210
13300 315.0 -9.472 4.211
13310 315.0 -9.702 5.061
13320 315.0 -9.374 4.082
13330 315.0 -9.592 3.255
13340 315.0 -9.167 4.247
13350 315.0 -8.937 5.178
13360 315.0 -7.774 3.294
13170 316.0 2.262 -3.195
13180 316.0 1.718 -2.922
13190 316.0 1.021 -2.506
13200 316.0 0.395 -2.213
13210 316.0 -0.087 -1.808
13220 316.0 -0.426 -1.423
13230 316.0 -1.097 -1.123
13240 316.0 -1.751 -0.419
13250 316.0 3.392 -3.370
13260 316.0 1.689 -2.500
13270 316.0 3.073 -1.698
13280 316.0 3.112 -3.850
13290 316.0 2.948 -2.322
13300 316.0 1.663 -3.261
13310 316.0 2.516 -4.069
13320 316.0 2.433 -4.103
13330 316.0 0.952 -2.520
13340 316.0 4.998 -3.931
13350 316.0 2.386 -2.915
13360 316.0 2.846 -3.613
13180 317.0 -8.827 4.154
13190 317.0 -8.529 4.100
13200 317.0 -7.711 4.008
13210 317.0 -7.445 3.686
13220 317.0 -7.094 3.924
13230 317.0 -6.511 3.430
13240 317.0 -6.420 3.248
13250 317.0 -5.905 3.158
13260 317.0 -9.872 4.532
13270 317.0 -10.375 3.740
13280 317.0 -7.788 3.632
13290 317.0 -8.760 3.753
13300 317.0 -7.203 4.648
13310 317.0 -9.658 4.493
13320 317.0 -9.007 5.063
13330 317.0 -9.004 4.741
13340 317.0 -8.922 4.061
13350 317.0 -9.547 3.826
13360 317.0 -7.696 5.243
13370 317.0 -8.757 5.150
14340 333.0 -4.410 1.906
14350 333.0 -4.125 2.227
14360 333.0 -4.159 1.875
14370 333.0 -3.995 1.935
14380 333.0 -3.341 2.047
14390 333.0 -3.296 1.885
14400 333.0 -2.663 1.985
14410 333.0 -2.694 2.257
14420 333.0 -5.080 2.041
14430 333.0 -5.444 1.405
14440 333.0 -4.802 0.095
14450 333.0 -3.545 2.328
14460 333.0 -3.797 2.647
14470 333.0 -4.840 2.022
14480 333.0 -3.498 2.816
14490 333.0 -4.202 1.852
14500 333.0 -5.456 2.108
14510 333.0 -4.573 1.789
14520 333.0 -3.560 0.020
14530 333.0 -2.096 1.881
14340 334.0 0.601 -1.171
14350 334.0 0.283 -1.069
14360 334.0 -0.384 -0.721
14370 334.0 -0.866 -0.434
14380 334.0 -1.381 -0.429
14390 334.0 -2.046 0.134
14400 334.0 -2.402 0.298
14410 334.0 -3.096 0.603
14420 334.0 -0.744 -1.196
14430 334.0 0.627 -2.305
14440 334.0 1.398 -1.875
14450 334.0 1.027 -0.791
14460 334.0 1.201 -0.404
14470 334.0 -0.435 -0.845
14480 334.0 2.681 -1.939
14490 334.0 0.148 -1.194
14500 334.0 1.758 -1.547
14510 334.0 0.964 -1.549
14520 334.0 0.393 -1.937
14530 334.0 0.960 -1.517
14950 344.0 2.382 -3.714
14960 344.0 2.238 -3.146
14970 344.0 1.863 -3.258
14980 344.0 1.627 -3.160
14990 344.0 1.177 -2.718
15000 344.0 0.676 -2.374
15010 344.0 0.639 -2.172
15020 344.0 0.113 -2.355
15030 344.0 0.430 -2.607
15040 344.0 2.625 -2.510
15050 344.0 3.847 -2.480
15060 344.0 3.501 -1.794
15070 344.0 2.558 -3.018
15080 344.0 2.661 -4.865
15090 344.0 1.610 -1.702
15100 344.0 1.749 -2.131
15110 344.0 1.466 -3.701
15120 344.0 1.617 -4.734
15130 344.0 3.778 -5.877
15140 344.0 3.397 -3.102
14960 345.0 -9.806 3.392
14970 345.0 -9.090 2.762
14980 345.0 -8.753 2.471
14990 345.0 -8.377 1.920
15000 345.0 -7.473 1.800
15010 345.0 -6.764 1.201
15020 345.0 -6.368 1.180
15030 345.0 -5.970 0.543
15040 345.0 -9.993 4.011
15050 345.0 -10.434 4.281
15060 345.0 -9.266 3.701
15070 345.0 -9.359 2.082
15080 345.0 -10.731 3.508
15090 345.0 -11.298 2.256
15100 345.0 -9.693 4.398
15110 345.0 -10.234 2.935
15120 345.0 -9.417 3.464
15130 345.0 -11.310 2.457
15140 345.0 -11.324 1.849
15150 345.0 -9.371 3.551
15820 356.0 -0.060 -0.611
15830 356.0 -0.386 -0.455
15840 356.0 -0.306 -0.490
15850 356.0 -0.193 -0.397
15860 356.0 -0.257 -0.451
15870 356.0 -0.454 -0.354
15880 356.0 -0.443 -0.367
15890 356.0 -0.388 -0.485
15900 356.0 0.469 -0.141
15910 356.0 0.851 -0.682
15920 356.0 -1.212 -0.176
15930 356.0 0.505 -0.393
15940 356.0 -1.580 -1.489
15950 356.0 -0.889 -0.279
15960 356.0 1.790 -2.804
15970 356.0 -0.607 -1.727
15980 356.0 -0.761 -1.225
15990 356.0 0.472 -1.014
16000 356.0 0.871 -0.669
16010 356.0 0.645 -0.749
15900 359.0 -10.174 2.716
15910 359.0 -9.618 2.529
15920 359.0 -9.059 2.240
15930 359.0 -8.574 1.856
15940 359.0 -8.282 1.718
15950 359.0 -7.525 1.261
15960 359.0 -7.093 1.083
15970 359.0 -6.566 0.826
15980 359.0 -10.038 2.572
15990 359.0 -12.537 2.340
16000 359.0 -8.952 3.243
16010 359.0 -9.680 2.751
16020 359.0 -9.520 2.043
16030 359.0 -9.623 3.172
16040 359.0 -10.812 2.445
16050 359.0 -11.008 3.663
16060 359.0 -10.267 2.876
16070 359.0 -10.662 2.681
16080 359.0 -10.445 2.441
16090 359.0 -10.059 3.432
15910 360.0 -10.070 1.884
15920 360.0 -9.815 1.421
15930 360.0 -9.325 1.023
15940 360.0 -8.880 1.026
15950 360.0 -8.405 0.887
15960 360.0 -8.006 0.389
15970 360.0 -7.270 0.118
15980 360.0 -6.990 0.063
15990 360.0 -8.965 0.907
16000 360.0 -8.629 1.582
16010 360.0 -9.907 2.598
16020 360.0 -10.759 2.243
16030 360.0 -8.763 2.275
16040 360.0 -8.915 3.227
16050 360.0 -9.795 2.292
16060 360.0 -9.805 0.734
16070 360.0 -10.200 1.794
16080 360.0 -9.702 1.411
16090 360.0 -10.873 1.408
16100 360.0 -10.240 2.525
15950 361.0 -5.406 3.803
15960 361.0 -5.283 4.018
15970 361.0 -5.534 4.386
15980 361.0 -5.389 4.006
15990 361.0 -5.441 4.233
16000 361.0 -5.420 4.288
16010 361.0 -5.535 4.314
16020 361.0 -5.620 4.122
16030 361.0 -5.701 4.521
16040 361.0 -6.475 3.329
16050 361.0 -4.925 2.884
16060 361.0 -7.199 3.128
16070 361.0 -5.041 3.650
16080 361.0 -6.308 4.219
16090 361.0 -5.286 3.867
16100 361.0 -7.199 3.755
16110 361.0 -4.930 3.187
16120 361.0 -6.683 3.211
16130 361.0 -5.384 4.757
16140 361.0 -5.625 4.616
16010 365.0 1.430 -2.730
16020 365.0 0.830 -2.509
16030 365.0 0.357 -2.200
16040 365.0 -0.156 -1.831
16050 365.0 -0.628 -1.490
16060 365.0 -0.917 -1.155
16070 365.0 -1.590 -1.047
16080 365.0 -2.332 -0.700
16090 365.0 1.719 -3.128
16100 365.0 0.944 -2.967
16110 365.0 2.333 -3.131
16120 365.0 1.973 -1.984
16130 365.0 1.910 -3.533
16140 365.0 1.196 -2.533
16150 365.0 2.559 -4.257
16160 365.0 1.888 -2.210
16170 365.0 2.234 -2.620
16180 365.0 1.895 -2.050
16190 365.0 -0.111 -3.894
16200 365.0 0.927 -2.270
16010 366.0 0.939 -3.124
16020 366.0 0.523 -2.915
16030 366.0 0.061 -2.637
16040 366.0 -0.459 -2.458
16050 366.0 -0.780 -2.225
16060 366.0 -1.302 -1.866
16070 366.0 -1.713 -1.506
16080 366.0 -2.414 -1.252
16090 366.0 0.489 -3.459
16100 366.0 2.756 -3.258
16110 366.0 0.535 -4.184
16120 366.0 -0.251 -2.771
16130 366.0 0.045 -3.223
16140 366.0 1.337 -2.804
16150 366.0 -0.619 -1.868
16160 366.0 0.804 -2.623
16170 366.0 0.168 -3.960
16180 366.0 0.102 -3.088
16190 366.0 0.650 -3.559
16200 366.0 1.259 -4.430
16020 357.0 -0.078 -0.509
16030 357.0 -0.042 -0.451
16040 357.0 -0.150 -0.389
16050 357.0 -0.153 -0.381
16060 357.0 -0.170 -0.463
16070 357.0 -0.169 -0.515
16080 357.0 -0.246 -0.410
16090 357.0 -0.272 -0.361
16100 357.0 -1.245 -0.786
16110 357.0 -0.601 1.229
16120 357.0 -0.029 0.785
16130 357.0 -0.145 -0.806
16140 357.0 -1.852 0.775
16150 357.0 -1.992 -0.513
16160 357.0 -1.601 -0.551
16170 357.0 -0.723 -0.071
16180 357.0 -2.298 1.079
16190 357.0 0.791 -1.580
16200 357.0 1.478 -0.178
16210 357.0 0.106 -1.889
16040 367.0 2.890 -2.892
16050 367.0 2.330 -2.942
16060 367.0 1.850 -2.732
16070 367.0 1.370 -2.436
16080 367.0 0.849 -2.398
16090 367.0 0.561 -2.045
16100 367.0 -0.209 -1.843
16110 367.0 -0.504 -1.803
16120 367.0 1.365 -2.463
16130 367.0 2.499 -3.328
16140 367.0 3.154 -2.661
16150 367.0 3.237 -3.805
16160 367.0 3.695 -3.159
16170 367.0 0.663 -4.387
16180 367.0 3.428 -2.773
16190 367.0 2.352 -1.368
16200 367.0 3.703 -3.664
16210 367.0 3.973 -3.521
16220 367.0 2.638 -3.420
16230 367.0 2.343 -2.779
16040 368.0 3.234 -2.667
16050 368.0 2.758 -2.433
16060 368.0 2.445 -2.127
16070 368.0 1.676 -1.921
16080 368.0 1.056 -1.712
16090 368.0 0.638 -1.515
16100 368.0 -0.078 -1.388
16110 368.0 -0.344 -1.037
16120 368.0 2.852 -4.045
16130 368.0 3.504 -1.382
16140 368.0 4.035 -2.490
16150 368.0 2.317 -1.462
16160 368.0 2.820 -3.553
16170 368.0 3.896 -2.116
16180 368.0 1.184 -3.288
16190 368.0 4.137 -1.692
16200 368.0 3.967 -3.453
16210 368.0 2.000 -2.425
16220 368.0 3.416 -1.480
16230 368.0 4.054 -2.580
16120 369.0 2.734 -0.936
16130 369.0 2.889 -0.866
16140 369.0 2.584 -0.876
16150 369.0 2.762 -0.944
16160 369.0 2.821 -0.828
16170 369.0 2.769 -0.892
16180 369.0 2.717 -0.878
16190 369.0 2.752 -0.912
16200 369.0 1.315 1.289
16210 369.0 3.964 -0.959
16220 369.0 2.823 -0.512
16230 369.0 2.054 -1.123
16240 369.0 3.294 -0.273
16250 369.0 3.834 -0.725
16260 369.0 2.488 0.010
16270 369.0 3.129 0.101
16280 369.0 3.712 -0.670
16290 369.0 2.073 -2.433
16300 369.0 3.568 -0.652
16310 369.0 3.270 -1.279
16120 372.0 2.973 -1.081
16130 372.0 3.217 -0.944
16140 372.0 3.425 -1.040
16150 372.0 2.977 -0.925
16160 372.0 3.215 -1.051
16170 372.0 3.152 -1.007
16180 372.0 3.112 -1.119
16190 372.0 3.248 -1.031
16200 372.0 2.450 -2.008
16210 372.0 4.926 -2.254
16220 372.0 4.137 -2.337
16230 372.0 2.524 -0.439
16240 372.0 1.638 -0.399
16250 372.0 1.522 0.538
16260 372.0 3.475 -0.034
16270 372.0 2.151 -2.957
16280 372.0 2.255 -0.461
16290 372.0 2.405 0.602
16300 372.0 4.417 0.436
16310 372.0 1.073 0.585
16150 362.0 -5.467 4.159
16160 362.0 -5.379 4.148
16170 362.0 -5.345 4.173
16180 362.0 -5.422 4.018
16190 362.0 -5.325 4.014
16200 362.0 -5.422 4.105
16210 362.0 -5.443 4.085
16220 362.0 -5.253 4.075
16230 362.0 -6.054 3.379
16240 362.0 -4.268 4.101
16250 362.0 -6.232 4.606
16260 362.0 -5.720 4.877
16270 362.0 -2.629 4.381
16280 362.0 -4.973 3.500
16290 362.0 -6.482 4.855
16300 362.0 -6.442 2.869
16310 362.0 -7.046 5.150
16320 362.0 -6.962 4.137
16330 362.0 -5.195 5.386
16340 362.0 -4.741 4.342
16160 375.0 1.916 -2.424
16170 375.0 1.318 -1.957
16180 375.0 0.910 -2.104
16190 375.0 0.547 -1.954
16200 375.0 0.137 -1.498
16210 375.0 -0.382 -1.244
16220 375.0 -0.878 -1.101
16230 375.0 -1.173 -0.885
16240 375.0 0.731 -2.604
16250 375.0 2.868 -2.260
16260 375.0 4.963 -2.804
16270 375.0 3.527 -2.090
16280 375.0 1.336 -2.414
16290 375.0 1.388 -2.696
16300 375.0 2.176 -3.037
16310 375.0 2.117 -3.912
16320 375.0 1.825 -1.386
16330 375.0 0.511 -1.636
16340 375.0 1.522 -2.466
16350 375.0 1.473 -2.298
16160 376.0 1.587 -3.051
16170 376.0 1.176 -2.767
16180 376.0 0.654 -2.529
16190 376.0 0.439 -2.445
16200 376.0 -0.119 -2.150
16210 376.0 -0.454 -2.005
16220 376.0 -1.014 -1.703
16230 376.0 -1.391 -1.358
16240 376.0 0.034 -3.410
16250 376.0 1.160 -2.755
16260 376.0 1.413 -2.903
16270 376.0 0.031 -2.528
16280 376.0 1.544 -2.766
16290 376.0 1.601 -2.255
16300 376.0 2.156 -2.010
16310 376.0 2.260 -3.709
16320 376.0 0.265 -3.715
16330 376.0 3.517 -3.366
16340 376.0 3.638 -1.793
16350 376.0 2.701 -3.561
16160 377.0 1.364 -3.547
16170 377.0 0.822 -3.230
16180 377.0 0.397 -3.265
16190 377.0 -0.146 -2.934
16200 377.0 -0.554 -2.365
16210 377.0 -1.001 -2.404
16220 377.0 -1.581 -1.924
16230 377.0 -1.905 -1.501
16240 377.0 1.133 -3.653
16250 377.0 2.117 -2.950
16260 377.0 2.845 -5.381
16270 377.0 -0.046 -5.155
16280 377.0 -1.459 -4.284
16290 377.0 2.060 -3.951
16300 377.0 0.952 -3.757
16310 377.0 1.731 -3.853
16320 377.0 2.747 -3.091
16330 377.0 1.888 -4.584
16340 377.0 1.514 -3.736
16350 377.0 0.789 -2.277
16170 378.0 -1.890 2.017
16180 378.0 -1.715 1.792
16190 378.0 -1.401 2.064
16200 378.0 -1.189 1.959
16210 378.0 -1.155 1.909
16220 378.0 -0.996 1.788
16230 378.0 -0.737 2.027
16240 378.0 -0.466 2.045
16250 378.0 -1.234 2.557
16260 378.0 -1.552 1.731
16270 378.0 -3.270 1.017
16280 378.0 -3.078 2.601
16290 378.0 -0.902 1.667
16300 378.0 -2.922 4.522
16310 378.0 0.347 0.439
16320 378.0 -0.561 2.770
16330 378.0 -2.410 3.044
16340 378.0 -1.233 1.073
16350 378.0 -3.992 2.725
16360 378.0 -3.563 1.873
16220 358.0 0.194 -0.319
16230 358.0 0.139 -0.359
16240 358.0 0.019 -0.304
16250 358.0 -0.014 -0.312
16260 358.0 -0.012 -0.121
16270 358.0 -0.054 -0.404
16280 358.0 -0.015 -0.350
16290 358.0 0.048 -0.340
16300 358.0 -0.473 -0.498
16310 358.0 0.738 0.169
16320 358.0 0.023 0.924
16330 358.0 -0.339 -1.939
16340 358.0 0.457 -1.501
16350 358.0 -0.332 -0.635
16360 358.0 1.198 -1.669
16370 358.0 -0.076 -1.506
16380 358.0 -0.627 0.374
16390 358.0 -0.292 -0.857
16400 358.0 -0.884 -0.502
16410 358.0 0.128 0.568
16250 380.0 2.239 -3.422
16260 380.0 1.837 -3.213
16270 380.0 1.423 -3.029
16280 380.0 0.951 -2.605
16290 380.0 0.006 -2.486
16300 380.0 -0.586 -2.273
16310 380.0 -0.949 -2.109
16320 380.0 -1.307 -1.956
16330 380.0 3.272 -2.851
16340 380.0 1.626 -3.937
16350 380.0 1.758 -3.951
16360 380.0 1.937 -3.364
16370 380.0 2.962 -3.302
16380 380.0 2.530 -2.976
16390 380.0 2.431 -4.762
16400 380.0 3.949 -4.289
16410 380.0 1.618 -3.677
16420 380.0 0.964 -2.713
16430 380.0 1.220 -4.736
16440 380.0 4.783 -2.117
16290 382.0 -10.291 2.107
16300 382.0 -10.018 2.180
16310 382.0 -9.745 1.949
16320 382.0 -9.376 1.662
16330 382.0 -9.131 1.201
16340 382.0 -8.614 0.994
16350 382.0 -8.173 0.805
16360 382.0 -7.803 0.572
16370 382.0 -10.384 0.726
16380 382.0 -9.882 3.842
16390 382.0 -10.052 2.464
16400 382.0 -10.220 2.052
16410 382.0 -9.432 4.079
16420 382.0 -8.033 1.496
16430 382.0 -10.271 0.921
16440 382.0 -10.600 2.056
16450 382.0 -11.756 2.325
16460 382.0 -10.595 1.407
16470 382.0 -10.285 3.174
16480 382.0 -10.430 0.535
16290 383.0 -10.969 1.704
16300 383.0 -10.414 1.527
16310 383.0 -9.983 1.040
16320 383.0 -9.677 1.139
16330 383.0 -9.372 0.863
16340 383.0 -9.113 0.666
16350 383.0 -8.489 0.547
16360 383.0 -8.188 0.314
16370 383.0 -11.411 2.416
16380 383.0 -9.768 1.992
16390 383.0 -10.135 1.521
16400 383.0 -10.974 1.995
16410 383.0 -11.892 2.950
16420 383.0 -11.216 0.389
16430 383.0 -10.801 2.066
16440 383.0 -10.897 3.089
16450 383.0 -12.312 2.551
16460 383.0 -12.469 0.841
16470 383.0 -11.011 0.957
16480 383.0 -11.065 0.264
16320 370.0 2.732 -0.917
16330 370.0 2.759 -0.938
16340 370.0 2.766 -1.010
16350 370.0 2.860 -0.806
16360 370.0 2.727 -0.915
16370 370.0 2.816 -0.785
16380 370.0 2.703 -0.814
16390 370.0 2.698 -0.874
16400 370.0 4.546 -2.436
16410 370.0 3.197 -0.038
16420 370.0 4.003 -1.281
16430 370.0 3.696 -1.362
16440 370.0 1.955 -0.262
16450 370.0 4.037 0.769
16460 370.0 2.708 -1.118
16470 370.0 2.619 -3.274
16480 370.0 2.828 -0.149
16490 370.0 3.597 -0.798
16500 370.0 -0.266 -0.651
16510 370.0 4.149 -0.915
16320 373.0 3.139 -1.213
16330 373.0 3.122 -1.262
16340 373.0 3.179 -1.088
16350 373.0 3.244 -1.213
16360 373.0 3.334 -1.023
16370 373.0 3.147 -1.192
16380 373.0 3.289 -1.074
16390 373.0 3.268 -0.863
16400 373.0 2.733 -2.404
16410 373.0 2.708 -0.678
16420 373.0 3.312 -2.583
16430 373.0 3.651 -0.573
16440 373.0 5.197 -0.837
16450 373.0 2.987 -1.165
16460 373.0 3.560 -2.985
16470 373.0 2.821 -1.265
16480 373.0 2.214 -1.703
16490 373.0 1.660 -0.151
16500 373.0 2.011 -0.386
16510 373.0 4.525 -1.595
16350 363.0 -5.437 3.789
16360 363.0 -5.535 3.986
16370 363.0 -5.586 3.967
16380 363.0 -5.493 3.860
16390 363.0 -5.457 3.988
16400 363.0 -5.446 4.044
16410 363.0 -5.584 4.011
16420 363.0 -5.502 4.058
16430 363.0 -3.360 3.481
16440 363.0 -5.464 3.121
16450 363.0 -5.057 3.475
16460 363.0 -5.181 4.148
16470 363.0 -6.980 4.727
16480 363.0 -4.345 4.199
16490 363.0 -6.920 2.351
16500 363.0 -6.095 2.321
16510 363.0 -3.548 3.892
16520 363.0 -4.086 3.361
16530 363.0 -4.148 5.101
16540 363.0 -6.788 1.071
16380 385.0 3.114 -2.744
16390 385.0 2.373 -2.631
16400 385.0 1.898 -2.563
16410 385.0 1.077 -2.144
16420 385.0 0.918 -2.011
16430 385.0 0.270 -1.530
16440 385.0 -0.467 -1.389
16450 385.0 -0.853 -0.941
16460 385.0 3.419 -2.650
16470 385.0 3.479 -2.657
16480 385.0 3.394 -2.653
16490 385.0 2.990 -2.199
16500 385.0 3.799 -2.156
16510 385.0 4.946 -2.955
16520 385.0 2.565 -2.119
16530 385.0 2.172 -2.322
16540 385.0 3.346 -3.198
16550 385.0 2.967 -1.637
16560 385.0 3.725 -3.166
16570 385.0 3.100 -3.602
16410 386.0 0.754 -4.333
16420 386.0 0.849 -3.932
16430 386.0 0.751 -3.993
16440 386.0 1.050 -3.773
16450 386.0 1.010 -3.733
16460 386.0 1.333 -3.669
16470 386.0 1.131 -3.847
16480 386.0 1.628 -3.572
16490 386.0 0.756 -5.113
16500 386.0 1.536 -5.674
16510 386.0 0.800 -3.509
16520 386.0 -0.932 -3.301
16530 386.0 -0.588 -3.372
16540 386.0 -0.575 -1.999
16550 386.0 0.523 -3.228
16560 386.0 -0.103 -5.744
16570 386.0 1.033 -6.126
16580 386.0 -0.287 -4.354
16590 386.0 0.808 -4.420
16600 386.0 0.468 -3.921
16480 388.0 -10.253 1.926
16490 388.0 -9.715 1.819
16500 388.0 -9.189 1.502
16510 388.0 -8.633 1.246
16520 388.0 -8.139 1.033
16530 388.0 -7.450 0.840
16540 388.0 -6.941 0.604
16550 388.0 -6.332 0.407
16560 388.0 -10.024 2.446
16570 388.0 -12.604 3.477
16580 388.0 -10.741 1.571
16590 388.0 -9.682 1.574
16600 388.0 -9.458 1.605
16610 388.0 -12.475 2.372
16620 388.0 -12.888 2.050
16630 388.0 -9.133 0.400
16640 388.0 -10.596 -0.803
16650 388.0 -10.595 1.109
16660 388.0 -13.424 1.670
16670 388.0 -8.774 1.909
16480 389.0 -10.715 1.659
16490 389.0 -10.268 1.356
16500 389.0 -9.812 1.047
16510 389.0 -9.098 0.894
16520 389.0 -8.668 0.435
16530 389.0 -8.028 0.264
16540 389.0 -7.331 0.125
16550 389.0 -6.921 -0.292
16560 389.0 -11.389 1.688
16570 389.0 -10.948 0.529
16580 389.0 -10.118 1.690
16590 389.0 -10.892 1.866
16600 389.0 -9.021 1.489
16610 389.0 -12.436 1.805
16620 389.0 -11.150 0.719
16630 389.0 -10.560 1.492
16640 389.0 -11.636 2.029
16650 389.0 -11.541 1.554
16660 389.0 -11.152 1.267
16670 389.0 -10.527 1.845
16520 371.0 2.672 -0.852
16530 371.0 2.645 -0.612
16540 371.0 2.586 -0.753
16550 371.0 2.586 -0.749
16560 371.0 2.674 -0.614
16570 371.0 2.503 -0.688
16580 371.0 2.680 -0.646
16590 371.0 2.704 -0.673
16600 371.0 4.596 1.179
16610 371.0 3.139 0.200
16620 371.0 1.291 -0.688
16630 371.0 2.624 -1.873
16640 371.0 2.288 -0.986
16650 371.0 1.727 -0.579
16660 371.0 2.080 -1.650
16670 371.0 2.444 0.169
16680 371.0 4.188 -2.383
16690 371.0 2.861 0.050
16700 371.0 2.438 0.064
16710 371.0 3.076 -1.281
16520 374.0 3.019 -1.197
16530 374.0 3.023 -1.035
16540 374.0 3.113 -1.138
16550 374.0 3.139 -1.106
16560 374.0 3.175 -1.093
16570 374.0 3.103 -1.188
16580 374.0 3.172 -1.142
16590 374.0 3.165 -1.028
16600 374.0 2.312 0.644
16610 374.0 5.644 -1.323
16620 374.0 2.355 -0.906
16630 374.0 4.823 -2.147
16640 374.0 3.967 -1.669
16650 374.0 4.285 0.252
16660 374.0 3.374 -0.144
16670 374.0 4.145 0.111
16680 374.0 3.784 -0.305
16690 374.0 2.721 -2.642
16700 374.0 1.673 -0.404
16710 374.0 3.118 -0.946
16550 364.0 -5.406 3.957
16560 364.0 -5.505 3.956
16570 364.0 -5.438 3.981
16580 364.0 -5.533 4.100
16590 364.0 -5.368 3.972
16600 364.0 -5.499 3.874
16610 364.0 -5.382 3.864
16620 364.0 -5.420 3.901
16630 364.0 -4.682 5.212
16640 364.0 -5.967 4.268
16650 364.0 -6.066 2.972
16660 364.0 -5.513 5.085
16670 364.0 -6.558 4.954
16680 364.0 -4.934 4.107
16690 364.0 -4.002 5.921
16700 364.0 -5.800 4.599
16710 364.0 -4.933 5.246
16720 364.0 -3.925 4.623
16730 364.0 -3.793 4.222
16740 364.0 -5.443 4.373
16570 391.0 -10.369 2.081
16580 391.0 -9.904 2.167
16590 391.0 -9.286 1.936
16600 391.0 -8.946 1.948
16610 391.0 -8.461 1.718
16620 391.0 -7.824 1.416
16630 391.0 -7.173 1.255
16640 391.0 -7.178 1.309
16650 391.0 -9.749 1.722
16660 391.0 -9.054 3.775
16670 391.0 -9.104 2.768
16680 391.0 -10.619 1.692
16690 391.0 -9.982 2.097
16700 391.0 -9.865 0.555
16710 391.0 -9.780 2.252
16720 391.0 -9.864 2.061
16730 391.0 -10.703 1.968
16740 391.0 -9.333 1.611
16750 391.0 -12.014 1.871
16760 391.0 -10.063 2.070
16590 392.0 -5.464 -1.319
16600 392.0 -5.433 -0.870
16610 392.0 -5.230 -0.630
16620 392.0 -5.015 -0.358
16630 392.0 -5.040 0.034
16640 392.0 -4.710 0.295
16650 392.0 -4.522 0.492
16660 392.0 -4.518 0.665
16670 392.0 -4.667 -0.675
16680 392.0 -4.658 -0.057
16690 392.0 -4.805 -2.160
16700 392.0 -5.044 -1.282
16710 392.0 -4.799 -1.905
16720 392.0 -6.503 -0.957
16730 392.0 -7.213 -1.313
16740 392.0 -8.095 -0.197
16750 392.0 -8.044 -0.589
16760 392.0 -6.077 -1.082
16770 392.0 -7.177 -0.086
16780 392.0 -2.892 -1.598
17620 412.0 1.868 -3.825
17630 412.0 1.098 -3.930
17640 412.0 0.771 -3.495
17650 412.0 0.295 -2.908
17660 412.0 -0.079 -2.478
17670 412.0 -0.772 -2.075
17680 412.0 -1.383 -1.856
17690 412.0 -1.546 -1.693
17700 412.0 2.407 -3.218
17710 412.0 0.498 -2.151
17720 412.0 3.177 -4.703
17730 412.0 1.891 -4.976
17740 412.0 1.731 -4.223
17750 412.0 0.780 -2.627
17760 412.0 2.474 -4.266
17770 412.0 3.038 -3.147
17780 412.0 3.150 -3.307
17790 412.0 3.200 -3.844
17800 412.0 2.463 -4.022
17810 412.0 2.586 -3.798
17750 413.0 -8.519 4.129
17760 413.0 -8.146 3.733
17770 413.0 -7.440 3.549
17780 413.0 -6.751 3.083
17790 413.0 -6.550 2.833
17800 413.0 -6.165 2.258
17810 413.0 -5.505 1.856
17820 413.0 -5.218 1.387
17830 413.0 -7.332 3.613
17840 413.0 -8.844 4.325
17850 413.0 -10.468 4.250
17860 413.0 -6.927 4.558
17870 413.0 -7.167 5.225
17880 413.0 -8.896 4.369
17890 413.0 -10.594 5.113
17900 413.0 -7.897 4.354
17910 413.0 -8.397 5.728
17920 413.0 -10.391 3.639
17930 413.0 -9.218 3.774
17940 413.0 -9.258 4.149
17770 414.0 -10.097 2.704
17780 414.0 -9.592 2.519
17790 414.0 -9.170 2.187
17800 414.0 -8.573 1.919
17810 414.0 -7.699 1.562
17820 414.0 -7.453 1.108
17830 414.0 -6.772 0.861
17840 414.0 -6.321 0.327
17850 414.0 -12.301 3.793
17860 414.0 -9.194 4.089
17870 414.0 -8.814 4.006
17880 414.0 -10.153 2.755
17890 414.0 -12.125 2.974
17900 414.0 -9.632 1.211
17910 414.0 -10.611 3.257
17920 414.0 -9.027 2.104
17930 414.0 -11.494 1.458
17940 414.0 -10.214 1.759
17950 414.0 -11.303 2.505
17960 414.0 -7.806 3.169
