10520 240.0 -1.817 -9.267
10530 240.0 -1.532 -8.890
10540 240.0 -1.224 -8.389
10550 240.0 -0.955 -7.716
10560 240.0 -0.576 -7.320
10570 240.0 -0.419 -6.589
10580 240.0 -0.160 -6.080
10590 240.0 0.056 -5.500
10600 240.0 -1.628 -10.018
10610 240.0 -3.021 -10.085
10620 240.0 0.161 -9.074
10630 240.0 -2.713 -9.276
10640 240.0 -2.226 -10.678
10650 240.0 -2.398 -7.917
10660 240.0 -1.250 -9.526
10670 240.0 -1.532 -7.055
10680 240.0 -1.331 -10.969
10690 240.0 -1.548 -9.743
10700 240.0 0.156 -8.501
10710 240.0 -1.091 -10.164
10710 254.0 -2.430 -9.987
10720 254.0 -2.133 -9.364
10730 254.0 -1.644 -8.731
10740 254.0 -1.692 -8.286
10750 254.0 -1.274 -7.602
10760 254.0 -0.940 -7.028
10770 254.0 -0.562 -6.454
10780 254.0 -0.256 -6.071
10790 254.0 -3.748 -9.768
10800 254.0 -3.376 -9.209
10810 254.0 -1.519 -9.779
10820 254.0 -2.967 -10.038
10830 254.0 -1.227 -9.639
10840 254.0 -1.871 -9.540
10850 254.0 -1.322 -10.087
10860 254.0 -1.260 -11.871
10870 254.0 -3.514 -10.483
10880 254.0 -2.176 -10.406
10890 254.0 -2.202 -11.779
10900 254.0 -3.206 -9.484
10850 259.0 4.540 0.748
10860 259.0 4.121 0.459
10870 259.0 3.942 -0.091
10880 259.0 3.779 -0.576
10890 259.0 3.446 -0.909
10900 259.0 2.921 -1.654
10910 259.0 2.747 -1.941
10920 259.0 2.505 -2.560
10930 259.0 4.902 -0.120
10940 259.0 3.898 0.544
10950 259.0 4.266 0.484
10960 259.0 4.662 1.348
10970 259.0 4.557 -1.160
10980 259.0 4.225 1.837
10990 259.0 6.258 0.857
11000 259.0 4.564 0.680
11010 259.0 4.588 1.280
11020 259.0 4.385 -0.624
11030 259.0 4.934 0.711
11040 259.0 5.120 0.571
10900 261.0 3.155 2.830
10910 261.0 2.839 2.028
10920 261.0 2.487 1.457
10930 261.0 2.349 1.099
10940 261.0 2.172 0.412
10950 261.0 1.998 -0.263
10960 261.0 1.709 -0.710
10970 261.0 1.641 -1.315
10980 261.0 2.543 2.348
10990 261.0 3.667 4.423
11000 261.0 3.586 2.414
11010 261.0 0.442 0.980
11020 261.0 2.844 2.012
11030 261.0 4.342 1.545
11040 261.0 3.979 4.128
11050 261.0 1.714 1.694
11060 261.0 3.811 4.772
11070 261.0 3.401 3.068
11080 261.0 3.714 1.888
11090 261.0 2.192 4.332
11000 262.0 -1.804 -9.809
11010 262.0 -1.423 -9.500
11020 262.0 -1.285 -8.943
11030 262.0 -0.678 -8.426
11040 262.0 -0.757 -7.905
11050 262.0 0.059 -7.182
11060 262.0 -0.015 -6.481
11070 262.0 0.114 -6.168
11080 262.0 -1.728 -9.932
11090 262.0 -1.101 -10.701
11100 262.0 -1.685 -9.847
11110 262.0 -2.206 -8.759
11120 262.0 -2.569 -9.746
11130 262.0 -2.791 -11.184
11140 262.0 -3.666 -10.671
11150 262.0 -1.134 -10.714
11160 262.0 -2.996 -10.764
11170 262.0 -2.619 -8.536
11180 262.0 -2.442 -9.928
11190 262.0 -2.222 -9.945
11010 263.0 -4.073 -9.370
11020 263.0 -3.678 -8.825
11030 263.0 -3.297 -8.383
11040 263.0 -2.990 -7.808
11050 263.0 -2.700 -7.095
11060 263.0 -2.375 -6.615
11070 263.0 -2.001 -6.006
11080 263.0 -1.435 -5.569
11090 263.0 -4.454 -7.192
11100 263.0 -4.048 -7.629
11110 263.0 -4.047 -11.186
11120 263.0 -4.359 -9.547
11130 263.0 -4.963 -9.607
11140 263.0 -2.862 -11.158
11150 263.0 -4.435 -9.130
11160 263.0 -3.584 -10.373
11170 263.0 -2.593 -8.348
11180 263.0 -4.149 -8.909
11190 263.0 -4.741 -8.348
11200 263.0 -4.865 -9.015
11150 264.0 3.343 2.109
11160 264.0 3.078 1.539
11170 264.0 2.712 1.168
11180 264.0 2.484 0.533
11190 264.0 2.098 0.084
11200 264.0 1.694 -0.466
11210 264.0 1.397 -0.977
11220 264.0 0.931 -1.301
11230 264.0 4.098 2.583
11240 264.0 2.227 2.385
11250 264.0 1.410 2.020
11260 264.0 2.450 2.112
11270 264.0 3.952 2.365
11280 264.0 3.103 3.356
11290 264.0 3.154 2.614
11300 264.0 3.642 3.024
11310 264.0 3.430 1.696
11320 264.0 2.699 3.139
11330 264.0 3.300 2.362
11340 264.0 4.132 3.681
11350 265.0 2.234 2.201
11360 265.0 1.940 1.820
11370 265.0 1.752 1.391
11380 265.0 1.483 0.875
11390 265.0 1.163 0.318
11400 265.0 0.900 -0.057
11410 265.0 0.676 -0.530
11420 265.0 0.204 -1.141
11430 265.0 3.793 2.587
11440 265.0 2.855 2.482
11450 265.0 1.565 1.319
11460 265.0 1.216 1.685
11470 265.0 2.623 2.368
11480 265.0 3.014 2.351
11490 265.0 0.815 2.547
11500 265.0 2.456 3.981
11510 265.0 1.620 3.123
11520 265.0 2.307 2.164
11530 265.0 3.554 2.572
11540 265.0 3.046 2.589
11350 266.0 0.557 2.522
11360 266.0 0.465 2.435
11370 266.0 0.668 2.385
11380 266.0 0.441 2.498
11390 266.0 0.309 2.483
11400 266.0 0.445 2.474
11410 266.0 0.606 2.604
11420 266.0 0.459 2.413
11430 266.0 -0.018 2.084
11440 266.0 0.450 3.196
11450 266.0 -0.761 1.959
11460 266.0 1.077 2.322
11470 266.0 0.841 3.371
11480 266.0 -0.234 4.407
11490 266.0 1.071 3.476
11500 266.0 -0.773 1.970
11510 266.0 0.848 3.746
11520 266.0 0.703 3.314
11530 266.0 -0.560 1.469
11540 266.0 0.349 4.007
11770 277.0 1.040 1.138
11780 277.0 0.783 0.793
11790 277.0 0.391 0.271
11800 277.0 -0.051 -0.296
11810 277.0 -0.187 -0.494
11820 277.0 -0.582 -0.915
11830 277.0 -0.777 -1.655
11840 277.0 -0.913 -2.371
11850 277.0 1.147 0.820
11860 277.0 1.481 1.371
11870 277.0 0.003 1.171
11880 277.0 -0.333 0.381
11890 277.0 1.609 -0.199
11900 277.0 0.873 1.435
11910 277.0 1.664 1.815
11920 277.0 1.312 1.278
11930 277.0 0.080 0.737
11940 277.0 -0.008 1.158
11950 277.0 0.975 0.121
11960 277.0 -0.200 0.663
11770 278.0 3.251 2.799
11780 278.0 2.685 2.208
11790 278.0 2.359 1.907
11800 278.0 1.967 1.387
11810 278.0 1.799 0.755
11820 278.0 1.586 0.274
11830 278.0 1.114 -0.401
11840 278.0 0.902 -1.205
11850 278.0 3.693 3.401
11860 278.0 4.427 2.919
11870 278.0 2.031 3.065
11880 278.0 3.816 3.191
11890 278.0 2.691 2.215
11900 278.0 2.885 2.226
11910 278.0 2.290 1.653
11920 278.0 3.979 1.675
11930 278.0 3.904 1.845
11940 278.0 1.887 2.385
11950 278.0 1.951 2.601
11960 278.0 3.917 2.187
11790 282.0 -1.235 -9.164
11800 282.0 -1.072 -8.872
11810 282.0 -0.574 -8.398
11820 282.0 -0.126 -7.532
11830 282.0 -0.203 -7.138
11840 282.0 0.412 -6.611
11850 282.0 0.627 -6.086
11860 282.0 0.978 -5.474
11870 282.0 -2.952 -7.933
11880 282.0 -2.142 -9.454
11890 282.0 0.302 -9.532
11900 282.0 -0.186 -8.902
11910 282.0 -0.860 -9.209
11920 282.0 -0.432 -8.181
11930 282.0 -2.181 -9.898
11940 282.0 0.486 -8.954
11950 282.0 -0.984 -9.766
11960 282.0 -2.167 -8.266
11970 282.0 -0.609 -8.249
11980 282.0 -2.217 -8.727
12450 288.0 -0.985 -7.985
12460 288.0 -0.967 -7.159
12470 288.0 -0.383 -6.774
12480 288.0 -0.244 -6.196
12490 288.0 -0.003 -5.633
12500 288.0 0.487 -5.053
12510 288.0 0.654 -4.184
12520 288.0 0.711 -3.700
12530 288.0 -1.851 -7.795
12540 288.0 -2.115 -8.411
12550 288.0 -0.967 -7.289
12560 288.0 -0.110 -8.447
12570 288.0 -0.959 -6.547
12580 288.0 -1.226 -9.891
12590 288.0 -0.006 -8.314
12600 288.0 -1.254 -8.432
12610 288.0 -0.499 -7.799
12620 288.0 -0.880 -6.822
12630 288.0 -0.350 -7.548
12640 288.0 0.551 -6.903
12480 289.0 -1.013 -7.566
12490 289.0 -0.535 -7.083
12500 289.0 -0.414 -6.380
12510 289.0 -0.197 -5.923
12520 289.0 -0.107 -5.541
12530 289.0 0.374 -4.908
12540 289.0 0.599 -4.334
12550 289.0 0.713 -3.805
12560 289.0 -2.033 -9.011
12570 289.0 -0.741 -7.404
12580 289.0 -0.512 -9.082
12590 289.0 -2.850 -7.612
12600 289.0 -1.167 -9.196
12610 289.0 0.093 -5.764
12620 289.0 -0.360 -7.094
12630 289.0 -1.736 -7.496
12640 289.0 -1.696 -6.089
12650 289.0 -2.376 -8.919
12660 289.0 0.606 -8.485
12670 289.0 -0.962 -8.368
12520 292.0 0.640 2.360
12530 292.0 0.447 2.612
12540 292.0 0.380 2.507
12550 292.0 0.446 2.446
12560 292.0 0.354 2.418
12570 292.0 0.457 2.408
12580 292.0 0.314 2.549
12590 292.0 0.358 2.548
12600 292.0 0.320 1.682
12610 292.0 1.423 1.813
12620 292.0 -0.058 3.901
12630 292.0 0.852 0.534
12640 292.0 1.471 3.075
12650 292.0 2.017 3.566
12660 292.0 0.436 2.925
12670 292.0 -1.105 0.376
12680 292.0 1.284 3.288
12690 292.0 0.403 2.842
12700 292.0 1.747 2.059
12710 292.0 -0.810 4.666
12520 293.0 1.252 3.861
12530 293.0 1.209 3.776
12540 293.0 1.166 3.796
12550 293.0 1.364 4.034
12560 293.0 1.480 3.901
12570 293.0 1.334 3.984
12580 293.0 1.349 3.752
12590 293.0 1.306 3.965
12600 293.0 0.246 3.028
12610 293.0 1.963 4.902
12620 293.0 2.200 3.344
12630 293.0 1.860 3.416
12640 293.0 1.049 3.888
12650 293.0 0.852 4.871
12660 293.0 1.510 3.989
12670 293.0 3.145 5.017
12680 293.0 0.342 3.305
12690 293.0 1.496 3.624
12700 293.0 2.655 3.787
12710 293.0 -0.256 3.703
12520 294.0 1.741 3.740
12530 294.0 1.804 3.646
12540 294.0 1.694 3.493
12550 294.0 1.783 3.874
12560 294.0 1.756 3.752
12570 294.0 1.599 3.628
12580 294.0 1.656 3.662
12590 294.0 1.594 3.895
12600 294.0 2.409 2.630
12610 294.0 0.328 3.258
12620 294.0 1.478 4.884
12630 294.0 0.391 3.543
12640 294.0 2.372 3.639
12650 294.0 1.186 3.178
12660 294.0 1.670 3.377
12670 294.0 3.242 3.262
12680 294.0 0.209 3.334
12690 294.0 2.020 3.899
12700 294.0 1.901 3.001
12710 294.0 2.683 3.229
12700 296.0 2.700 2.176
12710 296.0 2.193 1.737
12720 296.0 2.180 1.154
12730 296.0 1.725 0.575
12740 296.0 1.259 0.078
12750 296.0 0.910 -0.587
12760 296.0 0.421 -1.090
12770 296.0 0.389 -1.474
12780 296.0 1.725 1.874
12790 296.0 4.111 3.060
12800 296.0 1.791 1.899
12810 296.0 3.002 1.276
12820 296.0 1.998 1.982
12830 296.0 2.826 1.983
12840 296.0 3.001 3.160
12850 296.0 2.149 1.165
12860 296.0 2.432 2.097
12870 296.0 3.127 1.887
12880 296.0 3.680 2.324
12890 296.0 3.121 3.976
12700 297.0 3.245 1.871
12710 297.0 2.909 1.466
12720 297.0 2.657 0.805
12730 297.0 2.223 0.260
12740 297.0 1.763 -0.215
12750 297.0 1.598 -0.809
12760 297.0 1.186 -1.406
12770 297.0 0.806 -1.961
12780 297.0 2.004 2.643
12790 297.0 2.407 2.627
12800 297.0 3.870 3.651
12810 297.0 3.155 3.129
12820 297.0 3.030 0.405
12830 297.0 3.422 1.887
12840 297.0 3.737 1.665
12850 297.0 2.658 2.148
12860 297.0 3.875 2.148
12870 297.0 3.723 1.346
12880 297.0 2.257 1.986
12890 297.0 1.924 1.027
12900 303.0 -1.575 1.279
12910 303.0 -1.712 1.013
12920 303.0 -1.744 0.614
12930 303.0 -1.806 0.341
12940 303.0 -1.554 0.305
12950 303.0 -1.463 0.371
12960 303.0 -1.206 0.081
12970 303.0 -1.012 0.316
12980 303.0 -2.575 2.522
12990 303.0 -1.471 1.078
13000 303.0 -0.756 0.136
13010 303.0 -0.796 1.763
13020 303.0 -2.597 0.788
13030 303.0 -1.897 2.549
13040 303.0 -2.713 0.611
13050 303.0 -2.562 0.695
13060 303.0 -1.822 1.010
13070 303.0 -1.235 1.326
13080 303.0 -2.786 1.306
13090 303.0 -0.299 2.212
12980 305.0 3.743 1.968
12990 305.0 3.523 1.400
13000 305.0 3.353 0.969
13010 305.0 3.138 0.457
13020 305.0 2.827 -0.108
13030 305.0 2.543 -0.890
13040 305.0 2.299 -1.078
13050 305.0 2.058 -1.935
13060 305.0 3.979 0.859
13070 305.0 2.676 0.478
13080 305.0 5.104 2.887
13090 305.0 4.010 2.132
13100 305.0 4.241 2.657
13110 305.0 5.304 0.929
13120 305.0 5.257 2.323
13130 305.0 3.614 1.365
13140 305.0 3.595 2.982
13150 305.0 3.712 1.020
13160 305.0 5.050 1.919
13170 305.0 4.705 1.886
13010 306.0 2.553 2.116
13020 306.0 2.311 1.723
13030 306.0 2.101 1.314
13040 306.0 1.902 0.861
13050 306.0 1.573 0.361
13060 306.0 1.277 -0.196
13070 306.0 0.783 -0.636
13080 306.0 0.520 -1.110
13090 306.0 3.333 3.098
13100 306.0 2.293 3.325
13110 306.0 2.454 1.078
13120 306.0 2.086 3.145
13130 306.0 0.264 2.212
13140 306.0 1.965 1.973
13150 306.0 1.590 1.755
13160 306.0 4.028 1.991
13170 306.0 2.290 1.507
13180 306.0 0.959 1.452
13190 306.0 2.248 1.170
13200 306.0 4.161 2.285
13060 307.0 -2.062 -8.815
13070 307.0 -1.909 -8.380
13080 307.0 -1.733 -7.955
13090 307.0 -1.546 -7.604
13100 307.0 -1.283 -7.020
13110 307.0 -0.891 -6.503
13120 307.0 -0.757 -6.278
13130 307.0 -0.462 -5.955
13140 307.0 -2.610 -9.062
13150 307.0 -3.385 -9.871
13160 307.0 -2.984 -10.813
13170 307.0 -2.765 -8.689
13180 307.0 -2.234 -8.918
13190 307.0 -2.655 -6.054
13200 307.0 -1.737 -9.270
13210 307.0 -0.345 -10.052
13220 307.0 -3.917 -9.531
13230 307.0 -1.904 -10.143
13240 307.0 -2.079 -8.898
13250 307.0 -2.907 -8.995
13100 304.0 -1.257 0.446
13110 304.0 -1.372 0.347
13120 304.0 -1.182 0.409
13130 304.0 -1.237 0.471
13140 304.0 -1.163 0.384
13150 304.0 -1.017 0.455
13160 304.0 -1.342 0.614
13170 304.0 -1.170 0.241
13180 304.0 -0.099 -1.110
13190 304.0 -2.267 0.169
13200 304.0 -0.576 0.035
13210 304.0 -0.830 0.732
13220 304.0 -2.403 -0.289
13230 304.0 -1.652 -1.493
13240 304.0 0.464 0.388
13250 304.0 -1.762 0.824
13260 304.0 -1.769 -0.996
13270 304.0 -0.395 -0.067
13280 304.0 -1.048 -0.655
13290 304.0 -1.535 0.629
13130 309.0 -4.692 -5.098
13140 309.0 -4.730 -5.056
13150 309.0 -4.722 -5.088
13160 309.0 -4.659 -5.026
13170 309.0 -4.677 -5.117
13180 309.0 -4.779 -4.995
13190 309.0 -4.684 -5.048
13200 309.0 -4.754 -5.041
13210 309.0 -5.127 -5.041
13220 309.0 -5.257 -5.967
13230 309.0 -5.766 -3.742
13240 309.0 -5.504 -6.460
13250 309.0 -5.574 -5.055
13260 309.0 -3.406 -5.291
13270 309.0 -4.561 -5.807
13280 309.0 -4.254 -5.182
13290 309.0 -4.961 -4.932
13300 309.0 -4.498 -3.693
13310 309.0 -4.170 -4.589
13320 309.0 -2.699 -5.834
13130 310.0 -5.509 -6.394
13140 310.0 -5.257 -6.379
13150 310.0 -5.372 -6.453
13160 310.0 -5.248 -6.387
13170 310.0 -5.406 -6.419
13180 310.0 -5.411 -6.358
13190 310.0 -5.279 -6.346
13200 310.0 -5.413 -6.421
13210 310.0 -5.987 -5.419
13220 310.0 -5.793 -6.982
13230 310.0 -6.913 -7.303
13240 310.0 -5.877 -8.656
13250 310.0 -4.938 -6.345
13260 310.0 -4.449 -7.115
13270 310.0 -4.659 -7.540
13280 310.0 -6.325 -6.188
13290 310.0 -5.346 -5.099
13300 310.0 -3.565 -6.221
13310 310.0 -4.916 -6.275
13320 310.0 -6.187 -7.659
13130 311.0 -2.469 -1.475
13140 311.0 -2.381 -1.646
13150 311.0 -2.566 -1.702
13160 311.0 -2.369 -1.567
13170 311.0 -2.526 -1.553
13180 311.0 -2.529 -1.482
13190 311.0 -2.564 -1.700
13200 311.0 -2.426 -1.588
13210 311.0 -1.810 -1.199
13220 311.0 -2.624 -1.880
13230 311.0 -3.049 -1.623
13240 311.0 -3.350 -1.770
13250 311.0 -3.759 -1.740
13260 311.0 -3.038 -1.447
13270 311.0 -2.947 -1.495
13280 311.0 -2.842 -1.281
13290 311.0 -1.781 -1.485
13300 311.0 -1.972 -2.162
13310 311.0 -2.280 -0.032
13320 311.0 -1.287 -1.099
13130 313.0 1.137 3.275
13140 313.0 1.279 3.258
13150 313.0 1.302 3.220
13160 313.0 1.319 3.199
13170 313.0 1.271 3.296
13180 313.0 1.306 3.131
13190 313.0 1.279 3.144
13200 313.0 1.178 3.154
13210 313.0 1.286 3.073
13220 313.0 -0.402 3.715
13230 313.0 1.453 2.968
13240 313.0 1.214 4.292
13250 313.0 1.887 2.941
13260 313.0 -0.519 2.823
13270 313.0 0.873 2.786
13280 313.0 1.725 3.221
13290 313.0 0.675 4.653
13300 313.0 0.123 3.839
13310 313.0 0.424 3.848
13320 313.0 0.875 3.781
13170 315.0 -3.961 -9.403
13180 315.0 -3.985 -8.886
13190 315.0 -3.497 -8.254
13200 315.0 -3.610 -7.856
13210 315.0 -3.533 -7.513
13220 315.0 -3.182 -6.950
13230 315.0 -3.088 -6.627
13240 315.0 -2.699 -6.258
13250 315.0 -3.807 -9.153
13260 315.0 -5.105 -10.231
13270 315.0 -5.295 -10.579
13280 315.0 -3.593 -10.439
13290 315.0 -4.205 -10.851
13300 315.0 -3.348 -9.162
13310 315.0 -4.594 -8.325
13320 315.0 -5.382 -8.658
13330 315.0 -4.578 -9.974
13340 315.0 -3.542 -8.182
13350 315.0 -5.644 -9.631
13360 315.0 -4.622 -10.344
13170 316.0 3.230 2.224
13180 316.0 2.832 1.461
13190 316.0 2.505 1.199
13200 316.0 2.230 0.523
13210 316.0 1.707 -0.065
13220 316.0 1.409 -0.477
13230 316.0 1.015 -0.998
13240 316.0 0.724 -1.723
13250 316.0 2.978 3.172
13260 316.0 1.698 2.926
13270 316.0 4.054 1.369
13280 316.0 1.482 0.439
13290 316.0 4.995 1.044
13300 316.0 2.695 2.637
13310 316.0 3.039 1.381
13320 316.0 3.406 2.062
13330 316.0 2.491 1.859
13340 316.0 2.529 1.178
13350 316.0 4.357 2.243
13360 316.0 3.960 1.852
13180 317.0 -4.334 -8.779
13190 317.0 -4.119 -8.286
13200 317.0 -4.001 -8.057
13210 317.0 -3.654 -7.403
13220 317.0 -3.639 -7.060
13230 317.0 -3.423 -6.688
13240 317.0 -3.366 -6.292
13250 317.0 -3.099 -5.899
13260 317.0 -3.759 -8.702
13270 317.0 -4.756 -7.869
13280 317.0 -4.967 -8.709
13290 317.0 -5.049 -9.243
13300 317.0 -5.614 -9.835
13310 317.0 -4.276 -8.619
13320 317.0 -5.339 -9.186
13330 317.0 -4.690 -8.180
13340 317.0 -4.529 -7.917
13350 317.0 -4.255 -8.428
13360 317.0 -5.048 -10.203
13370 317.0 -3.469 -7.778
14340 333.0 -2.146 -4.534
14350 333.0 -1.732 -4.320
14360 333.0 -2.055 -4.299
14370 333.0 -2.175 -4.071
14380 333.0 -2.078 -3.283
14390 333.0 -2.110 -2.998
14400 333.0 -1.955 -3.168
14410 333.0 -2.156 -2.718
14420 333.0 -3.225 -5.170
14430 333.0 -2.184 -5.029
14440 333.0 -2.279 -4.906
14450 333.0 -2.850 -4.268
14460 333.0 -1.101 -4.439
14470 333.0 -2.549 -3.046
14480 333.0 -1.691 -3.575
14490 333.0 -2.318 -3.690
14500 333.0 -2.787 -4.167
14510 333.0 -0.787 -3.745
14520 333.0 -2.805 -3.898
14530 333.0 -2.200 -5.629
14340 334.0 1.048 0.731
14350 334.0 0.947 0.168
14360 334.0 0.635 -0.421
14370 334.0 0.298 -0.791
14380 334.0 0.138 -1.478
14390 334.0 0.094 -2.107
14400 334.0 -0.227 -2.392
14410 334.0 -0.570 -3.042
14420 334.0 1.815 1.710
14430 334.0 1.278 0.866
14440 334.0 1.298 0.093
14450 334.0 2.614 0.753
14460 334.0 -0.264 -0.060
14470 334.0 0.402 -0.812
14480 334.0 0.746 0.316
14490 334.0 1.213 1.275
14500 334.0 0.493 1.294
14510 334.0 -0.761 0.332
14520 334.0 -0.059 0.245
14530 334.0 0.986 1.424
14950 344.0 3.424 2.738
14960 344.0 3.035 2.378
14970 344.0 2.881 1.795
14980 344.0 2.827 1.601
14990 344.0 2.569 0.911
15000 344.0 2.630 0.883
15010 344.0 2.465 0.776
15020 344.0 1.933 0.062
15030 344.0 1.979 3.799
15040 344.0 1.803 3.028
15050 344.0 3.287 2.550
15060 344.0 2.277 1.369
15070 344.0 3.147 2.748
15080 344.0 3.867 2.620
15090 344.0 1.343 1.801
15100 344.0 2.834 2.326
15110 344.0 1.815 2.605
15120 344.0 3.540 3.877
15130 344.0 4.859 2.861
15140 344.0 3.948 2.768
14960 345.0 -3.300 -9.730
14970 345.0 -2.974 -9.252
14980 345.0 -2.520 -8.717
14990 345.0 -1.938 -8.334
15000 345.0 -1.724 -7.730
15010 345.0 -1.331 -7.106
15020 345.0 -0.806 -6.358
15030 345.0 -0.343 -5.961
15040 345.0 -3.186 -8.429
15050 345.0 -2.583 -10.049
15060 345.0 -4.239 -12.427
15070 345.0 -3.579 -8.381
15080 345.0 -3.121 -10.183
15090 345.0 -2.359 -10.941
15100 345.0 -3.535 -10.229
15110 345.0 -2.517 -9.817
15120 345.0 -1.171 -8.606
15130 345.0 -4.724 -8.269
15140 345.0 -2.099 -9.586
15150 345.0 -2.913 -7.772
15820 356.0 0.482 -0.335
15830 356.0 0.421 -0.312
15840 356.0 0.390 -0.185
15850 356.0 0.369 -0.316
15860 356.0 0.435 -0.319
15870 356.0 0.286 -0.213
15880 356.0 0.434 -0.136
15890 356.0 0.349 -0.307
15900 356.0 1.014 -1.564
15910 356.0 0.040 0.978
15920 356.0 0.705 -0.302
15930 356.0 0.546 -1.215
15940 356.0 1.582 0.173
15950 356.0 0.953 -0.318
15960 356.0 -0.150 -1.159
15970 356.0 -0.116 -1.111
15980 356.0 0.636 -1.816
15990 356.0 1.432 -1.323
16000 356.0 3.188 -0.608
16010 356.0 0.266 0.149
15900 359.0 -2.785 -10.043
15910 359.0 -2.540 -9.546
15920 359.0 -2.219 -9.015
15930 359.0 -1.721 -8.458
15940 359.0 -1.977 -8.118
15950 359.0 -1.431 -7.433
15960 359.0 -0.991 -7.198
15970 359.0 -0.767 -6.642
15980 359.0 -2.105 -9.925
15990 359.0 -3.103 -10.322
16000 359.0 -2.308 -10.742
16010 359.0 -1.999 -10.158
16020 359.0 -1.394 -9.454
16030 359.0 -2.534 -9.171
16040 359.0 -1.423 -10.631
16050 359.0 -2.834 -10.368
16060 359.0 -3.822 -9.660
16070 359.0 -1.874 -8.754
16080 359.0 -2.119 -10.785
16090 359.0 -3.571 -11.041
15910 360.0 -1.944 -10.152
15920 360.0 -1.748 -9.981
15930 360.0 -1.312 -9.364
15940 360.0 -0.869 -8.858
15950 360.0 -0.899 -8.454
15960 360.0 -0.616 -7.854
15970 360.0 -0.317 -7.337
15980 360.0 -0.249 -6.913
15990 360.0 -1.863 -9.788
16000 360.0 -2.872 -9.404
16010 360.0 -2.780 -10.976
16020 360.0 -2.620 -12.264
16030 360.0 -0.361 -10.515
16040 360.0 -1.040 -9.882
16050 360.0 -2.965 -9.358
16060 360.0 -1.238 -9.578
16070 360.0 -2.199 -9.856
16080 360.0 -1.940 -10.144
16090 360.0 -2.277 -10.257
16100 360.0 -1.544 -10.339
15950 361.0 -4.094 -5.387
15960 361.0 -4.078 -5.335
15970 361.0 -4.185 -5.416
15980 361.0 -4.192 -5.441
15990 361.0 -4.163 -5.431
16000 361.0 -4.095 -5.355
16010 361.0 -4.207 -5.379
16020 361.0 -4.109 -5.344
16030 361.0 -4.577 -4.499
16040 361.0 -4.609 -4.428
16050 361.0 -4.723 -2.962
16060 361.0 -4.861 -4.306
16070 361.0 -4.778 -4.724
16080 361.0 -2.813 -4.912
16090 361.0 -3.750 -5.958
16100 361.0 -3.708 -5.765
16110 361.0 -4.814 -3.542
16120 361.0 -4.209 -6.753
16130 361.0 -3.783 -5.797
16140 361.0 -3.795 -4.419
16010 365.0 2.583 1.316
16020 365.0 2.350 0.780
16030 365.0 2.058 0.460
16040 365.0 1.807 -0.055
16050 365.0 1.468 -0.619
16060 365.0 1.182 -1.047
16070 365.0 1.024 -1.619
16080 365.0 0.719 -2.103
16090 365.0 1.978 1.715
16100 365.0 2.272 1.464
16110 365.0 4.128 1.398
16120 365.0 2.509 0.751
16130 365.0 4.275 2.150
16140 365.0 1.621 0.643
16150 365.0 2.677 0.623
16160 365.0 2.638 2.007
16170 365.0 1.940 0.890
16180 365.0 2.560 -0.901
16190 365.0 3.029 2.906
16200 365.0 0.839 -0.662
16010 366.0 2.931 1.179
16020 366.0 2.979 0.643
16030 366.0 2.528 -0.035
16040 366.0 2.389 -0.475
16050 366.0 2.203 -1.088
16060 366.0 2.000 -1.555
16070 366.0 1.593 -1.941
16080 366.0 1.072 -2.159
16090 366.0 2.768 0.654
16100 366.0 4.764 -0.030
16110 366.0 2.153 0.556
16120 366.0 1.012 0.382
16130 366.0 2.571 0.326
16140 366.0 1.624 0.069
16150 366.0 4.253 1.221
16160 366.0 2.413 1.398
16170 366.0 2.174 1.352
16180 366.0 3.505 2.282
16190 366.0 3.650 3.957
16200 366.0 2.162 0.796
16020 357.0 0.455 -0.039
16030 357.0 0.436 0.042
16040 357.0 0.562 -0.173
16050 357.0 0.408 -0.204
16060 357.0 0.227 -0.048
16070 357.0 0.525 -0.237
16080 357.0 0.337 -0.203
16090 357.0 0.459 -0.083
16100 357.0 1.427 0.597
16110 357.0 1.521 1.619
16120 357.0 0.634 0.326
16130 357.0 1.029 1.483
16140 357.0 0.230 -0.004
16150 357.0 1.480 1.204
16160 357.0 -0.328 -0.178
16170 357.0 -0.053 1.614
16180 357.0 -0.797 -1.699
16190 357.0 0.977 -0.889
16200 357.0 -0.015 1.061
16210 357.0 -0.458 -0.102
16040 367.0 3.100 2.775
16050 367.0 3.083 2.327
16060 367.0 2.637 1.926
16070 367.0 2.628 1.514
16080 367.0 2.262 0.748
16090 367.0 2.196 0.473
16100 367.0 2.352 -0.088
16110 367.0 1.725 -0.603
16120 367.0 3.354 2.054
16130 367.0 3.466 2.106
16140 367.0 1.244 3.235
16150 367.0 2.589 3.317
16160 367.0 3.155 3.893
16170 367.0 3.744 2.667
16180 367.0 1.770 2.700
16190 367.0 3.597 3.082
16200 367.0 2.789 1.687
16210 367.0 3.373 1.744
16220 367.0 3.298 3.190
16230 367.0 1.551 3.016
16040 368.0 2.725 3.332
16050 368.0 2.446 2.658
16060 368.0 2.344 2.289
16070 368.0 2.078 2.066
16080 368.0 1.774 1.130
16090 368.0 1.591 0.645
16100 368.0 1.268 0.199
16110 368.0 1.329 -0.518
16120 368.0 3.299 3.952
16130 368.0 2.025 3.825
16140 368.0 4.149 4.333
16150 368.0 3.264 2.572
16160 368.0 1.701 2.903
16170 368.0 1.137 2.445
16180 368.0 2.331 4.019
16190 368.0 3.598 3.081
16200 368.0 2.132 1.774
16210 368.0 4.132 2.724
16220 368.0 2.836 5.897
16230 368.0 4.219 2.208
16120 369.0 0.952 2.684
16130 369.0 0.995 2.654
16140 369.0 0.865 2.748
16150 369.0 0.887 2.782
16160 369.0 0.902 2.621
16170 369.0 0.937 2.855
16180 369.0 0.945 2.893
16190 369.0 0.899 2.729
16200 369.0 0.423 3.086
16210 369.0 1.855 2.595
16220 369.0 0.572 3.492
16230 369.0 -0.105 1.919
16240 369.0 0.979 1.592
16250 369.0 0.031 3.135
16260 369.0 1.069 3.249
16270 369.0 0.896 2.077
16280 369.0 1.073 3.011
16290 369.0 1.261 3.070
16300 369.0 2.290 1.540
16310 369.0 1.735 3.654
16120 372.0 0.971 3.240
16130 372.0 0.955 3.178
16140 372.0 1.170 3.157
16150 372.0 1.053 3.191
16160 372.0 1.089 3.172
16170 372.0 1.065 3.450
16180 372.0 1.110 3.169
16190 372.0 1.249 3.257
16200 372.0 1.275 2.362
16210 372.0 -0.230 3.544
16220 372.0 0.541 4.167
16230 372.0 1.672 1.392
16240 372.0 0.661 2.472
16250 372.0 1.220 3.326
16260 372.0 0.825 2.813
16270 372.0 0.002 1.997
16280 372.0 0.030 2.840
16290 372.0 -0.911 2.165
16300 372.0 0.885 1.082
16310 372.0 2.183 2.827
16150 362.0 -4.057 -5.302
16160 362.0 -4.065 -5.461
16170 362.0 -4.289 -5.421
16180 362.0 -4.358 -5.418
16190 362.0 -4.266 -5.395
16200 362.0 -4.288 -5.476
16210 362.0 -4.287 -5.185
16220 362.0 -4.017 -5.244
16230 362.0 -3.661 -4.985
16240 362.0 -5.923 -6.396
16250 362.0 -5.562 -6.916
16260 362.0 -4.764 -5.515
16270 362.0 -4.525 -6.067
16280 362.0 -4.200 -4.587
16290 362.0 -3.068 -5.239
16300 362.0 -3.385 -6.172
16310 362.0 -3.731 -4.617
16320 362.0 -4.065 -4.597
16330 362.0 -4.961 -4.596
16340 362.0 -3.336 -6.238
16160 375.0 2.227 1.921
16170 375.0 2.172 1.357
16180 375.0 1.889 1.171
16190 375.0 1.653 0.626
16200 375.0 1.319 0.278
16210 375.0 1.250 -0.397
16220 375.0 0.957 -0.791
16230 375.0 0.669 -1.482
16240 375.0 2.671 1.143
16250 375.0 2.888 1.094
16260 375.0 3.609 0.057
16270 375.0 0.157 0.816
16280 375.0 3.360 2.735
16290 375.0 4.120 1.828
16300 375.0 2.830 1.262
16310 375.0 1.766 1.723
16320 375.0 1.267 3.313
16330 375.0 2.923 2.095
16340 375.0 1.964 2.464
16350 375.0 3.186 2.521
16160 376.0 2.981 1.717
16170 376.0 2.587 1.377
16180 376.0 2.385 0.845
16190 376.0 2.277 0.375
16200 376.0 2.169 -0.133
16210 376.0 1.987 -0.596
16220 376.0 1.548 -0.686
16230 376.0 1.230 -1.093
16240 376.0 2.823 1.354
16250 376.0 3.265 0.620
16260 376.0 1.583 1.147
16270 376.0 4.593 0.026
16280 376.0 3.658 0.885
16290 376.0 3.678 0.155
16300 376.0 2.829 1.664
16310 376.0 4.034 1.569
16320 376.0 3.374 0.702
16330 376.0 2.748 3.739
16340 376.0 3.375 2.613
16350 376.0 3.012 2.301
16160 377.0 3.556 1.186
16170 377.0 3.214 0.772
16180 377.0 3.110 0.482
16190 377.0 2.894 -0.207
16200 377.0 2.570 -0.492
16210 377.0 2.385 -0.934
16220 377.0 2.073 -1.368
16230 377.0 1.568 -1.735
16240 377.0 1.006 2.205
16250 377.0 3.490 1.289
16260 377.0 3.828 1.216
16270 377.0 1.089 0.679
16280 377.0 3.997 -0.877
16290 377.0 4.759 -0.009
16300 377.0 2.133 0.854
16310 377.0 1.901 0.153
16320 377.0 2.974 0.298
16330 377.0 4.219 1.075
16340 377.0 4.655 2.885
16350 377.0 3.754 0.814
16170 378.0 -1.903 -1.719
16180 378.0 -1.894 -1.805
16190 378.0 -2.108 -1.515
16200 378.0 -2.203 -1.242
16210 378.0 -2.091 -1.104
16220 378.0 -2.057 -0.948
16230 378.0 -1.893 -0.488
16240 378.0 -2.153 -0.408
16250 378.0 -1.672 -2.426
16260 378.0 -0.430 -1.018
16270 378.0 -1.877 -2.997
16280 378.0 -2.563 -2.207
16290 378.0 -1.949 -3.169
16300 378.0 -2.050 0.599
16310 378.0 -2.682 -3.785
16320 378.0 -0.589 -2.585
16330 378.0 -2.119 -1.225
16340 378.0 -1.013 -2.947
16350 378.0 -1.849 -4.598
16360 378.0 -1.988 -1.528
16220 358.0 0.241 0.118
16230 358.0 0.273 0.144
16240 358.0 0.303 0.049
16250 358.0 0.365 -0.134
16260 358.0 0.166 -0.010
16270 358.0 0.258 -0.073
16280 358.0 0.271 0.021
16290 358.0 0.034 -0.036
16300 358.0 -0.258 0.541
16310 358.0 -0.184 0.914
16320 358.0 0.251 1.482
16330 358.0 0.564 -0.934
16340 358.0 1.410 0.576
16350 358.0 0.327 -2.328
16360 358.0 0.631 -0.460
16370 358.0 -0.380 0.462
16380 358.0 0.841 0.063
16390 358.0 0.873 1.705
16400 358.0 1.080 -1.419
16410 358.0 -1.055 -0.838
16250 380.0 3.359 2.176
16260 380.0 3.159 1.624
16270 380.0 2.944 1.202
16280 380.0 2.775 0.863
16290 380.0 2.519 0.200
16300 380.0 2.353 -0.506
16310 380.0 2.271 -0.859
16320 380.0 1.992 -1.169
16330 380.0 4.465 4.137
16340 380.0 3.083 2.358
16350 380.0 2.806 2.591
16360 380.0 4.524 3.556
16370 380.0 3.618 2.512
16380 380.0 2.501 1.993
16390 380.0 3.620 4.026
16400 380.0 4.819 1.953
16410 380.0 2.988 1.888
16420 380.0 4.090 2.855
16430 380.0 1.680 1.742
16440 380.0 2.608 2.032
16290 382.0 -2.158 -10.315
16300 382.0 -1.956 -10.019
16310 382.0 -1.953 -9.760
16320 382.0 -1.707 -9.447
16330 382.0 -1.307 -8.872
16340 382.0 -1.003 -8.718
16350 382.0 -0.805 -8.237
16360 382.0 -0.422 -7.961
16370 382.0 -0.153 -9.913
16380 382.0 -3.584 -9.589
16390 382.0 -1.260 -9.049
16400 382.0 -2.045 -10.453
16410 382.0 -2.608 -10.986
16420 382.0 -2.496 -10.966
16430 382.0 -1.288 -9.523
16440 382.0 -2.851 -9.335
16450 382.0 -1.789 -11.398
16460 382.0 -1.538 -10.484
16470 382.0 -1.414 -10.256
16480 382.0 -1.644 -9.947
16290 383.0 -1.732 -10.861
16300 383.0 -1.512 -10.439
16310 383.0 -1.269 -10.026
16320 383.0 -1.090 -9.680
16330 383.0 -0.752 -9.447
16340 383.0 -0.731 -8.912
16350 383.0 -0.534 -8.380
16360 383.0 -0.232 -8.142
16370 383.0 -1.785 -10.535
16380 383.0 -3.432 -9.763
16390 383.0 -3.149 -11.648
16400 383.0 -3.131 -10.687
16410 383.0 -2.145 -11.463
16420 383.0 -0.371 -10.626
16430 383.0 -0.064 -12.549
16440 383.0 -2.442 -10.092
16450 383.0 -1.241 -12.001
16460 383.0 -1.853 -11.613
16470 383.0 -1.694 -11.195
16480 383.0 -2.585 -12.535
16320 370.0 0.848 2.701
16330 370.0 0.905 2.946
16340 370.0 0.732 2.561
16350 370.0 0.777 2.961
16360 370.0 0.808 2.787
16370 370.0 0.778 2.670
16380 370.0 0.796 2.824
16390 370.0 0.596 2.765
16400 370.0 1.448 3.853
16410 370.0 1.458 2.149
16420 370.0 -1.546 2.763
16430 370.0 1.415 3.960
16440 370.0 0.146 1.820
16450 370.0 1.512 2.599
16460 370.0 -0.574 1.895
16470 370.0 1.504 3.435
16480 370.0 1.103 1.834
16490 370.0 1.668 2.300
16500 370.0 -0.371 2.157
16510 370.0 0.882 4.132
16320 373.0 1.194 3.185
16330 373.0 1.265 3.309
16340 373.0 1.348 3.151
16350 373.0 1.080 3.241
16360 373.0 1.104 3.315
16370 373.0 0.950 3.322
16380 373.0 0.904 3.078
16390 373.0 0.915 3.202
16400 373.0 1.789 2.693
16410 373.0 -0.433 2.944
16420 373.0 0.742 3.444
16430 373.0 -0.078 1.380
16440 373.0 -0.019 3.112
16450 373.0 0.396 1.977
16460 373.0 1.253 2.069
16470 373.0 1.841 3.001
16480 373.0 0.098 1.915
16490 373.0 0.115 3.242
16500 373.0 0.769 4.321
16510 373.0 0.795 3.085
16350 363.0 -4.049 -5.462
16360 363.0 -4.045 -5.430
16370 363.0 -3.869 -5.405
16380 363.0 -3.993 -5.549
16390 363.0 -3.900 -5.369
16400 363.0 -3.905 -5.545
16410 363.0 -3.983 -5.519
16420 363.0 -3.925 -5.480
16430 363.0 -4.147 -5.055
16440 363.0 -3.662 -6.006
16450 363.0 -2.795 -6.405
16460 363.0 -3.004 -6.817
16470 363.0 -4.354 -5.092
16480 363.0 -4.420 -3.690
16490 363.0 -3.666 -4.878
16500 363.0 -3.897 -4.344
16510 363.0 -3.701 -4.594
16520 363.0 -3.545 -5.206
16530 363.0 -3.181 -5.991
16540 363.0 -3.737 -5.196
16380 385.0 2.761 3.191
16390 385.0 2.543 2.423
16400 385.0 2.451 1.965
16410 385.0 2.160 1.165
16420 385.0 1.922 0.687
16430 385.0 1.670 0.383
16440 385.0 1.237 -0.519
16450 385.0 0.934 -1.018
16460 385.0 2.057 1.709
16470 385.0 2.563 2.633
16480 385.0 2.584 4.441
16490 385.0 5.275 3.325
16500 385.0 2.193 2.357
16510 385.0 2.322 2.918
16520 385.0 3.212 3.776
16530 385.0 2.062 2.852
16540 385.0 2.873 1.984
16550 385.0 2.038 2.325
16560 385.0 2.367 3.980
16570 385.0 2.587 5.139
16410 386.0 4.385 0.737
16420 386.0 4.057 0.781
16430 386.0 3.914 0.916
16440 386.0 3.962 0.950
16450 386.0 3.807 1.076
16460 386.0 3.721 1.240
16470 386.0 3.599 1.399
16480 386.0 3.393 1.678
16490 386.0 5.049 1.113
16500 386.0 3.952 0.111
16510 386.0 4.940 -0.090
16520 386.0 4.003 2.111
16530 386.0 4.618 1.150
16540 386.0 5.125 0.957
16550 386.0 5.727 1.036
16560 386.0 3.782 2.248
16570 386.0 3.780 -0.513
16580 386.0 3.828 -0.483
16590 386.0 5.563 0.618
16600 386.0 5.442 -1.120
16480 388.0 -2.060 -10.317
16490 388.0 -1.635 -9.754
16500 388.0 -1.594 -9.215
16510 388.0 -1.210 -8.586
16520 388.0 -0.992 -8.081
16530 388.0 -0.880 -7.452
16540 388.0 -0.610 -6.976
16550 388.0 -0.393 -6.418
16560 388.0 -1.940 -11.003
16570 388.0 -1.602 -9.145
16580 388.0 -1.527 -10.327
16590 388.0 -1.471 -11.929
16600 388.0 -0.256 -12.598
16610 388.0 -2.951 -9.860
16620 388.0 -1.361 -10.084
16630 388.0 -2.568 -10.616
16640 388.0 -1.284 -10.193
16650 388.0 -2.283 -11.271
16660 388.0 -3.424 -11.555
16670 388.0 -2.015 -12.017
16480 389.0 -1.509 -10.853
16490 389.0 -1.323 -10.242
16500 389.0 -0.996 -9.799
16510 389.0 -0.943 -9.120
16520 389.0 -0.581 -8.694
16530 389.0 -0.282 -8.106
16540 389.0 -0.069 -7.463
16550 389.0 0.040 -6.867
16560 389.0 -3.360 -9.744
16570 389.0 -1.123 -11.666
16580 389.0 -2.550 -10.961
16590 389.0 -2.665 -9.370
16600 389.0 -1.904 -11.047
16610 389.0 -2.821 -11.784
16620 389.0 -1.182 -12.067
16630 389.0 -1.311 -10.626
16640 389.0 -1.539 -11.741
16650 389.0 -1.919 -11.406
16660 389.0 -1.948 -11.474
16670 389.0 -2.034 -10.233
16520 371.0 0.827 2.826
16530 371.0 0.895 2.648
16540 371.0 0.740 2.633
16550 371.0 0.798 2.618
16560 371.0 0.730 2.640
16570 371.0 0.973 2.511
16580 371.0 0.747 3.016
16590 371.0 0.686 2.622
16600 371.0 2.095 3.428
16610 371.0 0.273 2.102
16620 371.0 0.368 4.028
16630 371.0 0.002 2.260
16640 371.0 1.047 2.881
16650 371.0 -0.910 3.757
16660 371.0 1.433 2.691
16670 371.0 0.829 1.855
16680 371.0 2.017 3.213
16690 371.0 0.708 3.029
16700 371.0 0.852 2.909
16710 371.0 0.597 3.189
16520 374.0 1.012 3.058
16530 374.0 1.234 3.247
16540 374.0 1.180 3.250
16550 374.0 1.078 3.279
16560 374.0 0.936 3.047
16570 374.0 0.918 2.978
16580 374.0 1.145 2.944
16590 374.0 1.072 3.176
16600 374.0 0.954 2.621
16610 374.0 1.856 4.133
16620 374.0 0.300 2.389
16630 374.0 0.661 2.449
16640 374.0 0.776 4.270
16650 374.0 0.822 3.003
16660 374.0 1.491 5.150
16670 374.0 1.089 1.276
16680 374.0 2.226 3.611
16690 374.0 0.638 2.121
16700 374.0 1.960 3.107
16710 374.0 2.373 3.406
16550 364.0 -4.072 -5.454
16560 364.0 -3.830 -5.414
16570 364.0 -3.889 -5.439
16580 364.0 -4.129 -5.295
16590 364.0 -4.031 -5.376
16600 364.0 -3.933 -5.510
16610 364.0 -3.948 -5.462
16620 364.0 -3.981 -5.498
16630 364.0 -4.806 -5.697
16640 364.0 -4.337 -4.888
16650 364.0 -3.914 -4.381
16660 364.0 -3.001 -5.516
16670 364.0 -3.743 -4.255
16680 364.0 -3.551 -4.298
16690 364.0 -4.088 -5.202
16700 364.0 -4.792 -5.968
16710 364.0 -3.247 -5.527
16720 364.0 -3.358 -6.207
16730 364.0 -3.964 -6.286
16740 364.0 -3.776 -6.686
16570 391.0 -2.131 -10.496
16580 391.0 -2.142 -9.876
16590 391.0 -1.849 -9.283
16600 391.0 -1.816 -8.884
16610 391.0 -1.668 -8.422
16620 391.0 -1.475 -7.915
16630 391.0 -1.371 -7.568
16640 391.0 -1.293 -7.152
16650 391.0 -2.422 -10.841
16660 391.0 -2.644 -11.207
16670 391.0 -1.395 -9.006
16680 391.0 -2.674 -10.208
16690 391.0 -2.093 -9.004
16700 391.0 -3.349 -10.315
16710 391.0 -2.517 -9.435
16720 391.0 -1.027 -10.903
16730 391.0 -2.153 -9.953
16740 391.0 -2.523 -10.474
16750 391.0 -2.131 -9.520
16760 391.0 -4.190 -9.934
16590 392.0 1.404 -5.530
16600 392.0 0.886 -5.595
16610 392.0 0.807 -5.253
16620 392.0 0.139 -5.084
16630 392.0 -0.064 -5.105
16640 392.0 -0.147 -4.913
16650 392.0 -0.510 -4.611
16660 392.0 -0.617 -4.576
16670 392.0 2.552 -4.499
16680 392.0 2.064 -5.915
16690 392.0 2.403 -5.370
16700 392.0 1.757 -4.810
16710 392.0 2.038 -5.441
16720 392.0 0.069 -7.245
16730 392.0 0.668 -6.347
16740 392.0 0.968 -6.755
16750 392.0 0.994 -4.845
16760 392.0 1.773 -3.832
16770 392.0 0.131 -6.218
16780 392.0 1.707 -4.072
17620 412.0 4.132 1.690
17630 412.0 3.805 1.260
17640 412.0 3.180 0.730
17650 412.0 3.009 0.277
17660 412.0 2.736 -0.223
17670 412.0 2.228 -0.632
17680 412.0 1.854 -1.333
17690 412.0 1.414 -1.534
17700 412.0 4.950 3.205
17710 412.0 3.763 3.012
17720 412.0 3.900 1.690
17730 412.0 3.903 2.068
17740 412.0 3.607 0.065
17750 412.0 2.824 1.586
17760 412.0 4.357 3.144
17770 412.0 3.899 -0.015
17780 412.0 3.161 1.305
17790 412.0 4.314 2.645
17800 412.0 3.496 1.432
17810 412.0 3.490 2.023
17750 413.0 -4.114 -8.549
17760 413.0 -3.596 -7.889
17770 413.0 -3.342 -7.451
17780 413.0 -3.038 -6.971
17790 413.0 -2.726 -6.522
17800 413.0 -2.480 -6.247
17810 413.0 -1.989 -5.527
17820 413.0 -1.346 -5.177
17830 413.0 -4.681 -7.992
17840 413.0 -4.442 -9.143
17850 413.0 -4.467 -9.342
17860 413.0 -4.014 -8.021
17870 413.0 -3.537 -9.107
17880 413.0 -3.529 -8.458
17890 413.0 -3.057 -10.109
17900 413.0 -3.817 -7.071
17910 413.0 -2.970 -6.990
17920 413.0 -5.995 -9.905
17930 413.0 -5.040 -8.876
17940 413.0 -4.156 -8.963
17770 414.0 -2.627 -10.008
17780 414.0 -2.493 -9.775
17790 414.0 -2.167 -9.120
17800 414.0 -1.970 -8.290
17810 414.0 -1.455 -7.928
17820 414.0 -1.206 -7.500
17830 414.0 -0.631 -6.734
17840 414.0 -0.404 -6.136
17850 414.0 -3.666 -11.455
17860 414.0 -1.060 -7.539
17870 414.0 -2.812 -9.337
17880 414.0 -2.609 -11.256
17890 414.0 -2.020 -10.641
17900 414.0 -2.390 -8.890
17910 414.0 -4.957 -8.764
17920 414.0 -3.920 -9.517
17930 414.0 -1.652 -8.443
17940 414.0 -1.125 -12.014
17950 414.0 -2.495 -10.038
17960 414.0 -2.532 -8.233
