0 5.0 -1.590 0.930
10 5.0 -1.590 0.930
20 5.0 -1.590 0.930
30 5.0 -1.590 0.930
40 5.0 -1.590 0.930
50 5.0 -1.590 0.930
60 5.0 -1.590 0.930
70 5.0 -1.590 0.930
80 5.0 -1.599 0.932
90 5.0 -1.608 0.933
100 5.0 -1.606 0.930
110 5.0 -1.614 0.936
120 5.0 -1.623 0.938
130 5.0 -1.632 0.942
140 5.0 -1.634 0.941
150 5.0 -1.640 0.941
160 5.0 -1.650 0.948
170 5.0 -1.664 0.954
180 5.0 -1.661 0.952
190 5.0 -1.662 0.964
0 6.0 -1.720 1.320
10 6.0 -1.720 1.320
20 6.0 -1.720 1.320
30 6.0 -1.720 1.320
40 6.0 -1.720 1.320
50 6.0 -1.720 1.320
60 6.0 -1.720 1.320
70 6.0 -1.720 1.320
80 6.0 -1.719 1.327
90 6.0 -1.724 1.329
100 6.0 -1.735 1.333
110 6.0 -1.745 1.338
120 6.0 -1.754 1.342
130 6.0 -1.770 1.341
140 6.0 -1.773 1.347
150 6.0 -1.768 1.349
160 6.0 -1.772 1.355
170 6.0 -1.781 1.358
180 6.0 -1.779 1.368
190 6.0 -1.781 1.374
0 8.0 -1.450 -0.760
10 8.0 -1.450 -0.760
20 8.0 -1.450 -0.760
30 8.0 -1.450 -0.760
40 8.0 -1.450 -0.760
50 8.0 -1.450 -0.760
60 8.0 -1.450 -0.760
70 8.0 -1.450 -0.760
80 8.0 -1.458 -0.761
90 8.0 -1.464 -0.757
100 8.0 -1.471 -0.759
110 8.0 -1.461 -0.758
120 8.0 -1.461 -0.757
130 8.0 -1.462 -0.759
140 8.0 -1.470 -0.758
150 8.0 -1.463 -0.760
160 8.0 -1.470 -0.753
170 8.0 -1.487 -0.745
180 8.0 -1.487 -0.746
190 8.0 -1.495 -0.743
500 24.0 0.270 2.650
510 24.0 0.440 2.340
520 24.0 0.580 2.100
530 24.0 0.700 1.880
540 24.0 0.720 1.610
550 24.0 0.760 1.340
560 24.0 0.830 1.000
570 24.0 0.820 0.680
580 24.0 0.816 0.686
590 24.0 0.810 0.679
600 24.0 0.805 0.678
610 24.0 0.820 0.679
620 24.0 0.823 0.688
630 24.0 0.833 0.700
640 24.0 0.825 0.700
650 24.0 0.819 0.703
660 24.0 0.816 0.702
670 24.0 0.824 0.707
680 24.0 0.809 0.705
690 24.0 0.802 0.725
500 25.0 -0.670 2.780
510 25.0 -0.450 2.560
520 25.0 -0.290 2.330
530 25.0 -0.090 2.100
540 25.0 0.050 1.830
550 25.0 0.150 1.520
560 25.0 0.270 1.220
570 25.0 0.260 0.900
580 25.0 0.253 0.902
590 25.0 0.242 0.892
600 25.0 0.233 0.904
610 25.0 0.213 0.905
620 25.0 0.218 0.908
630 25.0 0.204 0.915
640 25.0 0.191 0.927
650 25.0 0.171 0.911
660 25.0 0.161 0.914
670 25.0 0.155 0.917
680 25.0 0.147 0.923
690 25.0 0.132 0.919
590 28.0 0.740 3.690
600 28.0 0.780 3.360
610 28.0 0.870 3.030
620 28.0 0.920 2.660
630 28.0 0.960 2.310
640 28.0 1.070 1.960
650 28.0 1.110 1.630
660 28.0 1.100 1.260
670 28.0 1.093 1.272
680 28.0 1.089 1.261
690 28.0 1.078 1.261
700 28.0 1.077 1.243
710 28.0 1.063 1.245
720 28.0 1.056 1.244
730 28.0 1.047 1.246
740 28.0 1.063 1.243
750 28.0 1.075 1.232
760 28.0 1.081 1.236
770 28.0 1.075 1.241
780 28.0 1.074 1.250
1000 38.0 -1.400 -7.320
1010 38.0 -1.400 -7.300
1020 38.0 -1.400 -7.280
1030 38.0 -1.400 -7.280
1040 38.0 -1.400 -7.280
1050 38.0 -1.400 -7.280
1060 38.0 -1.400 -7.280
1070 38.0 -1.400 -7.280
1080 38.0 -1.405 -7.281
1090 38.0 -1.412 -7.274
1100 38.0 -1.416 -7.275
1110 38.0 -1.422 -7.271
1120 38.0 -1.429 -7.270
1130 38.0 -1.435 -7.278
1140 38.0 -1.441 -7.275
1150 38.0 -1.448 -7.273
1160 38.0 -1.448 -7.274
1170 38.0 -1.452 -7.279
1180 38.0 -1.460 -7.279
1190 38.0 -1.463 -7.275
1150 46.0 -1.650 0.900
1160 46.0 -1.650 0.900
1170 46.0 -1.650 0.900
1180 46.0 -1.650 0.900
1190 46.0 -1.650 0.900
1200 46.0 -1.650 0.900
1210 46.0 -1.650 0.900
1220 46.0 -1.650 0.900
1230 46.0 -1.655 0.902
1240 46.0 -1.666 0.909
1250 46.0 -1.677 0.913
1260 46.0 -1.681 0.919
1270 46.0 -1.685 0.926
1280 46.0 -1.698 0.926
1290 46.0 -1.701 0.923
1300 46.0 -1.712 0.918
1310 46.0 -1.715 0.923
1320 46.0 -1.717 0.920
1330 46.0 -1.717 0.926
1340 46.0 -1.731 0.924
1150 47.0 -1.720 1.280
1160 47.0 -1.720 1.280
1170 47.0 -1.720 1.280
1180 47.0 -1.720 1.280
1190 47.0 -1.720 1.280
1200 47.0 -1.720 1.280
1210 47.0 -1.720 1.280
1220 47.0 -1.720 1.280
1230 47.0 -1.726 1.284
1240 47.0 -1.722 1.277
1250 47.0 -1.726 1.282
1260 47.0 -1.729 1.280
1270 47.0 -1.738 1.283
1280 47.0 -1.747 1.282
1290 47.0 -1.750 1.282
1300 47.0 -1.760 1.278
1310 47.0 -1.771 1.283
1320 47.0 -1.766 1.289
1330 47.0 -1.761 1.292
1340 47.0 -1.757 1.306
2770 71.0 2.660 3.270
2780 71.0 2.670 2.680
2790 71.0 2.690 2.070
2800 71.0 2.640 1.450
2810 71.0 2.630 0.860
2820 71.0 2.630 0.250
2830 71.0 2.600 -0.340
2840 71.0 2.620 -0.930
2850 71.0 2.607 -0.892
2860 71.0 2.636 -0.918
2870 71.0 2.599 -1.030
2880 71.0 2.587 -1.113
2890 71.0 2.631 -1.298
2900 71.0 2.569 -1.405
2910 71.0 2.415 -1.492
2920 71.0 2.313 -1.510
2930 71.0 2.274 -1.389
2940 71.0 2.204 -1.399
2950 71.0 2.082 -1.511
2960 71.0 1.997 -1.754
2770 72.0 1.950 3.460
2780 72.0 1.860 2.860
2790 72.0 1.830 2.270
2800 72.0 1.790 1.720
2810 72.0 1.750 1.160
2820 72.0 1.790 0.550
2830 72.0 1.800 -0.060
2840 72.0 1.790 -0.660
2850 72.0 1.765 -0.646
2860 72.0 1.742 -0.740
2870 72.0 1.774 -0.830
2880 72.0 1.678 -0.891
2890 72.0 1.655 -1.000
2900 72.0 1.621 -1.112
2910 72.0 1.450 -1.240
2920 72.0 1.348 -1.242
2930 72.0 1.407 -1.289
2940 72.0 1.241 -1.179
2950 72.0 1.194 -1.237
2960 72.0 1.156 -1.322
3100 83.0 1.650 2.700
3110 83.0 1.730 2.090
3120 83.0 1.730 1.520
3130 83.0 1.710 0.910
3140 83.0 1.780 0.300
3150 83.0 1.760 -0.310
3160 83.0 1.720 -0.890
3170 83.0 1.740 -1.470
3180 83.0 1.728 -1.389
3190 83.0 1.721 -1.424
3200 83.0 1.668 -1.545
3210 83.0 1.626 -1.659
3220 83.0 1.598 -1.802
3230 83.0 1.481 -1.838
3240 83.0 1.592 -1.871
3250 83.0 1.475 -1.938
3260 83.0 1.515 -1.994
3270 83.0 1.422 -2.142
3280 83.0 1.464 -2.141
3290 83.0 1.385 -2.106
4000 96.0 1.980 3.740
4010 96.0 1.960 3.440
4020 96.0 1.980 3.110
4030 96.0 1.860 2.780
4040 96.0 1.830 2.430
4050 96.0 1.860 2.070
4060 96.0 1.800 1.700
4070 96.0 1.810 1.320
4080 96.0 1.793 1.316
4090 96.0 1.784 1.313
4100 96.0 1.788 1.319
4110 96.0 1.801 1.312
4120 96.0 1.790 1.292
4130 96.0 1.797 1.292
4140 96.0 1.800 1.295
4150 96.0 1.794 1.283
4160 96.0 1.806 1.262
4170 96.0 1.816 1.238
4180 96.0 1.824 1.233
4190 96.0 1.824 1.224
4000 97.0 1.220 3.290
4010 97.0 1.260 2.920
4020 97.0 1.330 2.570
4030 97.0 1.340 2.200
4040 97.0 1.320 1.840
4050 97.0 1.310 1.450
4060 97.0 1.240 1.040
4070 97.0 1.160 0.670
4080 97.0 1.166 0.668
4090 97.0 1.155 0.643
4100 97.0 1.152 0.630
4110 97.0 1.157 0.626
4120 97.0 1.157 0.614
4130 97.0 1.161 0.608
4140 97.0 1.158 0.598
4150 97.0 1.159 0.586
4160 97.0 1.134 0.563
4170 97.0 1.139 0.576
4180 97.0 1.125 0.565
4190 97.0 1.129 0.540
4000 101.0 1.260 -8.150
4010 101.0 1.260 -8.150
4020 101.0 1.250 -8.130
4030 101.0 1.250 -8.130
4040 101.0 1.310 -8.200
4050 101.0 1.360 -8.290
4060 101.0 1.370 -8.310
4070 101.0 1.370 -8.310
4080 101.0 1.373 -8.319
4090 101.0 1.373 -8.319
4100 101.0 1.381 -8.321
4110 101.0 1.380 -8.324
4120 101.0 1.379 -8.323
4130 101.0 1.380 -8.325
4140 101.0 1.378 -8.330
4150 101.0 1.387 -8.330
4160 101.0 1.398 -8.333
4170 101.0 1.393 -8.344
4180 101.0 1.390 -8.348
4190 101.0 1.389 -8.350
4000 102.0 1.370 -9.200
4010 102.0 1.370 -9.200
4020 102.0 1.370 -9.200
4030 102.0 1.380 -9.180
4040 102.0 1.380 -9.180
4050 102.0 1.380 -9.180
4060 102.0 1.380 -9.180
4070 102.0 1.380 -9.180
4080 102.0 1.372 -9.177
4090 102.0 1.375 -9.173
4100 102.0 1.370 -9.170
4110 102.0 1.351 -9.166
4120 102.0 1.345 -9.162
4130 102.0 1.340 -9.158
4140 102.0 1.335 -9.149
4150 102.0 1.329 -9.146
4160 102.0 1.324 -9.146
4170 102.0 1.318 -9.142
4180 102.0 1.311 -9.141
4190 102.0 1.302 -9.139
4430 104.0 1.340 -9.220
4440 104.0 1.340 -9.220
4450 104.0 1.340 -9.220
4460 104.0 1.340 -9.220
4470 104.0 1.340 -9.220
4480 104.0 1.340 -9.200
4490 104.0 1.340 -9.200
4500 104.0 1.340 -9.200
4510 104.0 1.323 -9.199
4520 104.0 1.318 -9.191
4530 104.0 1.313 -9.188
4540 104.0 1.313 -9.183
4550 104.0 1.310 -9.189
4560 104.0 1.305 -9.182
4570 104.0 1.298 -9.184
4580 104.0 1.288 -9.175
4590 104.0 1.282 -9.180
4600 104.0 1.287 -9.171
4610 104.0 1.277 -9.161
4620 104.0 1.270 -9.156
4430 105.0 1.370 -8.270
4440 105.0 1.370 -8.270
4450 105.0 1.370 -8.270
4460 105.0 1.370 -8.270
4470 105.0 1.370 -8.270
4480 105.0 1.370 -8.270
4490 105.0 1.370 -8.270
4500 105.0 1.370 -8.270
4510 105.0 1.358 -8.261
4520 105.0 1.350 -8.255
4530 105.0 1.341 -8.261
4540 105.0 1.336 -8.261
4550 105.0 1.335 -8.252
4560 105.0 1.333 -8.253
4570 105.0 1.331 -8.254
4580 105.0 1.326 -8.252
4590 105.0 1.318 -8.250
4600 105.0 1.312 -8.241
4610 105.0 1.314 -8.239
4620 105.0 1.306 -8.241
4430 106.0 2.590 -9.520
4440 106.0 2.620 -9.360
4450 106.0 2.610 -9.170
4460 106.0 2.530 -8.930
4470 106.0 2.480 -8.740
4480 106.0 2.490 -8.470
4490 106.0 2.510 -8.260
4500 106.0 2.460 -8.030
4510 106.0 2.464 -8.028
4520 106.0 2.463 -8.015
4530 106.0 2.461 -8.000
4540 106.0 2.459 -7.996
4550 106.0 2.460 -7.995
4560 106.0 2.467 -7.991
4570 106.0 2.481 -7.992
4580 106.0 2.485 -7.990
4590 106.0 2.492 -7.992
4600 106.0 2.493 -7.993
4610 106.0 2.490 -7.987
4620 106.0 2.485 -7.980
4430 107.0 3.280 -9.490
4440 107.0 3.300 -9.350
4450 107.0 3.300 -9.160
4460 107.0 3.280 -8.910
4470 107.0 3.250 -8.710
4480 107.0 3.230 -8.450
4490 107.0 3.220 -8.290
4500 107.0 3.090 -7.980
4510 107.0 3.099 -7.976
4520 107.0 3.103 -7.971
4530 107.0 3.112 -7.968
4540 107.0 3.113 -7.972
4550 107.0 3.116 -7.972
4560 107.0 3.118 -7.974
4570 107.0 3.126 -7.973
4580 107.0 3.123 -7.972
4590 107.0 3.133 -7.963
4600 107.0 3.141 -7.953
4610 107.0 3.147 -7.955
4620 107.0 3.149 -7.956
4570 110.0 2.560 2.430
4580 110.0 2.450 1.830
4590 110.0 2.510 1.230
4600 110.0 2.540 0.620
4610 110.0 2.560 -0.010
4620 110.0 2.660 -0.620
4630 110.0 2.630 -1.220
4640 110.0 2.800 -1.860
4650 110.0 2.732 -1.817
4660 110.0 2.735 -1.848
4670 110.0 2.743 -1.980
4680 110.0 2.781 -2.042
4690 110.0 2.678 -2.032
4700 110.0 2.612 -2.191
4710 110.0 2.691 -2.356
4720 110.0 2.614 -2.431
4730 110.0 2.486 -2.572
4740 110.0 2.348 -2.837
4750 110.0 2.246 -2.911
4760 110.0 2.143 -3.004
4690 112.0 3.720 -8.770
4700 112.0 3.710 -8.180
4710 112.0 3.720 -7.630
4720 112.0 3.730 -7.060
4730 112.0 3.570 -6.410
4740 112.0 3.440 -5.730
4750 112.0 3.410 -5.190
4760 112.0 3.290 -4.500
4770 112.0 3.276 -4.567
4780 112.0 3.298 -4.480
4790 112.0 3.310 -4.354
4800 112.0 3.237 -4.301
4810 112.0 3.352 -4.202
4820 112.0 3.262 -4.191
4830 112.0 3.316 -4.058
4840 112.0 3.311 -3.927
4850 112.0 3.316 -3.856
4860 112.0 3.479 -3.785
4870 112.0 3.356 -3.760
4880 112.0 3.339 -3.553
5680 119.0 1.300 3.750
5690 119.0 1.230 3.210
5700 119.0 1.250 2.680
5710 119.0 1.240 2.150
5720 119.0 1.230 1.650
5730 119.0 1.210 1.030
5740 119.0 1.230 0.420
5750 119.0 1.290 -0.060
5760 119.0 1.271 -0.017
5770 119.0 1.250 -0.091
5780 119.0 1.230 -0.223
5790 119.0 1.241 -0.262
5800 119.0 1.188 -0.275
5810 119.0 1.143 -0.276
5820 119.0 1.157 -0.320
5830 119.0 1.110 -0.498
5840 119.0 0.934 -0.600
5850 119.0 0.871 -0.791
5860 119.0 0.735 -0.874
5870 119.0 0.684 -1.100
5680 120.0 0.590 3.300
5690 120.0 0.580 2.800
5700 120.0 0.520 2.250
5710 120.0 0.570 1.700
5720 120.0 0.580 1.190
5730 120.0 0.570 0.640
5740 120.0 0.640 0.060
5750 120.0 0.640 -0.430
5760 120.0 0.610 -0.400
5770 120.0 0.589 -0.455
5780 120.0 0.560 -0.547
5790 120.0 0.591 -0.610
5800 120.0 0.553 -0.681
5810 120.0 0.525 -0.761
5820 120.0 0.440 -0.857
5830 120.0 0.400 -0.918
5840 120.0 0.243 -1.060
5850 120.0 0.205 -1.252
5860 120.0 0.177 -1.364
5870 120.0 0.178 -1.614
6790 136.0 3.140 -1.410
6800 136.0 3.150 -1.430
6810 136.0 3.170 -1.460
6820 136.0 3.170 -1.490
6830 136.0 3.180 -1.520
6840 136.0 3.200 -1.520
6850 136.0 3.200 -1.540
6860 136.0 3.190 -1.560
6870 136.0 3.192 -1.560
6880 136.0 3.188 -1.560
6890 136.0 3.193 -1.566
6900 136.0 3.194 -1.575
6910 136.0 3.200 -1.570
6920 136.0 3.204 -1.573
6930 136.0 3.209 -1.576
6940 136.0 3.212 -1.576
6950 136.0 3.222 -1.579
6960 136.0 3.224 -1.576
6970 136.0 3.228 -1.577
6980 136.0 3.230 -1.577
6840 138.0 1.400 -8.320
6850 138.0 1.420 -8.320
6860 138.0 1.440 -8.320
6870 138.0 1.440 -8.320
6880 138.0 1.440 -8.320
6890 138.0 1.480 -8.250
6900 138.0 1.480 -8.260
6910 138.0 1.480 -8.260
6920 138.0 1.467 -8.260
6930 138.0 1.465 -8.260
6940 138.0 1.455 -8.267
6950 138.0 1.445 -8.267
6960 138.0 1.433 -8.267
6970 138.0 1.425 -8.260
6980 138.0 1.414 -8.260
6990 138.0 1.403 -8.265
7000 138.0 1.388 -8.271
7010 138.0 1.380 -8.268
7020 138.0 1.378 -8.259
7030 138.0 1.378 -8.253
6840 139.0 1.230 -9.320
6850 139.0 1.270 -9.300
6860 139.0 1.290 -9.280
6870 139.0 1.280 -9.280
6880 139.0 1.280 -9.290
6890 139.0 1.260 -9.280
6900 139.0 1.190 -9.270
6910 139.0 1.220 -9.270
6920 139.0 1.209 -9.275
6930 139.0 1.198 -9.279
6940 139.0 1.177 -9.278
6950 139.0 1.171 -9.276
6960 139.0 1.166 -9.281
6970 139.0 1.164 -9.276
6980 139.0 1.153 -9.268
6990 139.0 1.146 -9.265
7000 139.0 1.139 -9.259
7010 139.0 1.138 -9.248
7020 139.0 1.129 -9.247
7030 139.0 1.132 -9.239
6890 142.0 0.600 -9.340
6900 142.0 0.600 -8.960
6910 142.0 0.590 -8.500
6920 142.0 0.820 -7.990
6930 142.0 0.990 -7.510
6940 142.0 1.210 -7.030
6950 142.0 1.310 -6.530
6960 142.0 1.280 -6.020
6970 142.0 1.295 -6.027
6980 142.0 1.326 -5.980
6990 142.0 1.352 -5.952
7000 142.0 1.367 -5.883
7010 142.0 1.369 -5.857
7020 142.0 1.411 -5.810
7030 142.0 1.455 -5.761
7040 142.0 1.493 -5.683
7050 142.0 1.545 -5.620
7060 142.0 1.619 -5.522
7070 142.0 1.760 -5.422
7080 142.0 1.815 -5.322
6890 143.0 0.090 -9.200
6900 143.0 0.090 -8.790
6910 143.0 0.100 -8.320
6920 143.0 0.300 -7.810
6930 143.0 0.450 -7.330
6940 143.0 0.490 -6.760
6950 143.0 0.570 -6.280
6960 143.0 0.620 -5.820
6970 143.0 0.605 -5.827
6980 143.0 0.625 -5.812
6990 143.0 0.667 -5.773
7000 143.0 0.705 -5.731
7010 143.0 0.752 -5.676
7020 143.0 0.797 -5.606
7030 143.0 0.850 -5.532
7040 143.0 0.942 -5.469
7050 143.0 0.971 -5.416
7060 143.0 0.998 -5.352
7070 143.0 1.052 -5.297
7080 143.0 1.130 -5.197
6890 144.0 0.010 -6.930
6900 144.0 0.010 -6.930
6910 144.0 0.010 -6.930
6920 144.0 -0.140 -6.840
6930 144.0 -0.230 -6.900
6940 144.0 -0.290 -6.790
6950 144.0 -0.260 -6.820
6960 144.0 -0.260 -6.810
6970 144.0 -0.255 -6.805
6980 144.0 -0.248 -6.800
6990 144.0 -0.250 -6.799
7000 144.0 -0.251 -6.795
7010 144.0 -0.252 -6.788
7020 144.0 -0.252 -6.784
7030 144.0 -0.251 -6.781
7040 144.0 -0.247 -6.782
7050 144.0 -0.243 -6.780
7060 144.0 -0.253 -6.780
7070 144.0 -0.258 -6.779
7080 144.0 -0.252 -6.780
6970 145.0 2.460 2.980
6980 145.0 2.510 2.450
6990 145.0 2.600 1.900
7000 145.0 2.660 1.360
7010 145.0 2.680 0.840
7020 145.0 2.690 0.310
7030 145.0 2.530 -0.180
7040 145.0 2.360 -0.610
7050 145.0 2.354 -0.590
7060 145.0 2.332 -0.616
7070 145.0 2.302 -0.694
7080 145.0 2.284 -0.720
7090 145.0 2.334 -0.735
7100 145.0 2.266 -0.822
7110 145.0 2.274 -0.859
7120 145.0 2.220 -0.974
7130 145.0 2.214 -1.046
7140 145.0 2.148 -1.180
7150 145.0 2.018 -1.286
7160 145.0 1.905 -1.404
7030 150.0 2.970 -1.620
7040 150.0 2.900 -1.710
7050 150.0 2.830 -1.940
7060 150.0 2.730 -2.110
7070 150.0 2.530 -2.260
7080 150.0 2.490 -2.400
7090 150.0 2.430 -2.480
7100 150.0 2.460 -2.560
7110 150.0 2.452 -2.558
7120 150.0 2.432 -2.558
7130 150.0 2.435 -2.552
7140 150.0 2.428 -2.542
7150 150.0 2.424 -2.543
7160 150.0 2.409 -2.542
7170 150.0 2.401 -2.537
7180 150.0 2.389 -2.540
7190 150.0 2.384 -2.541
7200 150.0 2.377 -2.538
7210 150.0 2.367 -2.542
7220 150.0 2.349 -2.538
7480 156.0 1.420 -9.380
7490 156.0 1.450 -8.780
7500 156.0 1.460 -8.110
7510 156.0 1.340 -7.430
7520 156.0 1.360 -6.750
7530 156.0 1.470 -5.970
7540 156.0 1.450 -5.290
7550 156.0 1.450 -4.590
7560 156.0 1.402 -4.718
7570 156.0 1.485 -4.688
7580 156.0 1.458 -4.559
7590 156.0 1.494 -4.539
7600 156.0 1.434 -4.477
7610 156.0 1.411 -4.387
7620 156.0 1.427 -4.347
7630 156.0 1.567 -4.089
7640 156.0 1.449 -4.190
7650 156.0 1.561 -4.169
7660 156.0 1.466 -3.923
7670 156.0 1.510 -4.059
7480 157.0 2.250 -9.310
7490 157.0 2.170 -8.670
7500 157.0 2.120 -8.010
7510 157.0 2.040 -7.340
7520 157.0 2.050 -6.680
7530 157.0 2.110 -5.990
7540 157.0 2.060 -5.280
7550 157.0 2.080 -4.580
7560 157.0 2.038 -4.725
7570 157.0 1.988 -4.667
7580 157.0 1.995 -4.651
7590 157.0 2.050 -4.568
7600 157.0 2.020 -4.503
7610 157.0 1.983 -4.544
7620 157.0 2.046 -4.358
7630 157.0 2.048 -4.392
7640 157.0 2.016 -4.405
7650 157.0 2.033 -4.108
7660 157.0 1.966 -4.169
7670 157.0 2.003 -3.977
9260 174.0 0.950 1.710
9270 174.0 0.960 1.250
9280 174.0 0.950 0.750
9290 174.0 1.000 0.250
9300 174.0 0.990 -0.250
9310 174.0 0.970 -0.750
9320 174.0 1.040 -1.280
9330 174.0 1.020 -1.800
9340 174.0 1.022 -1.788
9350 174.0 1.010 -1.807
9360 174.0 1.014 -1.860
9370 174.0 1.010 -1.923
9380 174.0 1.046 -1.995
9390 174.0 1.024 -2.039
9400 174.0 1.000 -2.099
9410 174.0 1.009 -2.205
9420 174.0 0.997 -2.306
9430 174.0 0.948 -2.333
9440 174.0 0.924 -2.476
9450 174.0 0.872 -2.608
9260 175.0 1.640 2.000
9270 175.0 1.630 1.500
9280 175.0 1.620 1.010
9290 175.0 1.610 0.490
9300 175.0 1.640 -0.010
9310 175.0 1.600 -0.500
9320 175.0 1.580 -1.010
9330 175.0 1.640 -1.520
9340 175.0 1.594 -1.520
9350 175.0 1.572 -1.566
9360 175.0 1.586 -1.621
9370 175.0 1.548 -1.720
9380 175.0 1.521 -1.827
9390 175.0 1.515 -1.914
9400 175.0 1.489 -2.005
9410 175.0 1.371 -2.046
9420 175.0 1.412 -2.142
9430 175.0 1.474 -2.264
9440 175.0 1.473 -2.262
9450 175.0 1.357 -2.331
9370 180.0 -1.090 -6.720
9380 180.0 -1.090 -6.720
9390 180.0 -1.090 -6.720
9400 180.0 -1.090 -6.720
9410 180.0 -1.090 -6.720
9420 180.0 -1.090 -6.720
9430 180.0 -1.090 -6.720
9440 180.0 -1.090 -6.720
9450 180.0 -1.096 -6.717
9460 180.0 -1.105 -6.724
9470 180.0 -1.115 -6.725
9480 180.0 -1.116 -6.722
9490 180.0 -1.118 -6.721
9500 180.0 -1.123 -6.720
9510 180.0 -1.129 -6.712
9520 180.0 -1.127 -6.709
9530 180.0 -1.133 -6.709
9540 180.0 -1.138 -6.708
9550 180.0 -1.147 -6.700
9560 180.0 -1.154 -6.705
9400 181.0 1.170 -9.880
9410 181.0 1.210 -9.220
9420 181.0 1.390 -8.650
9430 181.0 1.580 -8.140
9440 181.0 1.540 -7.670
9450 181.0 1.580 -7.100
9460 181.0 1.730 -6.550
9470 181.0 1.800 -5.920
9480 181.0 1.792 -6.006
9490 181.0 1.838 -5.961
9500 181.0 1.870 -5.897
9510 181.0 1.913 -5.819
9520 181.0 1.989 -5.754
9530 181.0 2.022 -5.645
9540 181.0 2.127 -5.566
9550 181.0 2.183 -5.443
9560 181.0 2.279 -5.404
9570 181.0 2.314 -5.271
9580 181.0 2.444 -5.108
9590 181.0 2.550 -4.985
9400 182.0 1.890 -9.650
9410 182.0 1.920 -9.050
9420 182.0 1.980 -8.510
9430 182.0 2.150 -7.980
9440 182.0 2.170 -7.280
9450 182.0 2.210 -6.760
9460 182.0 2.280 -6.140
9470 182.0 2.390 -5.440
9480 182.0 2.420 -5.519
9490 182.0 2.464 -5.455
9500 182.0 2.513 -5.382
9510 182.0 2.594 -5.285
9520 182.0 2.685 -5.214
9530 182.0 2.890 -5.077
9540 182.0 2.961 -4.972
9550 182.0 3.027 -4.966
9560 182.0 3.126 -4.821
9570 182.0 3.248 -4.678
9580 182.0 3.372 -4.467
9590 182.0 3.523 -4.487
9410 185.0 -0.880 -1.080
9420 185.0 -0.860 -1.040
9430 185.0 -0.850 -1.000
9440 185.0 -0.850 -1.000
9450 185.0 -0.870 -1.030
9460 185.0 -0.910 -1.070
9470 185.0 -0.930 -1.090
9480 185.0 -0.930 -1.070
9490 185.0 -0.940 -1.070
9500 185.0 -0.936 -1.064
9510 185.0 -0.945 -1.060
9520 185.0 -0.942 -1.067
9530 185.0 -0.943 -1.060
9540 185.0 -0.947 -1.059
9550 185.0 -0.949 -1.055
9560 185.0 -0.949 -1.051
9570 185.0 -0.953 -1.048
9580 185.0 -0.958 -1.039
9590 185.0 -0.967 -1.038
9600 185.0 -0.971 -1.034
9420 187.0 1.710 2.670
9430 187.0 1.750 2.050
9440 187.0 1.810 1.480
9450 187.0 1.890 0.910
9460 187.0 1.900 0.320
9470 187.0 1.920 -0.290
9480 187.0 1.850 -1.010
9490 187.0 1.700 -1.600
9500 187.0 1.736 -1.503
9510 187.0 1.719 -1.526
9520 187.0 1.739 -1.679
9530 187.0 1.784 -1.872
9540 187.0 1.778 -1.969
9550 187.0 1.696 -2.053
9560 187.0 1.619 -2.178
9570 187.0 1.835 -2.176
9580 187.0 1.774 -2.142
9590 187.0 1.776 -2.140
9600 187.0 1.665 -2.333
9610 187.0 1.762 -2.107
9460 192.0 2.070 3.850
9470 192.0 2.100 3.270
9480 192.0 2.180 2.630
9490 192.0 2.140 1.990
9500 192.0 2.100 1.290
9510 192.0 2.030 0.570
9520 192.0 1.900 0.000
9530 192.0 1.770 -0.570
9540 192.0 1.762 -0.522
9550 192.0 1.744 -0.540
9560 192.0 1.709 -0.596
9570 192.0 1.681 -0.677
9580 192.0 1.575 -0.705
9590 192.0 1.478 -0.944
9600 192.0 1.403 -1.027
9610 192.0 1.366 -1.079
9620 192.0 1.404 -1.138
9630 192.0 1.233 -1.310
9640 192.0 1.337 -1.084
9650 192.0 0.886 -1.273
9500 194.0 1.720 -8.940
9510 194.0 1.780 -8.300
9520 194.0 1.800 -7.810
9530 194.0 1.880 -7.260
9540 194.0 1.960 -6.650
9550 194.0 1.980 -6.050
9560 194.0 2.040 -5.440
9570 194.0 2.060 -4.850
9580 194.0 2.046 -4.882
9590 194.0 2.075 -4.803
9600 194.0 2.106 -4.738
9610 194.0 2.189 -4.655
9620 194.0 2.188 -4.565
9630 194.0 2.260 -4.468
9640 194.0 2.218 -4.289
9650 194.0 2.335 -4.338
9660 194.0 2.378 -4.186
9670 194.0 2.372 -4.324
9680 194.0 2.347 -4.415
9690 194.0 2.431 -4.107
9500 195.0 2.240 -9.130
9510 195.0 2.310 -8.510
9520 195.0 2.350 -7.950
9530 195.0 2.430 -7.420
9540 195.0 2.480 -6.870
9550 195.0 2.470 -6.200
9560 195.0 2.530 -5.600
9570 195.0 2.560 -5.010
9580 195.0 2.542 -5.045
9590 195.0 2.576 -4.970
9600 195.0 2.578 -4.897
9610 195.0 2.630 -4.814
9620 195.0 2.600 -4.676
9630 195.0 2.671 -4.565
9640 195.0 2.824 -4.381
9650 195.0 2.938 -4.388
9660 195.0 2.936 -4.341
9670 195.0 2.960 -4.269
9680 195.0 3.016 -3.985
9690 195.0 3.218 -3.770
9500 196.0 2.070 3.900
9510 196.0 2.000 3.360
9520 196.0 2.050 2.770
9530 196.0 1.970 2.080
9540 196.0 1.900 1.490
9550 196.0 1.810 0.870
9560 196.0 1.660 0.320
9570 196.0 1.570 -0.300
9580 196.0 1.574 -0.281
9590 196.0 1.522 -0.370
9600 196.0 1.490 -0.427
9610 196.0 1.472 -0.484
9620 196.0 1.376 -0.524
9630 196.0 1.310 -0.628
9640 196.0 1.274 -0.671
9650 196.0 1.150 -0.592
9660 196.0 1.045 -0.765
9670 196.0 0.817 -0.847
9680 196.0 0.788 -0.839
9690 196.0 0.718 -0.946
9510 199.0 -1.420 -3.510
9520 199.0 -1.310 -3.570
9530 199.0 -1.120 -3.530
9540 199.0 -1.050 -3.550
9550 199.0 -0.980 -3.660
9560 199.0 -0.740 -3.670
9570 199.0 -0.610 -3.720
9580 199.0 -0.490 -3.890
9590 199.0 -0.491 -3.880
9600 199.0 -0.488 -3.864
9610 199.0 -0.489 -3.860
9620 199.0 -0.498 -3.857
9630 199.0 -0.494 -3.849
9640 199.0 -0.497 -3.839
9650 199.0 -0.502 -3.833
9660 199.0 -0.507 -3.830
9670 199.0 -0.503 -3.826
9680 199.0 -0.499 -3.823
9690 199.0 -0.494 -3.823
9700 199.0 -0.494 -3.817
9550 200.0 2.010 -9.810
9560 200.0 1.990 -9.270
9570 200.0 2.060 -8.710
9580 200.0 2.130 -8.190
9590 200.0 2.130 -7.640
9600 200.0 2.140 -7.030
9610 200.0 2.120 -6.460
9620 200.0 2.130 -5.900
9630 200.0 2.122 -5.933
9640 200.0 2.131 -5.896
9650 200.0 2.141 -5.829
9660 200.0 2.138 -5.765
9670 200.0 2.153 -5.689
9680 200.0 2.183 -5.555
9690 200.0 2.184 -5.519
9700 200.0 2.163 -5.417
9710 200.0 2.198 -5.266
9720 200.0 2.189 -5.312
9730 200.0 2.284 -5.135
9740 200.0 2.356 -5.070
9550 201.0 2.780 -9.950
9560 201.0 2.740 -9.370
9570 201.0 2.770 -8.830
9580 201.0 2.840 -8.300
9590 201.0 2.840 -7.750
9600 201.0 2.820 -7.150
9610 201.0 2.860 -6.580
9620 201.0 2.860 -6.040
9630 201.0 2.845 -6.084
9640 201.0 2.845 -6.028
9650 201.0 2.889 -5.967
9660 201.0 2.937 -5.860
9670 201.0 2.902 -5.775
9680 201.0 2.913 -5.694
9690 201.0 2.969 -5.531
9700 201.0 3.048 -5.460
9710 201.0 2.969 -5.322
9720 201.0 3.183 -5.239
9730 201.0 3.247 -5.086
9740 201.0 3.357 -5.081
9590 203.0 0.940 4.050
9600 203.0 1.040 3.550
9610 203.0 0.950 3.070
9620 203.0 0.910 2.620
9630 203.0 0.930 2.130
9640 203.0 0.850 1.670
9650 203.0 0.830 1.170
9660 203.0 0.750 0.700
9670 203.0 0.736 0.724
9680 203.0 0.747 0.698
9690 203.0 0.702 0.664
9700 203.0 0.694 0.576
9710 203.0 0.677 0.527
9720 203.0 0.666 0.439
9730 203.0 0.638 0.365
9740 203.0 0.609 0.320
9750 203.0 0.614 0.258
9760 203.0 0.614 0.230
9770 203.0 0.579 0.125
9780 203.0 0.527 0.050
9610 204.0 -0.120 -5.850
9620 204.0 -0.120 -5.850
9630 204.0 -0.430 -6.030
9640 204.0 -0.620 -6.040
9650 204.0 -0.900 -5.920
9660 204.0 -1.100 -5.880
9670 204.0 -1.240 -5.880
9680 204.0 -1.360 -5.800
9690 204.0 -1.369 -5.796
9700 204.0 -1.384 -5.790
9710 204.0 -1.390 -5.777
9720 204.0 -1.401 -5.766
9730 204.0 -1.405 -5.760
9740 204.0 -1.407 -5.751
9750 204.0 -1.410 -5.742
9760 204.0 -1.419 -5.744
9770 204.0 -1.415 -5.732
9780 204.0 -1.412 -5.724
9790 204.0 -1.420 -5.727
9800 204.0 -1.418 -5.728
9660 206.0 1.260 3.880
9670 206.0 1.240 3.450
9680 206.0 1.160 2.940
9690 206.0 1.140 2.420
9700 206.0 1.080 1.840
9710 206.0 1.110 1.240
9720 206.0 1.100 0.660
9730 206.0 1.130 -0.020
9740 206.0 1.115 0.010
9750 206.0 1.069 -0.087
9760 206.0 1.083 -0.129
9770 206.0 1.069 -0.179
9780 206.0 1.073 -0.283
9790 206.0 1.087 -0.333
9800 206.0 1.096 -0.422
9810 206.0 0.988 -0.539
9820 206.0 1.014 -0.688
9830 206.0 1.000 -0.832
9840 206.0 0.909 -0.856
9850 206.0 0.773 -1.016
10050 222.0 -0.940 -0.960
10060 222.0 -0.990 -1.050
10070 222.0 -1.020 -1.150
10080 222.0 -1.020 -1.200
10090 222.0 -1.060 -1.200
10100 222.0 -1.090 -1.170
10110 222.0 -1.110 -1.150
10120 222.0 -1.110 -1.130
10130 222.0 -1.107 -1.129
10140 222.0 -1.101 -1.132
10150 222.0 -1.115 -1.141
10160 222.0 -1.123 -1.143
10170 222.0 -1.122 -1.139
10180 222.0 -1.122 -1.136
10190 222.0 -1.127 -1.141
10200 222.0 -1.127 -1.146
10210 222.0 -1.128 -1.158
10220 222.0 -1.128 -1.163
10230 222.0 -1.137 -1.168
10240 222.0 -1.143 -1.171
10060 223.0 1.500 4.070
10070 223.0 1.440 3.690
10080 223.0 1.630 3.220
10090 223.0 1.650 2.780
10100 223.0 1.620 2.320
10110 223.0 1.650 1.870
10120 223.0 1.710 1.440
10130 223.0 1.630 1.040
10140 223.0 1.636 1.033
10150 223.0 1.628 1.012
10160 223.0 1.632 0.986
10170 223.0 1.637 0.968
10180 223.0 1.614 0.932
10190 223.0 1.587 0.923
10200 223.0 1.570 0.876
10210 223.0 1.574 0.822
10220 223.0 1.596 0.766
10230 223.0 1.579 0.709
10240 223.0 1.547 0.689
10250 223.0 1.503 0.620
10070 224.0 0.500 4.180
10080 224.0 0.550 3.770
10090 224.0 0.710 3.400
10100 224.0 0.740 2.980
10110 224.0 0.730 2.540
10120 224.0 0.920 2.130
10130 224.0 0.950 1.690
10140 224.0 0.900 1.150
10150 224.0 0.908 1.175
10160 224.0 0.913 1.149
10170 224.0 0.913 1.106
10180 224.0 0.896 1.091
10190 224.0 0.905 1.077
10200 224.0 0.902 1.043
10210 224.0 0.942 1.028
10220 224.0 0.975 0.988
10230 224.0 1.022 0.964
10240 224.0 1.031 0.895
10250 224.0 1.054 0.856
10260 224.0 1.095 0.798
10080 226.0 1.620 -9.940
10090 226.0 1.720 -9.500
10100 226.0 1.710 -8.990
10110 226.0 1.700 -8.500
10120 226.0 1.640 -8.020
10130 226.0 1.500 -7.490
10140 226.0 1.450 -6.960
10150 226.0 1.400 -6.460
10160 226.0 1.395 -6.467
10170 226.0 1.355 -6.444
10180 226.0 1.365 -6.373
10190 226.0 1.369 -6.301
10200 226.0 1.355 -6.267
10210 226.0 1.336 -6.197
10220 226.0 1.306 -6.086
10230 226.0 1.311 -5.992
10240 226.0 1.355 -5.930
10250 226.0 1.371 -5.901
10260 226.0 1.367 -5.841
10270 226.0 1.382 -5.625
10110 227.0 1.720 3.870
10120 227.0 1.800 3.320
10130 227.0 1.830 2.820
10140 227.0 2.020 2.310
10150 227.0 2.090 1.820
10160 227.0 2.020 1.310
10170 227.0 2.030 0.800
10180 227.0 1.950 0.380
10190 227.0 1.962 0.372
10200 227.0 1.938 0.326
10210 227.0 1.945 0.294
10220 227.0 1.937 0.215
10230 227.0 1.959 0.084
10240 227.0 1.994 -0.021
10250 227.0 1.973 -0.072
10260 227.0 1.945 -0.174
10270 227.0 1.911 -0.313
10280 227.0 1.960 -0.315
10290 227.0 2.072 -0.449
10300 227.0 2.107 -0.532
10260 230.0 0.930 -9.760
10270 230.0 0.760 -9.200
10280 230.0 0.630 -8.650
10290 230.0 0.580 -8.080
10300 230.0 0.450 -7.480
10310 230.0 0.410 -6.950
10320 230.0 0.410 -6.360
10330 230.0 0.350 -5.750
10340 230.0 0.346 -5.789
10350 230.0 0.339 -5.731
10360 230.0 0.352 -5.662
10370 230.0 0.279 -5.609
10380 230.0 0.346 -5.586
10390 230.0 0.250 -5.571
10400 230.0 0.299 -5.496
10410 230.0 0.256 -5.404
10420 230.0 0.238 -5.329
10430 230.0 0.209 -5.297
10440 230.0 0.307 -5.065
10450 230.0 0.200 -5.125
10260 231.0 2.750 -9.510
10270 231.0 2.860 -9.170
10280 231.0 2.920 -8.790
10290 231.0 2.950 -8.320
10300 231.0 3.050 -7.920
10310 231.0 3.110 -7.530
10320 231.0 3.100 -7.140
10330 231.0 3.140 -6.780
10340 231.0 3.154 -6.777
10350 231.0 3.164 -6.765
10360 231.0 3.179 -6.740
10370 231.0 3.201 -6.744
10380 231.0 3.208 -6.715
10390 231.0 3.216 -6.700
10400 231.0 3.236 -6.692
10410 231.0 3.255 -6.664
10420 231.0 3.272 -6.633
10430 231.0 3.276 -6.613
10440 231.0 3.292 -6.606
10450 231.0 3.313 -6.587
10260 232.0 3.520 -10.010
10270 232.0 3.430 -9.550
10280 232.0 3.440 -9.170
10290 232.0 3.540 -8.780
10300 232.0 3.560 -8.350
10310 232.0 3.560 -7.920
10320 232.0 3.630 -7.490
10330 232.0 3.590 -7.110
10340 232.0 3.590 -7.120
10350 232.0 3.581 -7.105
10360 232.0 3.593 -7.100
10370 232.0 3.589 -7.072
10380 232.0 3.596 -7.053
10390 232.0 3.613 -7.037
10400 232.0 3.632 -7.024
10410 232.0 3.640 -7.014
10420 232.0 3.661 -6.969
10430 232.0 3.667 -6.959
10440 232.0 3.687 -6.921
10450 232.0 3.704 -6.878
10260 233.0 -1.110 -6.760
10270 233.0 -1.110 -6.760
10280 233.0 -1.110 -6.760
10290 233.0 -1.110 -6.760
10300 233.0 -1.090 -6.760
10310 233.0 -1.090 -6.760
10320 233.0 -1.090 -6.760
10330 233.0 -1.090 -6.760
10340 233.0 -1.106 -6.755
10350 233.0 -1.105 -6.758
10360 233.0 -1.116 -6.755
10370 233.0 -1.120 -6.752
10380 233.0 -1.116 -6.753
10390 233.0 -1.126 -6.755
10400 233.0 -1.130 -6.754
10410 233.0 -1.136 -6.757
10420 233.0 -1.138 -6.747
10430 233.0 -1.139 -6.740
10440 233.0 -1.147 -6.749
10450 233.0 -1.153 -6.745
10370 235.0 4.000 -9.300
10380 235.0 4.020 -8.910
10390 235.0 4.040 -8.550
10400 235.0 3.970 -8.190
10410 235.0 3.920 -7.870
10420 235.0 3.980 -7.550
10430 235.0 3.940 -7.210
10440 235.0 3.870 -6.890
10450 235.0 3.871 -6.884
10460 235.0 3.883 -6.878
10470 235.0 3.876 -6.868
10480 235.0 3.874 -6.855
10490 235.0 3.894 -6.855
10500 235.0 3.882 -6.853
10510 235.0 3.881 -6.848
10520 235.0 3.866 -6.845
10530 235.0 3.879 -6.825
10540 235.0 3.878 -6.818
10550 235.0 3.875 -6.832
10560 235.0 3.877 -6.820
10370 236.0 3.420 -9.440
10380 236.0 3.380 -9.100
10390 236.0 3.330 -8.760
10400 236.0 3.350 -8.410
10410 236.0 3.340 -8.070
10420 236.0 3.260 -7.660
10430 236.0 3.240 -7.320
10440 236.0 3.290 -6.880
10450 236.0 3.289 -6.892
10460 236.0 3.289 -6.866
10470 236.0 3.296 -6.844
10480 236.0 3.284 -6.841
10490 236.0 3.287 -6.830
10500 236.0 3.287 -6.816
10510 236.0 3.289 -6.809
10520 236.0 3.275 -6.801
10530 236.0 3.270 -6.793
10540 236.0 3.264 -6.794
10550 236.0 3.262 -6.791
10560 236.0 3.266 -6.787
10520 240.0 3.040 -9.010
10530 240.0 3.080 -8.440
10540 240.0 3.080 -7.850
10550 240.0 3.030 -7.230
10560 240.0 3.070 -6.620
10570 240.0 2.960 -5.980
10580 240.0 2.930 -5.330
10590 240.0 2.860 -4.690
10600 240.0 2.859 -4.763
10610 240.0 2.853 -4.687
10620 240.0 2.831 -4.583
10630 240.0 2.849 -4.482
10640 240.0 2.826 -4.448
10650 240.0 2.888 -4.314
10660 240.0 2.803 -4.252
10670 240.0 2.752 -4.231
10680 240.0 2.752 -4.023
10690 240.0 2.667 -4.133
10700 240.0 2.435 -4.038
10710 240.0 2.487 -3.713
10710 254.0 2.840 -9.900
10720 254.0 2.770 -9.220
10730 254.0 2.780 -8.530
10740 254.0 2.780 -7.890
10750 254.0 2.760 -7.250
10760 254.0 2.800 -6.590
10770 254.0 2.790 -5.910
10780 254.0 2.800 -5.300
10790 254.0 2.757 -5.395
10800 254.0 2.748 -5.369
10810 254.0 2.811 -5.338
10820 254.0 2.768 -5.392
10830 254.0 2.765 -5.338
10840 254.0 2.833 -5.265
10850 254.0 2.846 -5.181
10860 254.0 2.883 -5.028
10870 254.0 2.816 -5.079
10880 254.0 2.780 -4.971
10890 254.0 2.815 -4.875
10900 254.0 2.812 -4.888
10850 259.0 3.580 2.970
10860 259.0 3.460 2.390
10870 259.0 3.450 1.840
10880 259.0 3.480 1.320
10890 259.0 3.450 0.770
10900 259.0 3.450 0.200
10910 259.0 3.430 -0.360
10920 259.0 3.400 -0.940
10930 259.0 3.346 -0.925
10940 259.0 3.346 -0.996
10950 259.0 3.344 -1.044
10960 259.0 3.304 -1.131
10970 259.0 3.303 -1.160
10980 259.0 3.340 -1.274
10990 259.0 3.366 -1.339
11000 259.0 3.340 -1.327
11010 259.0 3.336 -1.471
11020 259.0 3.279 -1.579
11030 259.0 3.223 -1.674
11040 259.0 3.186 -1.864
10900 261.0 1.270 3.920
10910 261.0 1.350 3.260
10920 261.0 1.410 2.680
10930 261.0 1.470 2.080
10940 261.0 1.680 1.460
10950 261.0 1.790 0.850
10960 261.0 1.890 0.260
10970 261.0 2.050 -0.340
10980 261.0 2.050 -0.287
10990 261.0 2.018 -0.377
11000 261.0 2.007 -0.491
11010 261.0 1.989 -0.616
11020 261.0 2.026 -0.681
11030 261.0 2.089 -0.638
11040 261.0 2.234 -0.835
11050 261.0 2.171 -0.971
11060 261.0 2.284 -1.074
11070 261.0 2.243 -0.979
11080 261.0 2.273 -1.056
11090 261.0 2.440 -0.981
11000 262.0 3.390 -9.440
11010 262.0 3.450 -8.860
11020 262.0 3.430 -8.250
11030 262.0 3.480 -7.660
11040 262.0 3.430 -6.990
11050 262.0 3.370 -6.350
11060 262.0 3.310 -5.750
11070 262.0 3.220 -5.170
11080 262.0 3.221 -5.198
11090 262.0 3.184 -5.124
11100 262.0 3.180 -5.041
11110 262.0 3.195 -4.969
11120 262.0 3.252 -4.953
11130 262.0 3.240 -4.830
11140 262.0 3.206 -4.687
11150 262.0 3.237 -4.726
11160 262.0 3.218 -4.587
11170 262.0 3.318 -4.542
11180 262.0 3.284 -4.508
11190 262.0 3.402 -4.308
11010 263.0 1.150 -10.150
11020 263.0 1.190 -9.460
11030 263.0 1.260 -8.820
11040 263.0 1.230 -8.210
11050 263.0 1.240 -7.580
11060 263.0 1.330 -6.890
11070 263.0 1.390 -6.210
11080 263.0 1.540 -5.580
11090 263.0 1.521 -5.655
11100 263.0 1.538 -5.646
11110 263.0 1.539 -5.578
11120 263.0 1.527 -5.458
11130 263.0 1.604 -5.432
11140 263.0 1.711 -5.226
11150 263.0 1.733 -5.099
11160 263.0 1.963 -4.999
11170 263.0 1.942 -4.983
11180 263.0 1.980 -5.022
11190 263.0 1.738 -5.113
11200 263.0 1.857 -4.620
11150 264.0 1.860 3.350
11160 264.0 1.870 2.800
11170 264.0 1.740 2.230
11180 264.0 1.780 1.630
11190 264.0 1.670 1.050
11200 264.0 1.620 0.460
11210 264.0 1.650 -0.140
11220 264.0 1.550 -0.760
11230 264.0 1.543 -0.698
11240 264.0 1.513 -0.778
11250 264.0 1.483 -0.779
11260 264.0 1.460 -0.823
11270 264.0 1.513 -0.893
11280 264.0 1.441 -1.019
11290 264.0 1.467 -1.085
11300 264.0 1.420 -1.313
11310 264.0 1.247 -1.332
11320 264.0 1.303 -1.444
11330 264.0 1.220 -1.567
11340 264.0 1.134 -1.701
11350 265.0 0.780 3.000
11360 265.0 0.800 2.480
11370 265.0 0.800 1.960
11380 265.0 0.850 1.400
11390 265.0 0.850 0.870
11400 265.0 0.800 0.340
11410 265.0 0.820 -0.220
11420 265.0 0.800 -0.730
11430 265.0 0.768 -0.722
11440 265.0 0.766 -0.752
11450 265.0 0.770 -0.834
11460 265.0 0.761 -0.968
11470 265.0 0.779 -1.088
11480 265.0 0.783 -1.224
11490 265.0 0.803 -1.365
11500 265.0 0.756 -1.534
11510 265.0 0.758 -1.710
11520 265.0 0.705 -1.639
11530 265.0 0.754 -1.784
11540 265.0 0.604 -1.811
11350 266.0 -0.830 2.360
11360 266.0 -0.830 2.360
11370 266.0 -0.830 2.360
11380 266.0 -0.830 2.360
11390 266.0 -0.830 2.360
11400 266.0 -0.830 2.360
11410 266.0 -0.830 2.360
11420 266.0 -0.830 2.360
11430 266.0 -0.843 2.366
11440 266.0 -0.854 2.374
11450 266.0 -0.867 2.373
11460 266.0 -0.861 2.373
11470 266.0 -0.863 2.378
11480 266.0 -0.869 2.383
11490 266.0 -0.882 2.392
11500 266.0 -0.888 2.399
11510 266.0 -0.893 2.397
11520 266.0 -0.902 2.403
11530 266.0 -0.907 2.400
11540 266.0 -0.919 2.407
11770 277.0 0.280 1.490
11780 277.0 0.230 0.930
11790 277.0 0.210 0.370
11800 277.0 0.200 -0.190
11810 277.0 0.140 -0.710
11820 277.0 0.100 -1.270
11830 277.0 0.200 -1.850
11840 277.0 0.240 -2.390
11850 277.0 0.217 -2.343
11860 277.0 0.183 -2.398
11870 277.0 0.217 -2.461
11880 277.0 0.188 -2.481
11890 277.0 0.294 -2.543
11900 277.0 0.268 -2.676
11910 277.0 0.190 -2.783
11920 277.0 0.168 -2.906
11930 277.0 0.191 -2.984
11940 277.0 0.197 -3.054
11950 277.0 0.145 -3.230
11960 277.0 -0.016 -3.169
11770 278.0 1.340 4.050
11780 278.0 1.240 3.410
11790 278.0 1.200 2.780
11800 278.0 1.150 2.140
11810 278.0 1.180 1.490
11820 278.0 1.190 0.890
11830 278.0 1.170 0.240
11840 278.0 1.220 -0.430
11850 278.0 1.162 -0.347
11860 278.0 1.139 -0.409
11870 278.0 1.119 -0.470
11880 278.0 1.091 -0.532
11890 278.0 1.098 -0.666
11900 278.0 1.134 -0.735
11910 278.0 1.187 -0.985
11920 278.0 1.064 -1.119
11930 278.0 0.960 -1.238
11940 278.0 0.919 -1.075
11950 278.0 1.047 -1.053
11960 278.0 0.973 -1.031
11790 282.0 3.500 -8.700
11800 282.0 3.520 -8.110
11810 282.0 3.560 -7.490
11820 282.0 3.620 -6.810
11830 282.0 3.620 -6.190
11840 282.0 3.620 -5.570
11850 282.0 3.620 -4.940
11860 282.0 3.630 -4.370
11870 282.0 3.625 -4.440
11880 282.0 3.646 -4.367
11890 282.0 3.677 -4.314
11900 282.0 3.721 -4.201
11910 282.0 3.727 -4.055
11920 282.0 3.697 -3.970
11930 282.0 3.768 -4.045
11940 282.0 3.909 -3.952
11950 282.0 3.871 -3.842
11960 282.0 3.893 -3.827
11970 282.0 3.948 -3.695
11980 282.0 3.827 -3.646
12450 288.0 3.100 -7.400
12460 288.0 3.030 -6.720
12470 288.0 2.950 -6.060
12480 288.0 2.910 -5.430
12490 288.0 2.910 -4.790
12500 288.0 2.860 -4.120
12510 288.0 2.770 -3.440
12520 288.0 2.590 -2.840
12530 288.0 2.593 -2.919
12540 288.0 2.605 -2.854
12550 288.0 2.603 -2.839
12560 288.0 2.610 -2.755
12570 288.0 2.545 -2.636
12580 288.0 2.602 -2.465
12590 288.0 2.619 -2.136
12600 288.0 2.605 -2.143
12610 288.0 2.406 -2.475
12620 288.0 2.577 -2.425
12630 288.0 2.498 -2.303
12640 288.0 2.435 -2.342
12480 289.0 2.980 -7.110
12490 289.0 2.980 -6.500
12500 289.0 2.880 -5.870
12510 289.0 2.810 -5.270
12520 289.0 2.790 -4.610
12530 289.0 2.650 -4.010
12540 289.0 2.540 -3.410
12550 289.0 2.390 -2.810
12560 289.0 2.402 -2.851
12570 289.0 2.426 -2.734
12580 289.0 2.411 -2.706
12590 289.0 2.376 -2.672
12600 289.0 2.359 -2.620
12610 289.0 2.348 -2.633
12620 289.0 2.307 -2.521
12630 289.0 2.376 -2.403
12640 289.0 2.381 -2.328
12650 289.0 2.416 -2.065
12660 289.0 2.406 -2.043
12670 289.0 2.481 -1.999
12520 292.0 -0.850 2.360
12530 292.0 -0.850 2.360
12540 292.0 -0.850 2.360
12550 292.0 -0.850 2.360
12560 292.0 -0.850 2.360
12570 292.0 -0.850 2.360
12580 292.0 -0.850 2.360
12590 292.0 -0.850 2.360
12600 292.0 -0.854 2.363
12610 292.0 -0.865 2.357
12620 292.0 -0.865 2.354
12630 292.0 -0.864 2.360
12640 292.0 -0.872 2.368
12650 292.0 -0.868 2.374
12660 292.0 -0.884 2.374
12670 292.0 -0.890 2.382
12680 292.0 -0.900 2.384
12690 292.0 -0.904 2.388
12700 292.0 -0.912 2.390
12710 292.0 -0.916 2.393
12520 293.0 -0.810 4.040
12530 293.0 -0.810 4.040
12540 293.0 -0.810 4.040
12550 293.0 -0.810 4.040
12560 293.0 -0.810 4.040
12570 293.0 -0.810 4.040
12580 293.0 -0.810 4.040
12590 293.0 -0.810 4.040
12600 293.0 -0.810 4.033
12610 293.0 -0.810 4.033
12620 293.0 -0.819 4.039
12630 293.0 -0.819 4.032
12640 293.0 -0.824 4.031
12650 293.0 -0.830 4.034
12660 293.0 -0.823 4.033
12670 293.0 -0.835 4.037
12680 293.0 -0.842 4.037
12690 293.0 -0.837 4.042
12700 293.0 -0.852 4.049
12710 293.0 -0.859 4.054
12520 294.0 -0.390 4.310
12530 294.0 -0.400 4.150
12540 294.0 -0.400 4.060
12550 294.0 -0.410 4.200
12560 294.0 -0.420 4.110
12570 294.0 -0.420 4.040
12580 294.0 -0.420 4.020
12590 294.0 -0.460 4.220
12600 294.0 -0.458 4.204
12610 294.0 -0.448 4.205
12620 294.0 -0.453 4.207
12630 294.0 -0.440 4.214
12640 294.0 -0.449 4.210
12650 294.0 -0.453 4.213
12660 294.0 -0.449 4.217
12670 294.0 -0.449 4.214
12680 294.0 -0.449 4.207
12690 294.0 -0.443 4.208
12700 294.0 -0.440 4.206
12710 294.0 -0.442 4.212
12700 296.0 1.280 3.220
12710 296.0 1.230 2.620
12720 296.0 1.160 2.010
12730 296.0 1.170 1.300
12740 296.0 1.120 0.640
12750 296.0 1.130 0.000
12760 296.0 1.070 -0.650
12770 296.0 1.010 -1.280
12780 296.0 0.985 -1.219
12790 296.0 0.987 -1.308
12800 296.0 0.979 -1.400
12810 296.0 0.993 -1.513
12820 296.0 1.000 -1.593
12830 296.0 0.810 -1.543
12840 296.0 0.977 -1.615
12850 296.0 0.979 -1.765
12860 296.0 0.826 -1.591
12870 296.0 0.847 -1.692
12880 296.0 0.721 -1.732
12890 296.0 0.815 -2.062
12700 297.0 1.850 3.280
12710 297.0 1.790 2.680
12720 297.0 1.770 2.070
12730 297.0 1.800 1.360
12740 297.0 1.780 0.720
12750 297.0 1.770 0.070
12760 297.0 1.830 -0.700
12770 297.0 1.790 -1.350
12780 297.0 1.774 -1.245
12790 297.0 1.761 -1.345
12800 297.0 1.841 -1.468
12810 297.0 1.893 -1.515
12820 297.0 1.900 -1.662
12830 297.0 1.879 -1.669
12840 297.0 1.677 -1.849
12850 297.0 1.778 -1.769
12860 297.0 1.805 -1.727
12870 297.0 1.759 -1.791
12880 297.0 1.857 -1.919
12890 297.0 1.559 -2.095
12900 303.0 -2.000 0.220
12910 303.0 -1.890 0.040
12920 303.0 -1.820 -0.260
12930 303.0 -1.670 -0.440
12940 303.0 -1.450 -0.510
12950 303.0 -1.270 -0.500
12960 303.0 -1.220 -0.460
12970 303.0 -1.050 -0.410
12980 303.0 -1.059 -0.409
12990 303.0 -1.069 -0.414
13000 303.0 -1.082 -0.416
13010 303.0 -1.092 -0.421
13020 303.0 -1.092 -0.427
13030 303.0 -1.107 -0.429
13040 303.0 -1.121 -0.427
13050 303.0 -1.141 -0.435
13060 303.0 -1.157 -0.435
13070 303.0 -1.158 -0.439
13080 303.0 -1.179 -0.451
13090 303.0 -1.179 -0.455
12980 304.0 2.260 3.620
12990 304.0 2.280 3.000
13000 304.0 2.380 2.500
13010 304.0 2.390 1.890
13020 304.0 2.440 1.280
13030 304.0 2.530 0.610
13040 304.0 2.560 0.090
13050 304.0 2.680 -0.540
13060 304.0 2.706 -0.507
13070 304.0 2.723 -0.549
13080 304.0 2.731 -0.681
13090 304.0 2.743 -0.729
13100 304.0 2.734 -0.828
13110 304.0 2.798 -0.896
13120 304.0 2.746 -0.963
13130 304.0 2.762 -1.116
13140 304.0 2.780 -1.150
13150 304.0 2.673 -1.087
13160 304.0 2.475 -1.196
13170 304.0 2.502 -1.290
13010 306.0 1.140 3.160
13020 306.0 1.150 2.660
13030 306.0 1.140 2.120
13040 306.0 1.170 1.600
13050 306.0 1.180 1.100
13060 306.0 1.120 0.540
13070 306.0 1.040 -0.090
13080 306.0 0.980 -0.630
13090 306.0 0.979 -0.626
13100 306.0 0.960 -0.666
13110 306.0 0.899 -0.717
13120 306.0 0.844 -0.831
13130 306.0 0.870 -0.905
13140 306.0 0.806 -0.954
13150 306.0 0.703 -1.084
13160 306.0 0.607 -1.213
13170 306.0 0.556 -1.352
13180 306.0 0.605 -1.446
13190 306.0 0.582 -1.521
13200 306.0 0.396 -1.711
13060 307.0 2.600 -8.670
13070 307.0 2.490 -8.260
13080 307.0 2.470 -7.740
13090 307.0 2.500 -7.260
13100 307.0 2.470 -6.780
13110 307.0 2.460 -6.280
13120 307.0 2.530 -5.810
13130 307.0 2.550 -5.370
13140 307.0 2.515 -5.383
13150 307.0 2.522 -5.337
13160 307.0 2.527 -5.295
13170 307.0 2.503 -5.246
13180 307.0 2.509 -5.199
13190 307.0 2.512 -5.184
13200 307.0 2.487 -5.137
13210 307.0 2.477 -5.103
13220 307.0 2.468 -5.035
13230 307.0 2.459 -5.008
13240 307.0 2.442 -4.906
13250 307.0 2.461 -4.847
13130 309.0 -1.540 -6.730
13140 309.0 -1.540 -6.730
13150 309.0 -1.540 -6.730
13160 309.0 -1.560 -6.710
13170 309.0 -1.560 -6.710
13180 309.0 -1.560 -6.710
13190 309.0 -1.580 -6.690
13200 309.0 -1.580 -6.680
13210 309.0 -1.586 -6.679
13220 309.0 -1.588 -6.677
13230 309.0 -1.600 -6.674
13240 309.0 -1.610 -6.678
13250 309.0 -1.618 -6.676
13260 309.0 -1.621 -6.665
13270 309.0 -1.627 -6.660
13280 309.0 -1.635 -6.645
13290 309.0 -1.640 -6.633
13300 309.0 -1.647 -6.630
13310 309.0 -1.652 -6.635
13320 309.0 -1.666 -6.632
13130 310.0 -1.490 -8.220
13140 310.0 -1.490 -8.220
13150 310.0 -1.490 -8.220
13160 310.0 -1.470 -8.220
13170 310.0 -1.450 -8.220
13180 310.0 -1.450 -8.190
13190 310.0 -1.450 -8.130
13200 310.0 -1.450 -8.120
13210 310.0 -1.454 -8.114
13220 310.0 -1.469 -8.114
13230 310.0 -1.474 -8.109
13240 310.0 -1.484 -8.107
13250 310.0 -1.487 -8.103
13260 310.0 -1.501 -8.100
13270 310.0 -1.510 -8.101
13280 310.0 -1.518 -8.093
13290 310.0 -1.529 -8.089
13300 310.0 -1.549 -8.082
13310 310.0 -1.552 -8.074
13320 310.0 -1.557 -8.068
13130 311.0 -1.360 -2.680
13140 311.0 -1.360 -2.680
13150 311.0 -1.360 -2.680
13160 311.0 -1.360 -2.680
13170 311.0 -1.360 -2.680
13180 311.0 -1.360 -2.680
13190 311.0 -1.360 -2.680
13200 311.0 -1.360 -2.680
13210 311.0 -1.361 -2.680
13220 311.0 -1.366 -2.673
13230 311.0 -1.373 -2.679
13240 311.0 -1.382 -2.686
13250 311.0 -1.396 -2.684
13260 311.0 -1.400 -2.684
13270 311.0 -1.399 -2.682
13280 311.0 -1.402 -2.680
13290 311.0 -1.400 -2.682
13300 311.0 -1.404 -2.684
13310 311.0 -1.407 -2.678
13320 311.0 -1.416 -2.682
13130 313.0 -0.520 3.400
13140 313.0 -0.520 3.400
13150 313.0 -0.520 3.400
13160 313.0 -0.520 3.400
13170 313.0 -0.520 3.400
13180 313.0 -0.520 3.400
13190 313.0 -0.520 3.400
13200 313.0 -0.520 3.400
13210 313.0 -0.527 3.395
13220 313.0 -0.532 3.392
13230 313.0 -0.526 3.399
13240 313.0 -0.528 3.406
13250 313.0 -0.535 3.408
13260 313.0 -0.541 3.408
13270 313.0 -0.545 3.414
13280 313.0 -0.554 3.417
13290 313.0 -0.564 3.421
13300 313.0 -0.568 3.426
13310 313.0 -0.575 3.432
13320 313.0 -0.575 3.437
13170 315.0 1.130 -10.030
13180 315.0 1.120 -9.540
13190 315.0 1.000 -9.050
13200 315.0 0.790 -8.660
13210 315.0 0.770 -8.240
13220 315.0 0.830 -7.780
13230 315.0 0.790 -7.300
13240 315.0 0.690 -6.890
13250 315.0 0.681 -6.878
13260 315.0 0.660 -6.869
13270 315.0 0.650 -6.828
13280 315.0 0.609 -6.822
13290 315.0 0.625 -6.796
13300 315.0 0.613 -6.755
13310 315.0 0.577 -6.710
13320 315.0 0.586 -6.675
13330 315.0 0.592 -6.632
13340 315.0 0.544 -6.610
13350 315.0 0.525 -6.558
13360 315.0 0.508 -6.529
13170 316.0 1.730 3.400
13180 316.0 1.750 2.750
13190 316.0 1.690 2.140
13200 316.0 1.620 1.500
13210 316.0 1.530 0.880
13220 316.0 1.410 0.240
13230 316.0 1.380 -0.410
13240 316.0 1.390 -1.110
13250 316.0 1.365 -1.047
13260 316.0 1.310 -1.122
13270 316.0 1.343 -1.253
13280 316.0 1.294 -1.359
13290 316.0 1.292 -1.351
13300 316.0 1.201 -1.261
13310 316.0 1.244 -1.528
13320 316.0 1.061 -1.739
13330 316.0 1.216 -1.675
13340 316.0 1.045 -1.659
13350 316.0 1.051 -1.503
13360 316.0 1.045 -1.463
13180 317.0 0.660 -9.800
13190 317.0 0.540 -9.330
13200 317.0 0.550 -8.840
13210 317.0 0.500 -8.410
13220 317.0 0.380 -7.970
13230 317.0 0.360 -7.520
13240 317.0 0.330 -7.110
13250 317.0 0.240 -6.680
13260 317.0 0.225 -6.690
13270 317.0 0.234 -6.642
13280 317.0 0.214 -6.602
13290 317.0 0.193 -6.581
13300 317.0 0.212 -6.540
13310 317.0 0.201 -6.481
13320 317.0 0.180 -6.442
13330 317.0 0.199 -6.395
13340 317.0 0.175 -6.335
13350 317.0 0.151 -6.300
13360 317.0 0.142 -6.249
13370 317.0 0.160 -6.162
14340 333.0 0.520 -4.890
14350 333.0 0.350 -4.510
14360 333.0 0.340 -4.470
14370 333.0 0.140 -4.250
14380 333.0 -0.030 -3.940
14390 333.0 -0.190 -3.620
14400 333.0 -0.310 -3.560
14410 333.0 -0.530 -3.490
14420 333.0 -0.532 -3.504
14430 333.0 -0.545 -3.509
14440 333.0 -0.559 -3.527
14450 333.0 -0.573 -3.534
14460 333.0 -0.579 -3.553
14470 333.0 -0.574 -3.565
14480 333.0 -0.570 -3.574
14490 333.0 -0.584 -3.586
14500 333.0 -0.590 -3.606
14510 333.0 -0.587 -3.626
14520 333.0 -0.580 -3.628
14530 333.0 -0.591 -3.642
14340 334.0 0.650 1.140
14350 334.0 0.690 0.600
14360 334.0 0.760 0.060
14370 334.0 0.780 -0.530
14380 334.0 0.920 -1.140
14390 334.0 0.960 -1.740
14400 334.0 0.940 -2.250
14410 334.0 1.100 -2.940
14420 334.0 1.080 -2.925
14430 334.0 1.110 -2.946
14440 334.0 1.176 -3.046
14450 334.0 1.162 -3.145
14460 334.0 1.258 -3.247
14470 334.0 1.377 -3.275
14480 334.0 1.443 -3.425
14490 334.0 1.587 -3.609
14500 334.0 1.581 -3.575
14510 334.0 1.590 -3.629
14520 334.0 1.764 -3.715
14530 334.0 1.464 -3.776
14950 344.0 1.660 4.050
14960 344.0 1.710 3.590
14970 344.0 1.710 3.170
14980 344.0 1.710 2.820
14990 344.0 1.720 2.430
15000 344.0 1.750 1.980
15010 344.0 1.720 1.650
15020 344.0 1.830 1.210
15030 344.0 1.816 1.204
15040 344.0 1.790 1.192
15050 344.0 1.783 1.169
15060 344.0 1.793 1.163
15070 344.0 1.783 1.136
15080 344.0 1.789 1.102
15090 344.0 1.768 1.096
15100 344.0 1.751 1.056
15110 344.0 1.766 1.033
15120 344.0 1.756 1.010
15130 344.0 1.777 0.982
15140 344.0 1.750 0.950
14960 345.0 2.070 -10.060
14970 345.0 2.100 -9.440
14980 345.0 2.190 -8.790
14990 345.0 2.280 -8.120
15000 345.0 2.360 -7.430
15010 345.0 2.460 -6.760
15020 345.0 2.540 -6.070
15030 345.0 2.600 -5.360
15040 345.0 2.598 -5.526
15050 345.0 2.644 -5.441
15060 345.0 2.716 -5.314
15070 345.0 2.728 -5.260
15080 345.0 2.785 -5.192
15090 345.0 2.719 -5.076
15100 345.0 3.059 -4.774
15110 345.0 3.110 -4.888
15120 345.0 2.969 -5.041
15130 345.0 3.002 -4.864
15140 345.0 3.254 -4.732
15150 345.0 3.142 -4.909
15820 356.0 0.540 0.010
15830 356.0 0.520 -0.030
15840 356.0 0.510 -0.030
15850 356.0 0.510 -0.030
15860 356.0 0.510 -0.030
15870 356.0 0.510 -0.030
15880 356.0 0.510 -0.030
15890 356.0 0.510 -0.030
15900 356.0 0.502 -0.024
15910 356.0 0.493 -0.029
15920 356.0 0.485 -0.028
15930 356.0 0.480 -0.030
15940 356.0 0.481 -0.020
15950 356.0 0.480 -0.022
15960 356.0 0.479 -0.024
15970 356.0 0.476 -0.022
15980 356.0 0.472 -0.020
15990 356.0 0.474 -0.019
16000 356.0 0.470 -0.019
16010 356.0 0.468 -0.016
15900 358.0 2.700 -10.160
15910 358.0 2.600 -9.580
15920 358.0 2.680 -9.040
15930 358.0 2.610 -8.450
15940 358.0 2.580 -7.920
15950 358.0 2.630 -7.200
15960 358.0 2.520 -6.700
15970 358.0 2.550 -6.160
15980 358.0 2.517 -6.206
15990 358.0 2.527 -6.188
16000 358.0 2.512 -6.211
16010 358.0 2.508 -6.128
16020 358.0 2.504 -6.004
16030 358.0 2.434 -5.938
16040 358.0 2.440 -5.853
16050 358.0 2.465 -5.656
16060 358.0 2.432 -5.622
16070 358.0 2.467 -5.516
16080 358.0 2.393 -5.521
16090 358.0 2.387 -5.459
15910 359.0 3.580 -9.800
15920 359.0 3.530 -9.320
15930 359.0 3.600 -8.730
15940 359.0 3.540 -8.170
15950 359.0 3.450 -7.570
15960 359.0 3.530 -7.100
15970 359.0 3.440 -6.480
15980 359.0 3.370 -5.980
15990 359.0 3.369 -6.011
16000 359.0 3.355 -5.972
16010 359.0 3.359 -5.918
16020 359.0 3.334 -5.831
16030 359.0 3.329 -5.730
16040 359.0 3.372 -5.631
16050 359.0 3.344 -5.532
16060 359.0 3.385 -5.467
16070 359.0 3.408 -5.396
16080 359.0 3.425 -5.346
16090 359.0 3.411 -5.134
16100 359.0 3.382 -5.142
15950 361.0 -0.890 -6.710
15960 361.0 -0.890 -6.710
15970 361.0 -0.890 -6.710
15980 361.0 -0.890 -6.710
15990 361.0 -0.890 -6.710
16000 361.0 -0.890 -6.710
16010 361.0 -0.890 -6.710
16020 361.0 -0.890 -6.710
16030 361.0 -0.893 -6.715
16040 361.0 -0.895 -6.724
16050 361.0 -0.899 -6.720
16060 361.0 -0.906 -6.716
16070 361.0 -0.910 -6.717
16080 361.0 -0.905 -6.710
16090 361.0 -0.910 -6.707
16100 361.0 -0.916 -6.703
16110 361.0 -0.921 -6.703
16120 361.0 -0.928 -6.701
16130 361.0 -0.934 -6.697
16140 361.0 -0.941 -6.695
16010 362.0 1.690 2.490
16020 362.0 1.680 1.970
16030 362.0 1.610 1.410
16040 362.0 1.650 0.830
16050 362.0 1.650 0.270
16060 362.0 1.630 -0.280
16070 362.0 1.680 -0.880
16080 362.0 1.690 -1.500
16090 362.0 1.693 -1.443
16100 362.0 1.676 -1.561
16110 362.0 1.653 -1.571
16120 362.0 1.586 -1.675
16130 362.0 1.650 -1.747
16140 362.0 1.677 -1.892
16150 362.0 1.655 -1.950
16160 362.0 1.589 -2.001
16170 362.0 1.547 -1.954
16180 362.0 1.494 -2.131
16190 362.0 1.366 -2.154
16200 362.0 1.302 -2.240
16010 363.0 2.250 2.490
16020 363.0 2.300 1.970
16030 363.0 2.340 1.400
16040 363.0 2.300 0.850
16050 363.0 2.250 0.300
16060 363.0 2.240 -0.270
16070 363.0 2.210 -0.850
16080 363.0 2.270 -1.440
16090 363.0 2.239 -1.410
16100 363.0 2.206 -1.504
16110 363.0 2.189 -1.615
16120 363.0 2.125 -1.661
16130 363.0 2.104 -1.763
16140 363.0 2.092 -1.862
16150 363.0 2.071 -1.895
16160 363.0 2.050 -2.016
16170 363.0 1.926 -2.179
16180 363.0 1.798 -2.233
16190 363.0 1.996 -2.220
16200 363.0 1.964 -2.123
16040 365.0 1.280 4.000
16050 365.0 1.330 3.540
16060 365.0 1.410 2.980
16070 365.0 1.540 2.500
16080 365.0 1.650 1.960
16090 365.0 1.750 1.410
16100 365.0 1.800 0.870
16110 365.0 1.820 0.310
16120 365.0 1.836 0.334
16130 365.0 1.884 0.273
16140 365.0 1.942 0.250
16150 365.0 1.940 0.174
16160 365.0 1.937 0.119
16170 365.0 1.953 0.078
16180 365.0 1.973 0.033
16190 365.0 2.021 -0.113
16200 365.0 2.029 -0.229
16210 365.0 2.006 -0.284
16220 365.0 2.003 -0.451
16230 365.0 2.047 -0.546
16040 366.0 0.640 4.110
16050 366.0 0.780 3.580
16060 366.0 0.830 3.070
16070 366.0 0.880 2.460
16080 366.0 0.970 1.890
16090 366.0 1.060 1.380
16100 366.0 1.170 0.790
16110 366.0 1.280 0.100
16120 366.0 1.314 0.175
16130 366.0 1.364 0.147
16140 366.0 1.381 0.035
16150 366.0 1.427 -0.047
16160 366.0 1.421 -0.120
16170 366.0 1.418 -0.253
16180 366.0 1.505 -0.387
16190 366.0 1.590 -0.479
16200 366.0 1.490 -0.586
16210 366.0 1.500 -0.715
16220 366.0 1.735 -0.811
16230 366.0 1.714 -0.771
16120 369.0 -0.590 2.830
16130 369.0 -0.590 2.830
16140 369.0 -0.590 2.830
16150 369.0 -0.590 2.830
16160 369.0 -0.590 2.830
16170 369.0 -0.590 2.830
16180 369.0 -0.590 2.830
16190 369.0 -0.590 2.830
16200 369.0 -0.593 2.832
16210 369.0 -0.598 2.830
16220 369.0 -0.605 2.830
16230 369.0 -0.610 2.833
16240 369.0 -0.619 2.831
16250 369.0 -0.622 2.837
16260 369.0 -0.630 2.835
16270 369.0 -0.637 2.830
16280 369.0 -0.643 2.839
16290 369.0 -0.650 2.840
16300 369.0 -0.655 2.843
16310 369.0 -0.644 2.852
16120 371.0 -0.660 3.350
16130 371.0 -0.660 3.350
16140 371.0 -0.660 3.350
16150 371.0 -0.660 3.350
16160 371.0 -0.660 3.350
16170 371.0 -0.660 3.350
16180 371.0 -0.660 3.350
16190 371.0 -0.660 3.350
16200 371.0 -0.667 3.351
16210 371.0 -0.674 3.351
16220 371.0 -0.689 3.352
16230 371.0 -0.691 3.351
16240 371.0 -0.700 3.349
16250 371.0 -0.713 3.352
16260 371.0 -0.722 3.360
16270 371.0 -0.730 3.364
16280 371.0 -0.741 3.367
16290 371.0 -0.741 3.370
16300 371.0 -0.745 3.365
16310 371.0 -0.752 3.378
16160 375.0 1.120 2.680
16170 375.0 1.110 2.220
16180 375.0 1.140 1.780
16190 375.0 1.160 1.350
16200 375.0 1.150 0.860
16210 375.0 1.260 0.330
16220 375.0 1.270 -0.190
16230 375.0 1.230 -0.760
16240 375.0 1.212 -0.754
16250 375.0 1.190 -0.804
16260 375.0 1.179 -0.879
16270 375.0 1.181 -0.926
16280 375.0 1.145 -0.982
16290 375.0 1.192 -1.054
16300 375.0 1.195 -1.094
16310 375.0 1.195 -1.137
16320 375.0 1.132 -1.225
16330 375.0 1.162 -1.347
16340 375.0 1.158 -1.454
16350 375.0 1.186 -1.551
16160 376.0 1.840 2.870
16170 376.0 1.830 2.400
16180 376.0 1.870 1.930
16190 376.0 1.890 1.490
16200 376.0 1.880 1.010
16210 376.0 1.910 0.530
16220 376.0 1.900 -0.000
16230 376.0 1.860 -0.510
16240 376.0 1.846 -0.506
16250 376.0 1.843 -0.559
16260 376.0 1.804 -0.621
16270 376.0 1.808 -0.677
16280 376.0 1.764 -0.744
16290 376.0 1.736 -0.770
16300 376.0 1.647 -0.838
16310 376.0 1.630 -0.882
16320 376.0 1.611 -0.901
16330 376.0 1.577 -1.019
16340 376.0 1.520 -1.100
16350 376.0 1.447 -1.215
16160 377.0 2.430 2.890
16170 377.0 2.430 2.400
16180 377.0 2.450 1.940
16190 377.0 2.540 1.430
16200 377.0 2.520 0.910
16210 377.0 2.490 0.400
16220 377.0 2.480 -0.130
16230 377.0 2.420 -0.650
16240 377.0 2.400 -0.642
16250 377.0 2.372 -0.676
16260 377.0 2.321 -0.691
16270 377.0 2.288 -0.712
16280 377.0 2.340 -0.774
16290 377.0 2.309 -0.888
16300 377.0 2.297 -0.970
16310 377.0 2.321 -1.118
16320 377.0 2.277 -1.193
16330 377.0 2.275 -1.287
16340 377.0 2.256 -1.405
16350 377.0 2.269 -1.527
16170 378.0 -0.820 -2.480
16180 378.0 -0.820 -2.480
16190 378.0 -1.060 -2.300
16200 378.0 -1.100 -2.190
16210 378.0 -1.140 -1.970
16220 378.0 -1.150 -1.800
16230 378.0 -1.400 -1.490
16240 378.0 -1.580 -1.340
16250 378.0 -1.571 -1.352
16260 378.0 -1.583 -1.366
16270 378.0 -1.596 -1.381
16280 378.0 -1.605 -1.388
16290 378.0 -1.614 -1.401
16300 378.0 -1.621 -1.414
16310 378.0 -1.624 -1.425
16320 378.0 -1.621 -1.444
16330 378.0 -1.609 -1.453
16340 378.0 -1.616 -1.474
16350 378.0 -1.616 -1.482
16360 378.0 -1.617 -1.496
16250 380.0 1.820 3.630
16260 380.0 1.900 3.120
16270 380.0 2.010 2.570
16280 380.0 2.090 2.010
16290 380.0 2.170 1.460
16300 380.0 2.240 0.900
16310 380.0 2.270 0.340
16320 380.0 2.310 -0.240
16330 380.0 2.344 -0.223
16340 380.0 2.353 -0.289
16350 380.0 2.299 -0.375
16360 380.0 2.327 -0.466
16370 380.0 2.406 -0.572
16380 380.0 2.508 -0.686
16390 380.0 2.522 -0.818
16400 380.0 2.507 -0.966
16410 380.0 2.488 -1.069
16420 380.0 2.411 -1.288
16430 380.0 2.507 -1.329
16440 380.0 2.403 -1.362
16290 382.0 3.290 -10.050
16300 382.0 3.260 -9.710
16310 382.0 3.240 -9.320
16320 382.0 3.310 -8.940
16330 382.0 3.410 -8.380
16340 382.0 3.420 -7.970
16350 382.0 3.470 -7.520
16360 382.0 3.480 -7.050
16370 382.0 3.472 -7.064
16380 382.0 3.471 -7.035
16390 382.0 3.477 -7.007
16400 382.0 3.482 -6.996
16410 382.0 3.495 -6.965
16420 382.0 3.511 -6.953
16430 382.0 3.505 -6.921
16440 382.0 3.544 -6.867
16450 382.0 3.552 -6.827
16460 382.0 3.574 -6.764
16470 382.0 3.583 -6.728
16480 382.0 3.589 -6.667
16290 383.0 3.840 -10.310
16300 383.0 3.920 -9.780
16310 383.0 3.930 -9.320
16320 383.0 3.920 -8.920
16330 383.0 3.930 -8.460
16340 383.0 3.830 -8.040
16350 383.0 3.830 -7.610
16360 383.0 3.830 -7.160
16370 383.0 3.819 -7.177
16380 383.0 3.798 -7.152
16390 383.0 3.784 -7.136
16400 383.0 3.781 -7.110
16410 383.0 3.780 -7.080
16420 383.0 3.774 -7.050
16430 383.0 3.778 -6.993
16440 383.0 3.766 -6.975
16450 383.0 3.775 -6.937
16460 383.0 3.775 -6.872
16470 383.0 3.773 -6.823
16480 383.0 3.766 -6.722
16380 385.0 0.870 4.040
16390 385.0 1.100 3.360
16400 385.0 1.190 2.740
16410 385.0 1.250 2.130
16420 385.0 1.230 1.590
16430 385.0 1.260 0.980
16440 385.0 1.280 0.360
16450 385.0 1.340 -0.320
16460 385.0 1.308 -0.261
16470 385.0 1.364 -0.278
16480 385.0 1.368 -0.453
16490 385.0 1.401 -0.464
16500 385.0 1.551 -0.591
16510 385.0 1.367 -0.763
16520 385.0 1.254 -0.942
16530 385.0 1.205 -1.152
16540 385.0 1.210 -1.138
16550 385.0 1.137 -1.312
16560 385.0 1.132 -1.187
16570 385.0 1.094 -1.203
16410 386.0 3.440 2.780
16420 386.0 3.210 2.760
16430 386.0 3.000 2.740
16440 386.0 2.890 2.740
16450 386.0 2.730 2.820
16460 386.0 2.560 2.960
16470 386.0 2.460 3.040
16480 386.0 2.270 3.050
16490 386.0 2.266 3.057
16500 386.0 2.271 3.056
16510 386.0 2.264 3.064
16520 386.0 2.256 3.061
16530 386.0 2.258 3.064
16540 386.0 2.267 3.067
16550 386.0 2.260 3.068
16560 386.0 2.246 3.067
16570 386.0 2.242 3.069
16580 386.0 2.238 3.069
16590 386.0 2.234 3.071
16600 386.0 2.235 3.071
16480 388.0 3.450 -9.940
16490 388.0 3.340 -9.380
16500 388.0 3.310 -8.720
16510 388.0 3.160 -8.130
16520 388.0 3.140 -7.500
16530 388.0 3.050 -6.900
16540 388.0 2.940 -6.310
16550 388.0 2.880 -5.710
16560 388.0 2.861 -5.773
16570 388.0 2.825 -5.664
16580 388.0 2.814 -5.562
16590 388.0 2.742 -5.509
16600 388.0 2.741 -5.510
16610 388.0 2.798 -5.325
16620 388.0 2.724 -5.286
16630 388.0 2.874 -5.137
16640 388.0 2.783 -5.117
16650 388.0 2.737 -5.108
16660 388.0 2.627 -5.037
16670 388.0 2.594 -4.948
16480 389.0 4.000 -10.120
16490 389.0 4.020 -9.590
16500 389.0 3.980 -8.990
16510 389.0 3.810 -8.300
16520 389.0 3.800 -7.730
16530 389.0 3.800 -7.110
16540 389.0 3.690 -6.510
16550 389.0 3.560 -5.910
16560 389.0 3.551 -5.952
16570 389.0 3.575 -5.897
16580 389.0 3.579 -5.861
16590 389.0 3.576 -5.751
16600 389.0 3.565 -5.619
16610 389.0 3.565 -5.574
16620 389.0 3.513 -5.474
16630 389.0 3.484 -5.390
16640 389.0 3.473 -5.432
16650 389.0 3.497 -5.370
16660 389.0 3.330 -5.160
16670 389.0 3.241 -5.197
16570 391.0 3.340 -10.190
16580 391.0 3.120 -9.640
16590 391.0 3.040 -9.140
16600 391.0 2.910 -8.650
16610 391.0 2.690 -8.150
16620 391.0 2.660 -7.610
16630 391.0 2.600 -7.200
16640 391.0 2.500 -6.810
16650 391.0 2.481 -6.778
16660 391.0 2.433 -6.747
16670 391.0 2.409 -6.683
16680 391.0 2.375 -6.649
16690 391.0 2.375 -6.570
16700 391.0 2.375 -6.497
16710 391.0 2.378 -6.420
16720 391.0 2.340 -6.377
16730 391.0 2.350 -6.284
16740 391.0 2.391 -6.222
16750 391.0 2.419 -6.143
16760 391.0 2.446 -6.025
16590 392.0 3.920 -4.090
16600 392.0 3.560 -4.250
16610 392.0 3.160 -4.190
16620 392.0 2.820 -4.180
16630 392.0 2.490 -4.300
16640 392.0 2.190 -4.300
16650 392.0 1.900 -4.240
16660 392.0 1.650 -4.240
16670 392.0 1.661 -4.234
16680 392.0 1.658 -4.229
16690 392.0 1.666 -4.221
16700 392.0 1.680 -4.216
16710 392.0 1.687 -4.203
16720 392.0 1.697 -4.192
16730 392.0 1.707 -4.183
16740 392.0 1.717 -4.177
16750 392.0 1.728 -4.177
16760 392.0 1.749 -4.169
16770 392.0 1.767 -4.164
16780 392.0 1.782 -4.159
17620 412.0 2.730 3.470
17630 412.0 2.600 2.910
17640 412.0 2.450 2.310
17650 412.0 2.380 1.710
17660 412.0 2.280 1.130
17670 412.0 2.160 0.540
17680 412.0 2.140 -0.070
17690 412.0 2.090 -0.680
17700 412.0 2.106 -0.667
17710 412.0 2.114 -0.729
17720 412.0 2.042 -0.810
17730 412.0 2.008 -0.907
17740 412.0 1.912 -0.969
17750 412.0 1.943 -1.110
17760 412.0 1.851 -1.172
17770 412.0 1.817 -1.395
17780 412.0 1.792 -1.476
17790 412.0 1.887 -1.406
17800 412.0 1.630 -1.350
17810 412.0 1.543 -1.442
17750 413.0 0.670 -9.430
17760 413.0 0.700 -8.800
17770 413.0 0.740 -8.190
17780 413.0 0.800 -7.590
17790 413.0 0.890 -7.010
17800 413.0 1.000 -6.400
17810 413.0 1.160 -5.780
17820 413.0 1.340 -5.200
17830 413.0 1.316 -5.265
17840 413.0 1.406 -5.207
17850 413.0 1.471 -5.095
17860 413.0 1.460 -5.055
17870 413.0 1.505 -4.891
17880 413.0 1.619 -4.726
17890 413.0 1.723 -4.746
17900 413.0 1.689 -4.695
17910 413.0 1.839 -4.476
17920 413.0 1.789 -4.448
17930 413.0 1.876 -4.360
17940 413.0 2.057 -4.282
17770 414.0 2.790 -10.100
17780 414.0 2.690 -9.560
17790 414.0 2.630 -8.950
17800 414.0 2.660 -8.250
17810 414.0 2.630 -7.570
17820 414.0 2.680 -6.890
17830 414.0 2.710 -6.260
17840 414.0 2.730 -5.570
17850 414.0 2.734 -5.644
17860 414.0 2.720 -5.586
17870 414.0 2.654 -5.567
17880 414.0 2.648 -5.579
17890 414.0 2.653 -5.447
17900 414.0 2.672 -5.380
17910 414.0 2.688 -5.228
17920 414.0 2.657 -5.098
17930 414.0 2.647 -5.152
17940 414.0 2.492 -5.313
17950 414.0 2.482 -5.332
17960 414.0 2.420 -5.172
