800.000000 2.000000 13.640000 5.800000 
810.000000 2.000000 12.090000 5.750000 
820.000000 2.000000 11.370000 5.800000 
830.000000 2.000000 10.310000 5.970000 
840.000000 2.000000 9.570000 6.240000 
850.000000 2.000000 8.730000 6.340000 
860.000000 2.000000 7.940000 6.500000 
870.000000 2.000000 7.170000 6.620000 
880.000000 2.000000 6.470000 6.680000 
890.000000 2.000000 5.860000 6.820000 
900.000000 2.000000 5.240000 6.980000 
910.000000 2.000000 4.870000 7.160000 
920.000000 2.000000 4.510000 7.580000 
930.000000 2.000000 4.200000 7.300000 
940.000000 2.000000 3.950000 7.710000 
950.000000 2.000000 3.470000 7.860000 
960.000000 2.000000 2.820000 8.000000 
970.000000 2.000000 2.010000 8.000000 
980.000000 2.000000 1.280000 7.820000 
990.000000 2.000000 0.540000 7.400000 
830.000000 3.000000 12.490000 6.600000 
840.000000 3.000000 11.940000 6.770000 
850.000000 3.000000 11.030000 6.840000 
860.000000 3.000000 10.210000 6.810000 
870.000000 3.000000 9.360000 6.850000 
880.000000 3.000000 8.590000 6.850000 
890.000000 3.000000 7.780000 6.840000 
900.000000 3.000000 6.960000 6.840000 
910.000000 3.000000 6.290000 7.000000 
920.000000 3.000000 5.620000 7.100000 
930.000000 3.000000 5.060000 7.040000 
940.000000 3.000000 4.690000 7.000000 
950.000000 3.000000 4.350000 7.010000 
960.000000 3.000000 3.760000 6.990000 
970.000000 3.000000 3.190000 6.890000 
980.000000 3.000000 2.620000 7.130000 
990.000000 3.000000 1.780000 7.150000 
1000.000000 3.000000 1.010000 6.960000 
1010.000000 3.000000 0.070000 6.910000 
1020.000000 3.000000 -0.720000 6.660000 
1050.000000 11.000000 12.510000 6.190000 
1060.000000 11.000000 11.540000 6.030000 
1070.000000 11.000000 10.960000 5.970000 
1080.000000 11.000000 10.290000 6.120000 
1090.000000 11.000000 9.880000 6.210000 
1100.000000 11.000000 9.540000 6.090000 
1110.000000 11.000000 8.870000 5.990000 
1120.000000 11.000000 8.040000 5.660000 
1130.000000 11.000000 7.170000 5.450000 
1140.000000 11.000000 6.430000 5.230000 
1150.000000 11.000000 5.670000 5.160000 
1160.000000 11.000000 4.940000 4.950000 
1170.000000 11.000000 4.260000 4.710000 
1180.000000 11.000000 3.540000 4.540000 
1190.000000 11.000000 2.820000 4.350000 
1200.000000 11.000000 2.160000 4.190000 
1210.000000 11.000000 1.390000 3.970000 
1220.000000 11.000000 0.710000 3.720000 
1230.000000 11.000000 0.010000 3.410000 
1240.000000 11.000000 -0.630000 3.080000 
1050.000000 12.000000 12.090000 6.950000 
1060.000000 12.000000 11.400000 6.930000 
1070.000000 12.000000 10.700000 6.870000 
1080.000000 12.000000 10.070000 6.730000 
1090.000000 12.000000 9.450000 6.510000 
1100.000000 12.000000 8.900000 6.330000 
1110.000000 12.000000 8.210000 6.230000 
1120.000000 12.000000 7.490000 6.060000 
1130.000000 12.000000 6.730000 5.970000 
1140.000000 12.000000 5.980000 5.800000 
1150.000000 12.000000 5.210000 5.740000 
1160.000000 12.000000 4.450000 5.610000 
1170.000000 12.000000 3.760000 5.600000 
1180.000000 12.000000 3.030000 5.390000 
1190.000000 12.000000 2.280000 5.240000 
1200.000000 12.000000 1.570000 5.060000 
1210.000000 12.000000 0.830000 4.870000 
1220.000000 12.000000 0.110000 4.680000 
1230.000000 12.000000 -0.650000 4.300000 
1240.000000 12.000000 -1.480000 3.900000 
2860.000000 51.000000 7.050000 8.440000 
2870.000000 51.000000 7.050000 8.440000 
2880.000000 51.000000 7.050000 8.440000 
2890.000000 51.000000 7.050000 8.440000 
2900.000000 51.000000 7.050000 8.440000 
2910.000000 51.000000 7.050000 8.440000 
2920.000000 51.000000 7.050000 8.440000 
2930.000000 51.000000 7.050000 8.440000 
2940.000000 51.000000 7.050000 8.440000 
2950.000000 51.000000 7.050000 8.440000 
2960.000000 51.000000 7.050000 8.440000 
2970.000000 51.000000 7.050000 8.440000 
2980.000000 51.000000 7.050000 8.440000 
2990.000000 51.000000 7.050000 8.440000 
3000.000000 51.000000 7.050000 8.440000 
3010.000000 51.000000 6.930000 8.260000 
3020.000000 51.000000 6.870000 8.090000 
3030.000000 51.000000 7.020000 7.910000 
3040.000000 51.000000 7.070000 7.780000 
3050.000000 51.000000 7.100000 7.820000 
2860.000000 52.000000 8.090000 8.840000 
2870.000000 52.000000 8.090000 8.840000 
2880.000000 52.000000 8.090000 8.840000 
2890.000000 52.000000 8.090000 8.840000 
2900.000000 52.000000 8.090000 8.840000 
2910.000000 52.000000 8.090000 8.840000 
2920.000000 52.000000 8.090000 8.840000 
2930.000000 52.000000 8.090000 8.840000 
2940.000000 52.000000 8.090000 8.840000 
2950.000000 52.000000 8.090000 8.840000 
2960.000000 52.000000 8.090000 8.840000 
2970.000000 52.000000 8.090000 8.840000 
2980.000000 52.000000 8.090000 8.840000 
2990.000000 52.000000 8.090000 8.840000 
3000.000000 52.000000 8.090000 8.840000 
3010.000000 52.000000 8.090000 8.840000 
3020.000000 52.000000 8.090000 8.840000 
3030.000000 52.000000 8.090000 8.840000 
3040.000000 52.000000 8.090000 8.840000 
3050.000000 52.000000 8.090000 8.840000 
2860.000000 56.000000 12.320000 3.350000 
2870.000000 56.000000 12.420000 3.220000 
2880.000000 56.000000 12.490000 3.210000 
2890.000000 56.000000 12.650000 3.360000 
2900.000000 56.000000 12.790000 3.450000 
2910.000000 56.000000 12.790000 3.470000 
2920.000000 56.000000 12.790000 3.380000 
2930.000000 56.000000 12.780000 3.160000 
2940.000000 56.000000 12.780000 3.080000 
2950.000000 56.000000 12.780000 3.080000 
2960.000000 56.000000 12.780000 3.080000 
2970.000000 56.000000 12.780000 3.080000 
2980.000000 56.000000 12.780000 3.080000 
2990.000000 56.000000 12.780000 3.150000 
3000.000000 56.000000 12.820000 3.240000 
3010.000000 56.000000 12.820000 3.240000 
3020.000000 56.000000 12.820000 3.240000 
3030.000000 56.000000 12.820000 3.200000 
3040.000000 56.000000 12.820000 3.110000 
3050.000000 56.000000 12.820000 3.010000 
4330.000000 79.000000 -3.780000 5.150000 
4340.000000 79.000000 -3.090000 5.120000 
4350.000000 79.000000 -2.340000 5.190000 
4360.000000 79.000000 -1.610000 5.170000 
4370.000000 79.000000 -0.840000 5.310000 
4380.000000 79.000000 -0.130000 5.270000 
4390.000000 79.000000 0.610000 5.360000 
4400.000000 79.000000 1.380000 5.430000 
4410.000000 79.000000 2.190000 5.680000 
4420.000000 79.000000 2.940000 5.830000 
4430.000000 79.000000 3.730000 5.950000 
4440.000000 79.000000 4.530000 6.040000 
4450.000000 79.000000 5.370000 6.030000 
4460.000000 79.000000 6.190000 6.000000 
4470.000000 79.000000 7.090000 6.000000 
4480.000000 79.000000 7.950000 5.990000 
4490.000000 79.000000 8.800000 6.040000 
4500.000000 79.000000 9.680000 6.040000 
4510.000000 79.000000 10.510000 5.990000 
4520.000000 79.000000 11.330000 5.980000 
6420.000000 126.000000 -5.190000 6.380000 
6430.000000 126.000000 -4.300000 6.500000 
6440.000000 126.000000 -3.360000 6.560000 
6450.000000 126.000000 -2.420000 6.510000 
6460.000000 126.000000 -1.390000 6.390000 
6470.000000 126.000000 -0.560000 6.380000 
6480.000000 126.000000 0.260000 6.180000 
6490.000000 126.000000 1.270000 6.020000 
6500.000000 126.000000 2.250000 5.840000 
6510.000000 126.000000 3.140000 5.650000 
6520.000000 126.000000 4.080000 5.470000 
6530.000000 126.000000 5.000000 5.310000 
6540.000000 126.000000 5.900000 5.290000 
6550.000000 126.000000 6.750000 5.230000 
6560.000000 126.000000 7.650000 5.140000 
6570.000000 126.000000 8.490000 5.030000 
6580.000000 126.000000 9.310000 4.970000 
6590.000000 126.000000 10.080000 5.010000 
6600.000000 126.000000 10.860000 4.960000 
6610.000000 126.000000 11.570000 4.740000 
6420.000000 127.000000 -5.450000 7.310000 
6430.000000 127.000000 -4.560000 7.420000 
6440.000000 127.000000 -3.660000 7.480000 
6450.000000 127.000000 -2.720000 7.420000 
6460.000000 127.000000 -1.590000 7.310000 
6470.000000 127.000000 -0.590000 7.220000 
6480.000000 127.000000 0.360000 7.140000 
6490.000000 127.000000 1.320000 7.050000 
6500.000000 127.000000 2.280000 6.900000 
6510.000000 127.000000 3.160000 6.660000 
6520.000000 127.000000 4.100000 6.430000 
6530.000000 127.000000 5.010000 6.310000 
6540.000000 127.000000 5.920000 6.230000 
6550.000000 127.000000 6.840000 6.220000 
6560.000000 127.000000 7.720000 6.190000 
6570.000000 127.000000 8.670000 6.170000 
6580.000000 127.000000 9.530000 6.230000 
6590.000000 127.000000 10.390000 6.230000 
6600.000000 127.000000 11.200000 6.250000 
6610.000000 127.000000 12.020000 6.080000 
8120.000000 171.000000 -0.680000 8.400000 
8130.000000 171.000000 -0.710000 8.350000 
8140.000000 171.000000 -0.910000 8.420000 
8150.000000 171.000000 -1.080000 8.470000 
8160.000000 171.000000 -1.240000 8.360000 
8170.000000 171.000000 -1.530000 8.270000 
8180.000000 171.000000 -1.870000 8.410000 
8190.000000 171.000000 -1.910000 8.440000 
8200.000000 171.000000 -2.310000 8.410000 
8210.000000 171.000000 -2.660000 8.630000 
8220.000000 171.000000 -2.660000 8.630000 
8230.000000 171.000000 -2.660000 8.630000 
8240.000000 171.000000 -2.660000 8.630000 
8250.000000 171.000000 -2.690000 8.560000 
8260.000000 171.000000 -2.690000 8.520000 
8270.000000 171.000000 -2.390000 8.730000 
8280.000000 171.000000 -2.100000 8.770000 
8290.000000 171.000000 -1.720000 8.740000 
8300.000000 171.000000 -1.550000 8.620000 
8310.000000 171.000000 -1.520000 8.590000 
8890.000000 195.000000 12.710000 4.950000 
8900.000000 195.000000 11.820000 4.590000 
8910.000000 195.000000 10.960000 4.340000 
8920.000000 195.000000 9.860000 4.250000 
8930.000000 195.000000 9.110000 4.130000 
8940.000000 195.000000 8.160000 3.990000 
8950.000000 195.000000 7.270000 3.930000 
8960.000000 195.000000 6.390000 3.810000 
8970.000000 195.000000 5.510000 3.660000 
8980.000000 195.000000 4.640000 3.510000 
8990.000000 195.000000 3.690000 3.380000 
9000.000000 195.000000 2.820000 3.190000 
9010.000000 195.000000 1.980000 2.770000 
9020.000000 195.000000 1.200000 2.430000 
9030.000000 195.000000 0.290000 2.040000 
9040.000000 195.000000 -0.520000 1.690000 
9050.000000 195.000000 -1.130000 1.290000 
9060.000000 195.000000 -2.000000 0.590000 
9070.000000 195.000000 -2.640000 0.110000 
9080.000000 195.000000 -3.500000 -0.440000 
8900.000000 196.000000 13.430000 5.210000 
8910.000000 196.000000 12.660000 5.110000 
8920.000000 196.000000 11.820000 4.850000 
8930.000000 196.000000 10.980000 4.750000 
8940.000000 196.000000 10.180000 4.550000 
8950.000000 196.000000 9.410000 4.410000 
8960.000000 196.000000 8.720000 4.260000 
8970.000000 196.000000 7.990000 4.030000 
8980.000000 196.000000 7.200000 3.960000 
8990.000000 196.000000 6.390000 3.770000 
9000.000000 196.000000 5.500000 3.530000 
9010.000000 196.000000 4.650000 3.360000 
9020.000000 196.000000 3.730000 3.120000 
9030.000000 196.000000 2.760000 2.950000 
9040.000000 196.000000 1.920000 2.820000 
9050.000000 196.000000 1.010000 2.520000 
9060.000000 196.000000 0.070000 2.200000 
9070.000000 196.000000 -0.890000 1.790000 
9080.000000 196.000000 -1.650000 1.350000 
9090.000000 196.000000 -2.330000 0.880000 
8910.000000 197.000000 12.430000 6.040000 
8920.000000 197.000000 11.500000 6.030000 
8930.000000 197.000000 10.810000 5.800000 
8940.000000 197.000000 10.280000 5.520000 
8950.000000 197.000000 9.800000 5.220000 
8960.000000 197.000000 8.970000 4.980000 
8970.000000 197.000000 8.180000 4.880000 
8980.000000 197.000000 7.240000 4.800000 
8990.000000 197.000000 6.350000 4.580000 
9000.000000 197.000000 5.420000 4.350000 
9010.000000 197.000000 4.420000 4.200000 
9020.000000 197.000000 3.500000 4.000000 
9030.000000 197.000000 2.600000 3.850000 
9040.000000 197.000000 1.680000 3.680000 
9050.000000 197.000000 0.780000 3.470000 
9060.000000 197.000000 -0.110000 3.230000 
9070.000000 197.000000 -0.930000 2.870000 
9080.000000 197.000000 -1.750000 2.320000 
9090.000000 197.000000 -3.090000 1.520000 
9100.000000 197.000000 -3.830000 0.910000 
9300.000000 216.000000 -4.260000 8.110000 
9310.000000 216.000000 -3.980000 8.010000 
9320.000000 216.000000 -3.840000 7.960000 
9330.000000 216.000000 -3.310000 8.210000 
9340.000000 216.000000 -2.900000 8.260000 
9350.000000 216.000000 -2.790000 8.410000 
9360.000000 216.000000 -2.510000 8.430000 
9370.000000 216.000000 -2.230000 8.460000 
9380.000000 216.000000 -2.010000 8.440000 
9390.000000 216.000000 -1.860000 8.340000 
9400.000000 216.000000 -1.650000 8.280000 
9410.000000 216.000000 -1.650000 8.280000 
9420.000000 216.000000 -1.650000 8.280000 
9430.000000 216.000000 -2.210000 8.090000 
9440.000000 216.000000 -2.210000 8.090000 
9450.000000 216.000000 -2.230000 8.180000 
9460.000000 216.000000 -2.250000 8.280000 
9470.000000 216.000000 -2.250000 8.280000 
9480.000000 216.000000 -2.250000 8.280000 
9490.000000 216.000000 -2.250000 8.280000 
9680.000000 230.000000 -3.110000 5.320000 
9690.000000 230.000000 -2.090000 5.210000 
9700.000000 230.000000 -1.280000 5.330000 
9710.000000 230.000000 -0.440000 5.260000 
9720.000000 230.000000 0.450000 5.280000 
9730.000000 230.000000 1.340000 5.340000 
9740.000000 230.000000 2.280000 5.270000 
9750.000000 230.000000 3.180000 5.200000 
9760.000000 230.000000 4.110000 5.160000 
9770.000000 230.000000 5.030000 5.090000 
9780.000000 230.000000 6.020000 5.040000 
9790.000000 230.000000 7.010000 5.030000 
9800.000000 230.000000 8.050000 4.960000 
9810.000000 230.000000 8.940000 4.890000 
9820.000000 230.000000 9.880000 4.840000 
9830.000000 230.000000 10.740000 4.750000 
9840.000000 230.000000 11.700000 4.600000 
9850.000000 230.000000 12.520000 4.300000 
9860.000000 230.000000 13.010000 4.260000 
9870.000000 230.000000 13.050000 4.400000 
9680.000000 231.000000 -3.380000 4.310000 
9690.000000 231.000000 -2.480000 4.250000 
9700.000000 231.000000 -1.510000 4.280000 
9710.000000 231.000000 -0.430000 4.340000 
9720.000000 231.000000 0.480000 4.390000 
9730.000000 231.000000 1.360000 4.490000 
9740.000000 231.000000 2.240000 4.500000 
9750.000000 231.000000 3.050000 4.410000 
9760.000000 231.000000 3.890000 4.270000 
9770.000000 231.000000 4.700000 4.110000 
9780.000000 231.000000 5.540000 4.150000 
9790.000000 231.000000 6.360000 4.200000 
9800.000000 231.000000 7.170000 4.250000 
9810.000000 231.000000 8.090000 4.240000 
9820.000000 231.000000 8.970000 4.100000 
9830.000000 231.000000 9.760000 4.210000 
9840.000000 231.000000 10.500000 4.200000 
9850.000000 231.000000 11.120000 4.050000 
9860.000000 231.000000 11.670000 4.000000 
9870.000000 231.000000 12.020000 3.800000 
9920.000000 238.000000 -2.360000 6.640000 
9930.000000 238.000000 -1.300000 6.460000 
9940.000000 238.000000 -0.520000 6.380000 
9950.000000 238.000000 0.430000 6.410000 
9960.000000 238.000000 1.290000 6.330000 
9970.000000 238.000000 2.260000 6.480000 
9980.000000 238.000000 3.120000 6.620000 
9990.000000 238.000000 4.010000 6.580000 
10000.000000 238.000000 4.870000 6.440000 
10010.000000 238.000000 5.700000 6.400000 
10020.000000 238.000000 6.560000 6.340000 
10030.000000 238.000000 7.400000 6.310000 
10040.000000 238.000000 8.180000 6.300000 
10050.000000 238.000000 8.790000 6.200000 
10060.000000 238.000000 9.400000 6.110000 
10070.000000 238.000000 9.770000 5.930000 
10080.000000 238.000000 10.150000 5.810000 
10090.000000 238.000000 10.530000 5.520000 
10100.000000 238.000000 10.950000 5.310000 
10110.000000 238.000000 11.390000 5.020000 
9920.000000 239.000000 -1.570000 5.570000 
9930.000000 239.000000 -0.740000 5.530000 
9940.000000 239.000000 0.070000 5.490000 
9950.000000 239.000000 1.010000 5.490000 
9960.000000 239.000000 1.950000 5.410000 
9970.000000 239.000000 2.870000 5.330000 
9980.000000 239.000000 3.750000 5.370000 
9990.000000 239.000000 4.620000 5.470000 
10000.000000 239.000000 5.440000 5.480000 
10010.000000 239.000000 6.190000 5.490000 
10020.000000 239.000000 6.970000 5.460000 
10030.000000 239.000000 7.740000 5.470000 
10040.000000 239.000000 8.510000 5.470000 
10050.000000 239.000000 9.120000 5.370000 
10060.000000 239.000000 9.740000 5.310000 
10070.000000 239.000000 10.470000 5.340000 
10080.000000 239.000000 11.280000 5.180000 
10090.000000 239.000000 12.010000 5.090000 
10100.000000 239.000000 12.740000 5.320000 
10110.000000 239.000000 13.430000 5.400000 
