0.000000 1.000000 12.775232 7.279124 
10.000000 1.000000 12.419546 7.196786 
20.000000 1.000000 12.064071 7.114449 
30.000000 1.000000 11.703123 7.036407 
40.000000 1.000000 11.293768 6.996789 
50.000000 1.000000 10.884624 6.956933 
60.000000 1.000000 10.475269 6.917077 
70.000000 1.000000 10.060232 6.883665 
80.000000 1.000000 9.639302 6.856457 
90.000000 1.000000 9.218371 6.829011 
100.000000 1.000000 8.797441 6.801804 
110.000000 1.000000 8.347888 6.801804 
120.000000 1.000000 7.898124 6.801804 
130.000000 1.000000 7.448571 6.801804 
140.000000 1.000000 6.999017 6.801804 
150.000000 1.000000 6.537467 6.794406 
160.000000 1.000000 6.067920 6.782234 
170.000000 1.000000 5.598372 6.770062 
180.000000 1.000000 5.128824 6.757652 
190.000000 1.000000 4.648122 6.711352 
0.000000 2.000000 12.375348 7.923505 
10.000000 2.000000 12.218762 7.788901 
20.000000 2.000000 12.062387 7.654297 
30.000000 2.000000 11.905801 7.519693 
40.000000 2.000000 11.727747 7.389385 
50.000000 2.000000 11.355434 7.297501 
60.000000 2.000000 10.983122 7.205616 
70.000000 2.000000 10.544302 7.164567 
80.000000 2.000000 10.039186 7.174114 
90.000000 2.000000 9.534069 7.183660 
100.000000 2.000000 9.067678 7.209435 
110.000000 2.000000 8.601288 7.235210 
120.000000 2.000000 8.134687 7.260986 
130.000000 2.000000 7.665350 7.284136 
140.000000 2.000000 7.189488 7.301319 
150.000000 2.000000 6.713416 7.318264 
160.000000 2.000000 6.237344 7.335448 
170.000000 2.000000 5.760851 7.349528 
180.000000 2.000000 5.280570 7.337357 
190.000000 2.000000 4.800288 7.324946 
0.000000 8.000000 7.029535 4.582268 
10.000000 8.000000 7.534651 4.527615 
20.000000 8.000000 8.039767 4.473201 
30.000000 8.000000 8.544884 4.418548 
40.000000 8.000000 9.018430 4.397307 
50.000000 8.000000 9.460406 4.409240 
60.000000 8.000000 9.902384 4.421173 
70.000000 8.000000 10.344360 4.433106 
80.000000 8.000000 10.762765 4.439072 
90.000000 8.000000 11.157387 4.439072 
100.000000 8.000000 11.552009 4.439072 
110.000000 8.000000 11.946631 4.439072 
120.000000 8.000000 12.349671 4.439072 
130.000000 8.000000 12.761131 4.439072 
140.000000 8.000000 13.172801 4.439072 
150.000000 8.000000 13.584260 4.439072 
160.000000 8.000000 13.995930 4.439072 
170.000000 8.000000 14.467372 4.458165 
180.000000 8.000000 14.938813 4.477258 
190.000000 8.000000 15.410255 4.496351 
0.000000 9.000000 7.029535 5.178918 
10.000000 9.000000 7.455727 5.178918 
20.000000 9.000000 7.881918 5.178918 
30.000000 9.000000 8.308110 5.178918 
40.000000 9.000000 8.734303 5.178918 
50.000000 9.000000 9.206586 5.178918 
60.000000 9.000000 9.678869 5.178918 
70.000000 9.000000 10.151154 5.178918 
80.000000 9.000000 10.623437 5.178918 
90.000000 9.000000 11.057627 5.178918 
100.000000 9.000000 11.487817 5.178918 
110.000000 9.000000 11.917797 5.178918 
120.000000 9.000000 12.347988 5.178918 
130.000000 9.000000 12.763236 5.191566 
140.000000 9.000000 13.143757 5.233571 
150.000000 9.000000 13.524487 5.275814 
160.000000 9.000000 13.905219 5.317818 
170.000000 9.000000 14.285951 5.360060 
180.000000 9.000000 14.666682 5.402065 
190.000000 9.000000 15.047414 5.444307 
110.000000 10.000000 14.988483 6.014943 
120.000000 10.000000 14.508202 6.097042 
130.000000 10.000000 14.028131 6.179141 
140.000000 10.000000 13.544482 6.257899 
150.000000 10.000000 13.029474 6.308256 
160.000000 10.000000 12.514466 6.358375 
170.000000 10.000000 11.999248 6.408731 
180.000000 10.000000 11.488448 6.469351 
190.000000 10.000000 10.987331 6.554553 
200.000000 10.000000 10.486214 6.639754 
210.000000 10.000000 9.985096 6.725194 
220.000000 10.000000 9.489450 6.816601 
230.000000 10.000000 9.043475 6.964332 
240.000000 10.000000 8.597500 7.112062 
250.000000 10.000000 8.151525 7.259792 
260.000000 10.000000 7.705549 7.407523 
270.000000 10.000000 7.253680 7.497498 
280.000000 10.000000 6.801180 7.581028 
290.000000 10.000000 6.348680 7.664559 
300.000000 10.000000 5.896180 7.748090 
110.000000 11.000000 15.063198 5.374857 
120.000000 11.000000 14.580181 5.423783 
130.000000 11.000000 14.097374 5.472947 
140.000000 11.000000 13.614567 5.522110 
150.000000 11.000000 13.092193 5.495142 
160.000000 11.000000 12.552981 5.435477 
170.000000 11.000000 12.013559 5.375812 
180.000000 11.000000 11.494973 5.383926 
190.000000 11.000000 10.997012 5.459581 
200.000000 11.000000 10.499052 5.535237 
210.000000 11.000000 10.001302 5.610892 
220.000000 11.000000 9.514075 5.726642 
230.000000 11.000000 9.043055 5.902773 
240.000000 11.000000 8.572034 6.078904 
250.000000 11.000000 8.100802 6.255273 
260.000000 11.000000 7.639884 6.411595 
270.000000 11.000000 7.218953 6.489398 
280.000000 11.000000 6.798023 6.566963 
290.000000 11.000000 6.377093 6.644766 
300.000000 11.000000 5.956162 6.722331 
180.000000 12.000000 0.332324 4.946702 
190.000000 12.000000 0.912577 5.055292 
200.000000 12.000000 1.493039 5.163643 
210.000000 12.000000 2.074975 5.250515 
220.000000 12.000000 2.663225 5.250515 
230.000000 12.000000 3.251476 5.250515 
240.000000 12.000000 3.839725 5.250515 
250.000000 12.000000 4.434289 5.254096 
260.000000 12.000000 5.044217 5.266506 
270.000000 12.000000 5.653934 5.278677 
280.000000 12.000000 6.263863 5.290849 
290.000000 12.000000 6.864951 5.320682 
300.000000 12.000000 7.452991 5.376767 
310.000000 12.000000 8.041030 5.433090 
320.000000 12.000000 8.629069 5.489175 
330.000000 12.000000 9.207849 5.586071 
340.000000 12.000000 9.786628 5.682967 
350.000000 12.000000 10.365407 5.780102 
360.000000 12.000000 10.956814 5.804206 
370.000000 12.000000 11.551377 5.810173 
170.000000 13.000000 -0.126279 4.508523 
180.000000 13.000000 0.435031 4.515682 
190.000000 13.000000 0.996131 4.523080 
200.000000 13.000000 1.557442 4.530241 
210.000000 13.000000 2.123803 4.564846 
220.000000 13.000000 2.697742 4.640740 
230.000000 13.000000 3.271680 4.716872 
240.000000 13.000000 3.845829 4.792766 
250.000000 13.000000 4.419767 4.868660 
260.000000 13.000000 4.991811 4.935962 
270.000000 13.000000 5.563856 5.003264 
280.000000 13.000000 6.135900 5.070566 
290.000000 13.000000 6.713837 5.133572 
300.000000 13.000000 7.345232 5.156722 
310.000000 13.000000 7.976628 5.180111 
320.000000 13.000000 8.608023 5.203261 
330.000000 13.000000 9.239418 5.226650 
340.000000 13.000000 9.870813 5.272950 
350.000000 13.000000 10.502209 5.319488 
360.000000 13.000000 11.133604 5.365788 
320.000000 14.000000 0.242456 4.796585 
330.000000 14.000000 0.601299 4.747659 
340.000000 14.000000 0.959931 4.698973 
350.000000 14.000000 1.318774 4.650047 
360.000000 14.000000 1.677407 4.605418 
370.000000 14.000000 2.036250 4.597542 
380.000000 14.000000 2.395093 4.589667 
390.000000 14.000000 2.753936 4.581791 
400.000000 14.000000 3.112779 4.574154 
410.000000 14.000000 3.471622 4.566278 
420.000000 14.000000 3.830465 4.558402 
430.000000 14.000000 4.128273 4.558402 
440.000000 14.000000 4.425871 4.558402 
450.000000 14.000000 4.723679 4.558402 
460.000000 14.000000 5.021487 4.558402 
470.000000 14.000000 5.387907 4.540503 
480.000000 14.000000 5.762114 4.520694 
490.000000 14.000000 6.136321 4.500647 
500.000000 14.000000 6.530101 4.505897 
510.000000 14.000000 6.969763 4.569858 
320.000000 15.000000 0.151114 4.303752 
330.000000 15.000000 0.514166 4.250054 
340.000000 15.000000 0.877219 4.196355 
350.000000 15.000000 1.240271 4.142657 
360.000000 15.000000 1.602692 4.100175 
370.000000 15.000000 1.964271 4.084662 
380.000000 15.000000 2.325639 4.069149 
390.000000 15.000000 2.687008 4.053637 
400.000000 15.000000 3.048587 4.038124 
410.000000 15.000000 3.423425 4.026191 
420.000000 15.000000 3.803946 4.016167 
430.000000 15.000000 4.184678 4.005905 
440.000000 15.000000 4.565199 3.995881 
450.000000 15.000000 4.945930 3.985619 
460.000000 15.000000 5.295302 3.985619 
470.000000 15.000000 5.644464 3.985619 
480.000000 15.000000 5.993836 3.985619 
490.000000 15.000000 6.342998 3.985619 
500.000000 15.000000 6.698894 4.004473 
510.000000 15.000000 7.069523 4.066763 
320.000000 16.000000 15.015843 4.405660 
330.000000 16.000000 14.432434 4.357928 
340.000000 16.000000 13.849236 4.310196 
350.000000 16.000000 13.265826 4.262464 
360.000000 16.000000 12.668947 4.306855 
370.000000 16.000000 12.065965 4.390625 
380.000000 16.000000 11.462982 4.474633 
390.000000 16.000000 10.860000 4.558402 
400.000000 16.000000 10.291744 4.773196 
410.000000 16.000000 9.723488 4.987990 
420.000000 16.000000 9.155232 5.202784 
430.000000 16.000000 8.586976 5.417577 
440.000000 16.000000 8.075126 5.636906 
450.000000 16.000000 7.563064 5.856234 
460.000000 16.000000 7.051213 6.075562 
470.000000 16.000000 6.551147 6.295368 
480.000000 16.000000 6.078864 6.516606 
490.000000 16.000000 5.606580 6.737844 
500.000000 16.000000 5.134296 6.959081 
510.000000 16.000000 4.660539 7.166954 
330.000000 17.000000 -0.141222 5.555523 
340.000000 17.000000 0.259293 5.572945 
350.000000 17.000000 0.659598 5.590367 
360.000000 17.000000 1.060113 5.608028 
370.000000 17.000000 1.460417 5.625450 
380.000000 17.000000 1.856723 5.627121 
390.000000 17.000000 2.250503 5.618290 
400.000000 17.000000 2.644073 5.609460 
410.000000 17.000000 3.037643 5.600629 
420.000000 17.000000 3.431423 5.591799 
430.000000 17.000000 3.827940 5.585594 
440.000000 17.000000 4.236873 5.590128 
450.000000 17.000000 4.645597 5.594663 
460.000000 17.000000 5.054319 5.599436 
470.000000 17.000000 5.463253 5.603971 
480.000000 17.000000 5.871976 5.608505 
490.000000 17.000000 6.297327 5.687979 
500.000000 17.000000 6.722677 5.767692 
510.000000 17.000000 7.148026 5.847165 
520.000000 17.000000 7.573166 5.926639 
340.000000 18.000000 0.077451 4.774389 
350.000000 18.000000 0.431453 4.785129 
360.000000 18.000000 0.785456 4.795869 
370.000000 18.000000 1.139458 4.806847 
380.000000 18.000000 1.493250 4.817587 
390.000000 18.000000 1.900710 4.820928 
400.000000 18.000000 2.331112 4.820928 
410.000000 18.000000 2.761302 4.820928 
420.000000 18.000000 3.191493 4.820928 
430.000000 18.000000 3.615580 4.824985 
440.000000 18.000000 4.013990 4.845271 
450.000000 18.000000 4.412611 4.865557 
460.000000 18.000000 4.811233 4.885843 
470.000000 18.000000 5.209643 4.906129 
480.000000 18.000000 5.634782 4.953623 
490.000000 18.000000 6.086441 5.028323 
500.000000 18.000000 6.538099 5.102785 
510.000000 18.000000 6.989546 5.177485 
520.000000 18.000000 7.441205 5.251947 
530.000000 18.000000 7.874973 5.294190 
450.000000 19.000000 15.410045 4.226188 
460.000000 19.000000 14.716142 4.161749 
470.000000 19.000000 14.022027 4.097311 
480.000000 19.000000 13.328124 4.032635 
490.000000 19.000000 12.634220 3.968196 
500.000000 19.000000 11.977570 3.904474 
510.000000 19.000000 11.325128 3.840752 
520.000000 19.000000 10.672686 3.777269 
530.000000 19.000000 10.055602 3.696124 
540.000000 19.000000 9.442517 3.613071 
550.000000 19.000000 8.807965 3.627629 
560.000000 19.000000 8.159101 3.707103 
570.000000 19.000000 7.512341 3.797555 
580.000000 19.000000 6.874211 3.931920 
590.000000 19.000000 6.236292 4.066047 
600.000000 19.000000 5.598372 4.200412 
610.000000 19.000000 4.947824 4.229290 
620.000000 19.000000 4.297276 4.258168 
630.000000 19.000000 3.646729 4.287285 
640.000000 19.000000 2.997654 4.277738 
600.000000 20.000000 15.089506 4.807563 
610.000000 20.000000 14.660157 4.673913 
620.000000 20.000000 14.230809 4.540264 
630.000000 20.000000 13.774941 4.329289 
640.000000 20.000000 13.301394 4.066763 
650.000000 20.000000 12.801961 4.013781 
660.000000 20.000000 12.285480 4.100653 
670.000000 20.000000 11.763737 4.212584 
680.000000 20.000000 11.234628 4.362701 
690.000000 20.000000 10.705519 4.512818 
700.000000 20.000000 10.176199 4.662696 
710.000000 20.000000 9.641196 4.794914 
720.000000 20.000000 9.105562 4.924984 
730.000000 20.000000 8.569718 5.055292 
740.000000 20.000000 8.046082 5.093000 
750.000000 20.000000 7.530442 5.069134 
760.000000 20.000000 7.014802 5.045268 
770.000000 20.000000 6.499163 5.021402 
780.000000 20.000000 5.975525 4.996343 
790.000000 20.000000 5.446416 4.970568 
610.000000 21.000000 15.256195 2.823107 
620.000000 21.000000 14.742450 2.788024 
630.000000 21.000000 14.228704 2.752941 
640.000000 21.000000 13.714959 2.717858 
650.000000 21.000000 13.186271 2.691128 
660.000000 21.000000 12.635273 2.677286 
670.000000 21.000000 12.084486 2.663205 
680.000000 21.000000 11.533488 2.649124 
690.000000 21.000000 10.989857 2.715471 
700.000000 21.000000 10.446014 2.781819 
710.000000 21.000000 9.902384 2.847927 
720.000000 21.000000 9.367592 2.907354 
730.000000 21.000000 8.846270 2.956040 
740.000000 21.000000 8.324947 3.004966 
750.000000 21.000000 7.803415 3.053652 
760.000000 21.000000 7.282093 3.102577 
770.000000 21.000000 6.766243 3.079189 
780.000000 21.000000 6.250393 3.055800 
790.000000 21.000000 5.734543 3.032411 
800.000000 21.000000 5.218693 3.009023 
620.000000 22.000000 14.903456 3.839559 
630.000000 22.000000 14.361087 3.738606 
640.000000 22.000000 13.818718 3.637653 
650.000000 22.000000 13.303289 3.525005 
660.000000 22.000000 12.790807 3.410687 
670.000000 22.000000 12.249069 3.408062 
680.000000 22.000000 11.687759 3.479660 
690.000000 22.000000 11.126659 3.551258 
700.000000 22.000000 10.592077 3.640755 
710.000000 22.000000 10.075596 3.741947 
720.000000 22.000000 9.558905 3.843139 
730.000000 22.000000 9.032742 3.934784 
740.000000 22.000000 8.484480 4.003757 
750.000000 22.000000 7.936218 4.072968 
760.000000 22.000000 7.387957 4.141941 
770.000000 22.000000 6.850639 4.176547 
780.000000 22.000000 6.324477 4.176547 
790.000000 22.000000 5.798314 4.176547 
800.000000 22.000000 5.272151 4.176547 
810.000000 22.000000 4.745988 4.176547 
680.000000 23.000000 15.269243 3.753880 
690.000000 23.000000 14.743081 3.810442 
700.000000 23.000000 14.216918 3.867005 
710.000000 23.000000 13.690756 3.923328 
720.000000 23.000000 13.164593 3.979891 
730.000000 23.000000 12.628959 4.028577 
740.000000 23.000000 12.092273 4.076309 
750.000000 23.000000 11.555587 4.124042 
760.000000 23.000000 11.018901 4.171773 
770.000000 23.000000 10.482215 4.203276 
780.000000 23.000000 9.945529 4.233109 
790.000000 23.000000 9.408843 4.262941 
800.000000 23.000000 8.872157 4.292774 
810.000000 23.000000 8.369566 4.309958 
820.000000 23.000000 7.870974 4.325470 
830.000000 23.000000 7.372172 4.340983 
840.000000 23.000000 6.873580 4.356496 
850.000000 23.000000 6.379618 4.372009 
860.000000 23.000000 5.897443 4.386806 
870.000000 23.000000 5.415057 4.401841 
680.000000 24.000000 15.275137 4.226904 
690.000000 24.000000 14.729190 4.297786 
700.000000 24.000000 14.183033 4.368668 
710.000000 24.000000 13.637087 4.439788 
720.000000 24.000000 13.090930 4.510670 
730.000000 24.000000 12.588760 4.570335 
740.000000 24.000000 12.086380 4.630000 
750.000000 24.000000 11.584210 4.689665 
760.000000 24.000000 11.082041 4.749330 
770.000000 24.000000 10.578608 4.799926 
780.000000 24.000000 10.074333 4.844316 
790.000000 24.000000 9.570270 4.888707 
800.000000 24.000000 9.066206 4.933098 
810.000000 24.000000 8.564878 4.960783 
820.000000 24.000000 8.070705 4.949804 
830.000000 24.000000 7.576323 4.938587 
840.000000 24.000000 7.081941 4.927609 
850.000000 24.000000 6.587558 4.916392 
860.000000 24.000000 6.110223 4.922120 
870.000000 24.000000 5.632678 4.928086 
710.000000 25.000000 14.869781 4.684653 
720.000000 25.000000 14.318573 4.820928 
730.000000 25.000000 13.721272 4.984410 
740.000000 25.000000 13.016214 5.211137 
750.000000 25.000000 12.335570 5.444069 
760.000000 25.000000 11.711963 5.691559 
770.000000 25.000000 11.088354 5.939049 
780.000000 25.000000 10.474217 6.207780 
790.000000 25.000000 9.866183 6.490592 
800.000000 25.000000 9.258150 6.773404 
810.000000 25.000000 8.636015 6.976742 
820.000000 25.000000 8.012406 7.171250 
830.000000 25.000000 7.385852 7.350722 
840.000000 25.000000 6.747511 7.470052 
850.000000 25.000000 6.109171 7.589382 
860.000000 25.000000 5.470830 7.706325 
870.000000 25.000000 4.832489 7.814199 
880.000000 25.000000 4.194359 7.922073 
890.000000 25.000000 3.562753 8.028754 
900.000000 25.000000 2.990499 8.125650 
710.000000 26.000000 15.347958 3.990392 
720.000000 26.000000 14.699725 4.133588 
730.000000 26.000000 14.051493 4.276783 
740.000000 26.000000 13.394631 4.443607 
750.000000 26.000000 12.703043 4.704939 
760.000000 26.000000 12.014400 4.959589 
770.000000 26.000000 11.350594 5.152188 
780.000000 26.000000 10.686787 5.345025 
790.000000 26.000000 10.025505 5.576286 
800.000000 26.000000 9.366961 5.845733 
810.000000 26.000000 8.708415 6.115180 
820.000000 26.000000 8.055342 6.344532 
830.000000 26.000000 7.410477 6.513980 
840.000000 26.000000 6.765401 6.683190 
850.000000 26.000000 6.118221 6.849536 
860.000000 26.000000 5.465779 7.008722 
870.000000 26.000000 4.813337 7.167670 
880.000000 26.000000 4.165104 7.311343 
890.000000 26.000000 3.526974 7.419217 
900.000000 26.000000 2.888844 7.527092 
740.000000 27.000000 14.864941 4.777730 
750.000000 27.000000 14.301525 4.908755 
760.000000 27.000000 13.737900 5.039540 
770.000000 27.000000 13.179746 5.218535 
780.000000 27.000000 12.633800 5.509223 
790.000000 27.000000 12.087853 5.800149 
800.000000 27.000000 11.542328 6.085109 
810.000000 27.000000 10.999117 6.316132 
820.000000 27.000000 10.456117 6.546916 
830.000000 27.000000 9.912907 6.777938 
840.000000 27.000000 9.361278 7.008484 
850.000000 27.000000 8.809859 7.238791 
860.000000 27.000000 8.256546 7.455493 
870.000000 27.000000 7.688922 7.549525 
880.000000 27.000000 7.121297 7.643558 
890.000000 27.000000 6.553673 7.737589 
900.000000 27.000000 5.978472 7.811812 
910.000000 27.000000 5.401587 7.881263 
920.000000 27.000000 4.824492 7.950474 
930.000000 27.000000 4.252027 7.987466 
740.000000 28.000000 14.985116 3.705432 
750.000000 28.000000 14.353721 3.736219 
760.000000 28.000000 13.722325 3.767006 
770.000000 28.000000 13.093455 3.823569 
780.000000 28.000000 12.487526 4.112824 
790.000000 28.000000 11.881807 4.402080 
800.000000 28.000000 11.275879 4.691575 
810.000000 28.000000 10.736457 5.038825 
820.000000 28.000000 10.213661 5.400632 
830.000000 28.000000 9.690866 5.762441 
840.000000 28.000000 9.161336 6.013511 
850.000000 28.000000 8.629069 6.217088 
860.000000 28.000000 8.096804 6.420665 
870.000000 28.000000 7.545174 6.588920 
880.000000 28.000000 6.948926 6.675076 
890.000000 28.000000 6.352468 6.761471 
900.000000 28.000000 5.756221 6.847627 
910.000000 28.000000 5.206697 6.965047 
920.000000 28.000000 4.677166 7.095833 
930.000000 28.000000 4.147426 7.226857 
750.000000 29.000000 0.203730 5.058633 
760.000000 29.000000 0.812606 5.135481 
770.000000 29.000000 1.421481 5.212091 
780.000000 29.000000 2.026569 5.311851 
790.000000 29.000000 2.627867 5.434522 
800.000000 29.000000 3.229166 5.557432 
810.000000 29.000000 3.830465 5.680103 
820.000000 29.000000 4.427976 5.718527 
830.000000 29.000000 5.025275 5.757190 
840.000000 29.000000 5.622786 5.795615 
850.000000 29.000000 6.189358 5.751224 
860.000000 29.000000 6.752141 5.697526 
870.000000 29.000000 7.315136 5.643827 
880.000000 29.000000 7.878130 5.590128 
890.000000 29.000000 8.467854 5.550750 
900.000000 29.000000 9.060523 5.513041 
910.000000 29.000000 9.653193 5.475333 
920.000000 29.000000 10.223553 5.448603 
930.000000 29.000000 10.593340 5.520917 
940.000000 29.000000 10.963338 5.593231 
750.000000 30.000000 0.042093 5.536907 
760.000000 30.000000 0.618978 5.634042 
770.000000 30.000000 1.195652 5.731415 
780.000000 30.000000 1.776326 5.828072 
790.000000 30.000000 2.365628 5.923536 
800.000000 30.000000 2.954930 6.019000 
810.000000 30.000000 3.544232 6.114464 
820.000000 30.000000 4.119013 6.167685 
830.000000 30.000000 4.690425 6.210166 
840.000000 30.000000 5.261628 6.252887 
850.000000 30.000000 5.875555 6.213030 
860.000000 30.000000 6.489271 6.173413 
870.000000 30.000000 7.079205 6.144297 
880.000000 30.000000 7.653353 6.122817 
890.000000 30.000000 8.227292 6.101099 
900.000000 30.000000 8.807965 6.069118 
910.000000 30.000000 9.404213 6.013511 
920.000000 30.000000 10.000670 5.957664 
930.000000 30.000000 10.562613 5.920672 
940.000000 30.000000 11.044367 5.926877 
1190.000000 31.000000 -0.085870 9.729445 
1200.000000 31.000000 0.343690 9.291742 
1210.000000 31.000000 0.773459 8.854279 
1220.000000 31.000000 1.232694 8.503210 
1230.000000 31.000000 1.736337 8.281495 
1240.000000 31.000000 2.239980 8.059780 
1250.000000 31.000000 2.815813 7.857635 
1260.000000 31.000000 3.440052 7.668378 
1270.000000 31.000000 4.064081 7.479121 
1280.000000 31.000000 4.661171 7.271009 
1290.000000 31.000000 5.246474 7.054545 
1300.000000 31.000000 5.831778 6.838319 
1310.000000 31.000000 6.431182 6.634742 
1320.000000 31.000000 7.044477 6.443815 
1330.000000 31.000000 7.657983 6.252887 
1340.000000 31.000000 8.271278 6.061959 
1350.000000 31.000000 8.924773 5.886066 
1360.000000 31.000000 9.578478 5.710175 
1370.000000 31.000000 10.231972 5.534282 
1380.000000 31.000000 10.887150 5.381779 
1280.000000 32.000000 -0.084186 4.445993 
1290.000000 32.000000 0.547209 4.531195 
1300.000000 32.000000 1.178605 4.616396 
1310.000000 32.000000 1.810000 4.701598 
1320.000000 32.000000 2.469387 4.749330 
1330.000000 32.000000 3.128985 4.797062 
1340.000000 32.000000 3.788372 4.844794 
1350.000000 32.000000 4.433868 4.852670 
1360.000000 32.000000 5.079154 4.860784 
1370.000000 32.000000 5.724651 4.868660 
1380.000000 32.000000 6.392036 4.889184 
1390.000000 32.000000 7.059631 4.909471 
1400.000000 32.000000 7.727016 4.929996 
1410.000000 32.000000 8.396927 4.953623 
1420.000000 32.000000 9.069363 4.980114 
1430.000000 32.000000 9.741588 5.006605 
1440.000000 32.000000 10.414024 5.033096 
1450.000000 32.000000 11.074674 5.093000 
1460.000000 32.000000 11.734061 5.156722 
1470.000000 32.000000 12.393659 5.220206 
1530.000000 33.000000 0.083344 8.761440 
1540.000000 33.000000 0.496487 8.549272 
1550.000000 33.000000 0.909630 8.337103 
1560.000000 33.000000 1.331192 8.180064 
1570.000000 33.000000 1.765171 8.105603 
1580.000000 33.000000 2.199360 8.030902 
1590.000000 33.000000 2.626605 7.968135 
1600.000000 33.000000 3.026488 7.952145 
1610.000000 33.000000 3.426372 7.936154 
1620.000000 33.000000 3.828992 7.907038 
1630.000000 33.000000 4.242766 7.824700 
1640.000000 33.000000 4.656330 7.742362 
1650.000000 33.000000 5.097044 7.671719 
1660.000000 33.000000 5.600897 7.628522 
1670.000000 33.000000 6.104751 7.585086 
1680.000000 33.000000 6.608604 7.541650 
1690.000000 33.000000 7.113721 7.398454 
1700.000000 33.000000 7.618837 7.255258 
1710.000000 33.000000 8.123953 7.112062 
1720.000000 33.000000 8.595606 6.947387 
1590.000000 34.000000 14.788752 4.801119 
1600.000000 34.000000 14.227442 4.808995 
1610.000000 34.000000 13.666131 4.816871 
1620.000000 34.000000 13.114291 4.820928 
1630.000000 34.000000 12.571502 4.820928 
1640.000000 34.000000 12.028712 4.820928 
1650.000000 34.000000 11.485923 4.820928 
1660.000000 34.000000 10.968599 4.799926 
1670.000000 34.000000 10.462010 4.770093 
1680.000000 34.000000 9.955631 4.740261 
1690.000000 34.000000 9.459144 4.735488 
1700.000000 34.000000 8.972338 4.755297 
1710.000000 34.000000 8.485743 4.775105 
1720.000000 34.000000 7.998937 4.795153 
1730.000000 34.000000 7.512341 4.814961 
1740.000000 34.000000 7.063419 4.820928 
1750.000000 34.000000 6.630914 4.820928 
1760.000000 34.000000 6.198197 4.820928 
1770.000000 34.000000 5.765481 4.820928 
1780.000000 34.000000 5.332975 4.820928 
1580.000000 35.000000 15.004268 4.156976 
1590.000000 35.000000 14.468424 4.178694 
1600.000000 35.000000 13.932790 4.200412 
1610.000000 35.000000 13.397157 4.222130 
1620.000000 35.000000 12.861312 4.191821 
1630.000000 35.000000 12.325679 4.155544 
1640.000000 35.000000 11.789835 4.119507 
1650.000000 35.000000 11.244941 4.100653 
1660.000000 35.000000 10.694153 4.093731 
1670.000000 35.000000 10.143155 4.086811 
1680.000000 35.000000 9.609837 4.083469 
1690.000000 35.000000 9.146813 4.095402 
1700.000000 35.000000 8.683790 4.107335 
1710.000000 35.000000 8.220767 4.119268 
1720.000000 35.000000 7.767004 4.132872 
1730.000000 35.000000 7.350704 4.153158 
1740.000000 35.000000 6.934194 4.173444 
1750.000000 35.000000 6.517684 4.193730 
1760.000000 35.000000 6.101173 4.214016 
1770.000000 35.000000 5.649725 4.219266 
1650.000000 36.000000 0.190681 6.600376 
1660.000000 36.000000 0.487858 6.818033 
1670.000000 36.000000 0.784824 7.035452 
1680.000000 36.000000 1.083895 7.250485 
1690.000000 36.000000 1.399593 7.441412 
1700.000000 36.000000 1.715291 7.632340 
1710.000000 36.000000 2.030988 7.823268 
1720.000000 36.000000 2.335531 8.011093 
1730.000000 36.000000 2.540735 8.170041 
1740.000000 36.000000 2.745728 8.329227 
1750.000000 36.000000 2.950931 8.488413 
1760.000000 36.000000 3.137824 8.623734 
1770.000000 36.000000 3.251896 8.664783 
1780.000000 36.000000 3.366179 8.705593 
1790.000000 36.000000 3.480462 8.746643 
1800.000000 36.000000 3.519819 8.741632 
1810.000000 36.000000 3.527185 8.716810 
1820.000000 36.000000 3.534341 8.692228 
1830.000000 36.000000 3.541707 8.667408 
1840.000000 36.000000 3.548863 8.642826 
1640.000000 37.000000 0.139538 5.515666 
1650.000000 37.000000 0.416090 5.768169 
1660.000000 37.000000 0.692641 6.020432 
1670.000000 37.000000 0.969402 6.272696 
1680.000000 37.000000 1.135249 6.489398 
1690.000000 37.000000 1.253530 6.690589 
1700.000000 37.000000 1.372022 6.892018 
1710.000000 37.000000 1.511771 7.020655 
1720.000000 37.000000 1.673198 7.076263 
1730.000000 37.000000 1.834624 7.131871 
1740.000000 37.000000 1.969112 7.233301 
1750.000000 37.000000 2.077080 7.380077 
1760.000000 37.000000 2.185049 7.526853 
1770.000000 37.000000 2.293017 7.673867 
1780.000000 37.000000 2.379940 7.804175 
1790.000000 37.000000 2.452760 7.923505 
1800.000000 37.000000 2.525581 8.042835 
1810.000000 37.000000 2.598402 8.162165 
1820.000000 37.000000 2.671223 8.281495 
1830.000000 37.000000 2.730574 8.354764 
1680.000000 38.000000 0.158270 5.756236 
1690.000000 38.000000 0.634342 5.778908 
1700.000000 38.000000 1.110414 5.801820 
1710.000000 38.000000 1.586486 5.824492 
1720.000000 38.000000 2.062558 5.847165 
1730.000000 38.000000 2.526634 5.902296 
1740.000000 38.000000 2.990709 5.957426 
1750.000000 38.000000 3.454785 6.012318 
1760.000000 38.000000 3.917598 6.064584 
1770.000000 38.000000 4.367151 6.091791 
1780.000000 38.000000 4.816704 6.118999 
1790.000000 38.000000 5.266469 6.145967 
1800.000000 38.000000 5.716022 6.173174 
1810.000000 38.000000 6.159893 6.177232 
1820.000000 38.000000 6.601449 6.171504 
1830.000000 38.000000 7.042794 6.165537 
1840.000000 38.000000 7.484350 6.159810 
1850.000000 38.000000 7.925485 6.119953 
1860.000000 38.000000 8.366409 6.057425 
1870.000000 38.000000 8.807544 5.994895 
1680.000000 39.000000 0.136381 4.956009 
1690.000000 39.000000 0.608244 4.914721 
1700.000000 39.000000 1.079896 4.873672 
1710.000000 39.000000 1.552601 4.836679 
1720.000000 39.000000 2.027621 4.809234 
1730.000000 39.000000 2.502641 4.782026 
1740.000000 39.000000 2.977871 4.754819 
1750.000000 39.000000 3.441105 4.826894 
1760.000000 39.000000 3.901392 4.923790 
1770.000000 39.000000 4.361889 5.020686 
1780.000000 39.000000 4.816073 5.103979 
1790.000000 39.000000 5.266047 5.178202 
1800.000000 39.000000 5.716022 5.252186 
1810.000000 39.000000 6.154842 5.243117 
1820.000000 39.000000 6.588821 5.198249 
1830.000000 39.000000 7.023010 5.153620 
1840.000000 39.000000 7.478246 5.120685 
1850.000000 39.000000 7.954950 5.099683 
1860.000000 39.000000 8.431653 5.078442 
1870.000000 39.000000 8.904358 5.053621 
1870.000000 40.000000 0.099129 7.230199 
1880.000000 40.000000 0.459235 7.217550 
1890.000000 40.000000 0.819130 7.204901 
1900.000000 40.000000 1.179236 7.192491 
1910.000000 40.000000 1.551338 7.187240 
1920.000000 40.000000 1.951643 7.198696 
1930.000000 40.000000 2.352158 7.210390 
1940.000000 40.000000 2.752463 7.222084 
1950.000000 40.000000 3.146243 7.199650 
1960.000000 40.000000 3.513084 7.040464 
1970.000000 40.000000 3.880135 6.881278 
1980.000000 40.000000 4.246975 6.722331 
1990.000000 40.000000 4.610238 6.552405 
2000.000000 40.000000 4.964662 6.357658 
2010.000000 40.000000 5.319295 6.163151 
2020.000000 40.000000 5.673718 5.968404 
2030.000000 40.000000 6.061395 5.808025 
2040.000000 40.000000 6.482326 5.682013 
2050.000000 40.000000 6.903255 5.556239 
2060.000000 40.000000 7.324186 5.430226 
1890.000000 41.000000 0.017048 7.659786 
1900.000000 41.000000 0.352740 7.666230 
1910.000000 41.000000 0.688221 7.672674 
1920.000000 41.000000 1.023913 7.679118 
1930.000000 41.000000 1.359605 7.682698 
1940.000000 41.000000 1.696349 7.662412 
1950.000000 41.000000 2.033093 7.641887 
1960.000000 41.000000 2.369837 7.621362 
1970.000000 41.000000 2.699005 7.613247 
1980.000000 41.000000 3.023331 7.613247 
1990.000000 41.000000 3.347448 7.613247 
2000.000000 41.000000 3.671774 7.613247 
2010.000000 41.000000 4.004099 7.505851 
2020.000000 41.000000 4.337265 7.386521 
2030.000000 41.000000 4.670642 7.267191 
2040.000000 41.000000 5.021276 7.141894 
2050.000000 41.000000 5.412952 7.002756 
2060.000000 41.000000 5.804838 6.863379 
2070.000000 41.000000 6.196514 6.724240 
2080.000000 41.000000 6.567143 6.609445 
1890.000000 42.000000 -0.168372 5.453376 
1900.000000 42.000000 0.410407 5.423544 
1910.000000 42.000000 0.989186 5.393712 
1920.000000 42.000000 1.574489 5.342161 
1930.000000 42.000000 2.185470 5.203500 
1940.000000 42.000000 2.796450 5.065077 
1950.000000 42.000000 3.404273 4.931189 
1960.000000 42.000000 3.983052 4.841691 
1970.000000 42.000000 4.561831 4.752194 
1980.000000 42.000000 5.140610 4.662696 
1990.000000 42.000000 5.720862 4.569142 
2000.000000 42.000000 6.301115 4.475348 
2010.000000 42.000000 6.881577 4.381317 
2020.000000 42.000000 7.488980 4.265805 
2030.000000 42.000000 8.114272 4.136213 
2040.000000 42.000000 8.739774 4.006859 
2050.000000 42.000000 9.372222 3.885143 
2060.000000 42.000000 10.068861 3.835740 
2070.000000 42.000000 10.765711 3.786576 
2080.000000 42.000000 11.463403 3.751732 
1900.000000 43.000000 0.248559 5.812082 
1910.000000 43.000000 0.866906 5.774851 
1920.000000 43.000000 1.485042 5.737620 
1930.000000 43.000000 2.102336 5.691082 
1940.000000 43.000000 2.711211 5.563398 
1950.000000 43.000000 3.320087 5.435477 
1960.000000 43.000000 3.923070 5.310181 
1970.000000 43.000000 4.512372 5.190851 
1980.000000 43.000000 5.101674 5.071521 
1990.000000 43.000000 5.694134 4.966272 
2000.000000 43.000000 6.293538 4.893958 
2010.000000 43.000000 6.893153 4.821644 
2020.000000 43.000000 7.492558 4.749330 
2030.000000 43.000000 8.085649 4.640740 
2040.000000 43.000000 8.678740 4.532388 
2050.000000 43.000000 9.272040 4.423798 
2060.000000 43.000000 9.928692 4.367475 
2070.000000 43.000000 10.612703 4.333346 
2080.000000 43.000000 11.296715 4.299218 
2090.000000 43.000000 11.952945 4.318072 
1900.000000 44.000000 0.003788 6.483910 
1910.000000 44.000000 0.341795 6.509207 
1920.000000 44.000000 0.679592 6.534266 
1930.000000 44.000000 1.017388 6.559326 
1940.000000 44.000000 1.355185 6.584385 
1950.000000 44.000000 1.711502 6.517322 
1960.000000 44.000000 2.069924 6.439996 
1970.000000 44.000000 2.428346 6.362432 
1980.000000 44.000000 2.781086 6.280094 
1990.000000 44.000000 3.111937 6.177948 
2000.000000 44.000000 3.442578 6.075562 
2010.000000 44.000000 3.777007 6.009215 
2020.000000 44.000000 4.117118 5.997044 
2030.000000 44.000000 4.457020 5.984872 
2040.000000 44.000000 4.796921 5.972700 
2050.000000 44.000000 5.171549 5.906830 
2060.000000 44.000000 5.580904 5.787500 
2070.000000 44.000000 5.990047 5.668170 
2080.000000 44.000000 6.399402 5.548841 
2090.000000 44.000000 6.807494 5.393712 
1910.000000 45.000000 -0.034306 7.149532 
1920.000000 45.000000 0.314435 7.115403 
1930.000000 45.000000 0.663176 7.081275 
1940.000000 45.000000 1.012127 7.047385 
1950.000000 45.000000 1.363603 7.018746 
1960.000000 45.000000 1.741388 7.039748 
1970.000000 45.000000 2.118963 7.060750 
1980.000000 45.000000 2.496537 7.081991 
1990.000000 45.000000 2.881057 7.044282 
2000.000000 45.000000 3.268944 6.981515 
2010.000000 45.000000 3.656621 6.918509 
2020.000000 45.000000 4.044298 6.855742 
2030.000000 45.000000 4.394722 6.752640 
2040.000000 45.000000 4.740937 6.644766 
2050.000000 45.000000 5.087152 6.536892 
2060.000000 45.000000 5.472724 6.399662 
2070.000000 45.000000 5.868188 6.255035 
2080.000000 45.000000 6.263652 6.110407 
2090.000000 45.000000 6.646278 5.944061 
2100.000000 45.000000 7.016065 5.755997 
1950.000000 47.000000 0.061666 5.667693 
1960.000000 47.000000 0.498171 5.791557 
1970.000000 47.000000 0.934676 5.915183 
1980.000000 47.000000 1.362972 6.012318 
1990.000000 47.000000 1.758646 6.002771 
2000.000000 47.000000 2.154321 5.993225 
2010.000000 47.000000 2.533579 5.996805 
2020.000000 47.000000 2.906102 6.005874 
2030.000000 47.000000 3.272311 6.030456 
2040.000000 47.000000 3.583800 6.192744 
2050.000000 47.000000 3.895288 6.355033 
2060.000000 47.000000 4.249501 6.537130 
2070.000000 47.000000 4.632127 6.732354 
2080.000000 47.000000 5.030116 6.914452 
2090.000000 47.000000 5.451046 7.076740 
2100.000000 47.000000 5.871976 7.239029 
2110.000000 47.000000 6.336052 7.284613 
2120.000000 47.000000 6.804758 7.317071 
2130.000000 47.000000 7.232634 7.293444 
2140.000000 47.000000 7.643041 7.245711 
1970.000000 50.000000 -0.186893 5.186555 
1980.000000 50.000000 0.385572 5.167462 
1990.000000 50.000000 0.958037 5.148369 
2000.000000 50.000000 1.531344 5.118775 
2010.000000 50.000000 2.112228 4.994672 
2020.000000 50.000000 2.693112 4.870569 
2030.000000 50.000000 3.265366 4.765798 
2040.000000 50.000000 3.832149 4.674152 
2050.000000 50.000000 4.398721 4.582268 
2060.000000 50.000000 5.007596 4.539548 
2070.000000 50.000000 5.616472 4.497066 
2080.000000 50.000000 6.220086 4.457449 
2090.000000 50.000000 6.802864 4.430003 
2100.000000 50.000000 7.385642 4.402318 
2110.000000 50.000000 7.993465 4.338835 
2120.000000 50.000000 8.617915 4.251247 
2130.000000 50.000000 9.242154 4.163898 
2140.000000 50.000000 9.862395 4.119268 
2150.000000 50.000000 10.479690 4.103278 
2160.000000 50.000000 11.097194 4.087526 
1980.000000 51.000000 15.069302 5.545499 
1990.000000 51.000000 14.648372 5.459581 
2000.000000 51.000000 14.227442 5.373664 
2010.000000 51.000000 13.751580 5.334524 
2020.000000 51.000000 13.193426 5.365788 
2030.000000 51.000000 12.639272 5.410656 
2040.000000 51.000000 12.120475 5.581298 
2050.000000 51.000000 11.601890 5.751701 
2060.000000 51.000000 11.091512 5.902773 
2070.000000 51.000000 10.600496 6.008976 
2080.000000 51.000000 10.109271 6.114942 
2090.000000 51.000000 9.640985 6.212553 
2100.000000 51.000000 9.187644 6.304199 
2110.000000 51.000000 8.734303 6.396082 
2120.000000 51.000000 8.250233 6.531403 
2130.000000 51.000000 7.766162 6.666484 
2140.000000 51.000000 7.282093 6.801804 
2150.000000 51.000000 6.781396 6.809919 
2160.000000 51.000000 6.280489 6.818272 
2170.000000 51.000000 5.775794 6.817794 
1980.000000 52.000000 15.125075 4.987035 
1990.000000 52.000000 14.566921 4.997298 
2000.000000 52.000000 14.008768 5.007799 
2010.000000 52.000000 13.452088 5.074862 
2020.000000 52.000000 12.896461 5.179873 
2030.000000 52.000000 12.345673 5.280587 
2040.000000 52.000000 11.839084 5.342400 
2050.000000 52.000000 11.332283 5.404212 
2060.000000 52.000000 10.847582 5.459104 
2070.000000 52.000000 10.395503 5.503256 
2080.000000 52.000000 9.943213 5.547409 
2090.000000 52.000000 9.537647 5.658146 
2100.000000 52.000000 9.151654 5.797524 
2110.000000 52.000000 8.777868 5.971507 
2120.000000 52.000000 8.432075 6.227350 
2130.000000 52.000000 8.094488 6.353124 
2140.000000 52.000000 7.674400 6.433075 
2150.000000 52.000000 7.129085 6.465533 
2160.000000 52.000000 6.574930 6.464817 
2170.000000 52.000000 5.985628 6.331167 
2020.000000 53.000000 14.814219 6.969821 
2030.000000 53.000000 14.261747 7.019701 
2040.000000 53.000000 13.705488 7.058602 
2050.000000 53.000000 13.116185 7.001324 
2060.000000 53.000000 12.526883 6.944046 
2070.000000 53.000000 11.936529 6.943091 
2080.000000 53.000000 11.345753 6.979845 
2090.000000 53.000000 10.754767 7.016598 
2100.000000 53.000000 10.260174 7.231392 
2110.000000 53.000000 9.765581 7.446186 
2120.000000 53.000000 9.344651 7.653104 
2130.000000 53.000000 8.904569 7.805369 
2140.000000 53.000000 8.445333 7.902981 
2150.000000 53.000000 7.987151 7.941405 
2160.000000 53.000000 7.531073 7.841884 
2170.000000 53.000000 7.075206 7.742601 
2180.000000 53.000000 6.526944 7.658116 
2190.000000 53.000000 5.968369 7.575540 
2200.000000 53.000000 5.390011 7.520170 
2210.000000 53.000000 4.765983 7.528523 
2490.000000 54.000000 0.347267 4.518546 
2500.000000 54.000000 1.057587 4.538593 
2510.000000 54.000000 1.767907 4.558402 
2520.000000 54.000000 2.438659 4.593246 
2530.000000 54.000000 3.109622 4.628091 
2540.000000 54.000000 3.780374 4.662696 
2550.000000 54.000000 4.451337 4.697541 
2560.000000 54.000000 5.126088 4.730237 
2570.000000 54.000000 5.816414 4.754103 
2580.000000 54.000000 6.506739 4.777969 
2590.000000 54.000000 7.197065 4.801835 
2600.000000 54.000000 7.887391 4.825701 
2610.000000 54.000000 8.575822 4.837634 
2620.000000 54.000000 9.256466 4.802074 
2630.000000 54.000000 9.937110 4.766513 
2640.000000 54.000000 10.617754 4.730953 
2650.000000 54.000000 11.298398 4.695393 
2660.000000 54.000000 11.972729 4.663890 
2670.000000 54.000000 12.640534 4.636444 
2680.000000 54.000000 13.308340 4.608998 
2680.000000 55.000000 14.991640 5.757190 
2690.000000 55.000000 14.426541 5.811605 
2700.000000 55.000000 13.861232 5.866258 
2710.000000 55.000000 13.295923 5.920911 
2720.000000 55.000000 12.694624 5.959096 
2730.000000 55.000000 12.069332 5.986304 
2740.000000 55.000000 11.443830 6.013511 
2750.000000 55.000000 10.824431 6.035468 
2760.000000 55.000000 10.259333 6.008022 
2770.000000 55.000000 9.694023 5.980814 
2780.000000 55.000000 9.128714 5.953608 
2790.000000 55.000000 8.564878 5.919240 
2800.000000 55.000000 8.002094 5.880578 
2810.000000 55.000000 7.439310 5.841676 
2820.000000 55.000000 6.876316 5.802774 
2830.000000 55.000000 6.331001 5.729029 
2840.000000 55.000000 5.826937 5.573422 
2850.000000 55.000000 5.322873 5.418055 
2860.000000 55.000000 4.818599 5.262687 
2870.000000 55.000000 4.314535 5.107320 
2720.000000 56.000000 0.147957 8.356673 
2730.000000 56.000000 0.401567 8.173143 
2740.000000 56.000000 0.655178 7.989614 
2750.000000 56.000000 0.908788 7.806085 
2760.000000 56.000000 1.119043 7.609190 
2770.000000 56.000000 1.300253 7.403704 
2780.000000 56.000000 1.481464 7.198218 
2790.000000 56.000000 1.662674 6.992732 
2800.000000 56.000000 1.941330 6.812067 
2810.000000 56.000000 2.220196 6.631401 
2820.000000 56.000000 2.498852 6.450974 
2830.000000 56.000000 2.740045 6.313506 
2840.000000 56.000000 2.893895 6.276753 
2850.000000 56.000000 3.047745 6.239999 
2860.000000 56.000000 3.006284 6.249784 
2870.000000 56.000000 2.881478 6.279617 
2880.000000 56.000000 2.756462 6.309449 
2890.000000 56.000000 2.631445 6.339282 
2900.000000 56.000000 2.506429 6.369114 
2910.000000 56.000000 2.381623 6.398947 
2790.000000 57.000000 0.578779 9.293890 
2800.000000 57.000000 0.684012 8.929217 
2810.000000 57.000000 0.789244 8.564546 
2820.000000 57.000000 0.894477 8.199873 
2830.000000 57.000000 1.205965 7.945701 
2840.000000 57.000000 1.605849 7.739021 
2850.000000 57.000000 2.005733 7.532103 
2860.000000 57.000000 2.416350 7.434014 
2870.000000 57.000000 2.831598 7.382225 
2880.000000 57.000000 3.246845 7.330674 
2890.000000 57.000000 3.662093 7.279124 
2900.000000 57.000000 3.807735 7.242370 
2910.000000 57.000000 3.953587 7.205616 
2920.000000 57.000000 4.044929 7.183421 
2930.000000 57.000000 4.054821 7.182467 
2940.000000 57.000000 4.064713 7.181512 
2950.000000 57.000000 4.074605 7.180796 
2960.000000 57.000000 4.084496 7.179842 
2970.000000 57.000000 4.094388 7.178887 
2980.000000 57.000000 4.104280 7.178171 
2890.000000 58.000000 15.029313 5.640486 
2900.000000 58.000000 14.419806 5.722823 
2910.000000 58.000000 13.810089 5.805161 
2920.000000 58.000000 13.202055 5.889169 
2930.000000 58.000000 12.599704 5.979621 
2940.000000 58.000000 11.997143 6.070073 
2950.000000 58.000000 11.410997 6.140001 
2960.000000 58.000000 10.862525 6.161719 
2970.000000 58.000000 10.314054 6.183437 
2980.000000 58.000000 9.765581 6.205155 
2990.000000 58.000000 9.219424 6.160048 
3000.000000 58.000000 8.673477 6.114942 
3010.000000 58.000000 8.127320 6.069596 
3020.000000 58.000000 7.571062 6.016375 
3030.000000 58.000000 6.990599 5.944061 
3040.000000 58.000000 6.410347 5.871747 
3050.000000 58.000000 5.829884 5.799433 
3060.000000 58.000000 5.294671 5.792512 
3070.000000 58.000000 4.759458 5.785830 
3080.000000 58.000000 4.224245 5.778908 
2890.000000 59.000000 15.230097 4.806370 
2900.000000 59.000000 14.636796 4.878684 
2910.000000 59.000000 14.043705 4.950997 
2920.000000 59.000000 13.450615 5.023312 
2930.000000 59.000000 12.856893 5.112331 
2940.000000 59.000000 12.262750 5.217580 
2950.000000 59.000000 11.668396 5.322830 
2960.000000 59.000000 11.075727 5.421396 
2970.000000 59.000000 10.496947 5.458627 
2980.000000 59.000000 9.918168 5.495858 
2990.000000 59.000000 9.339389 5.533089 
3000.000000 59.000000 8.759347 5.496335 
3010.000000 59.000000 8.179095 5.451229 
3020.000000 59.000000 7.598843 5.405883 
3030.000000 59.000000 7.028272 5.357913 
3040.000000 59.000000 6.496427 5.298247 
3050.000000 59.000000 5.964371 5.238583 
3060.000000 59.000000 5.432315 5.178918 
3070.000000 59.000000 4.914781 5.145267 
3080.000000 59.000000 4.406718 5.128799 
2980.000000 60.000000 15.111395 8.042835 
2990.000000 60.000000 14.680994 7.825893 
3000.000000 60.000000 14.250382 7.608952 
3010.000000 60.000000 13.775784 7.462653 
3020.000000 60.000000 13.290030 7.334254 
3030.000000 60.000000 12.795648 7.218504 
3040.000000 60.000000 12.266748 7.154066 
3050.000000 60.000000 11.737639 7.089389 
3060.000000 60.000000 11.208740 7.024951 
3070.000000 60.000000 10.677106 6.977458 
3080.000000 60.000000 10.142735 6.946909 
3090.000000 60.000000 9.608574 6.916122 
3100.000000 60.000000 9.074203 6.885574 
3110.000000 60.000000 8.566982 6.823045 
3120.000000 60.000000 8.077862 6.739275 
3130.000000 60.000000 7.588740 6.655267 
3140.000000 60.000000 7.099409 6.571497 
3150.000000 60.000000 6.631545 6.439519 
3160.000000 60.000000 6.165997 6.302051 
3170.000000 60.000000 5.700448 6.164583 
2980.000000 61.000000 15.028682 5.415907 
2990.000000 61.000000 14.412861 5.398246 
3000.000000 61.000000 13.797251 5.380346 
3010.000000 61.000000 13.175116 5.356481 
3020.000000 61.000000 12.543720 5.323545 
3030.000000 61.000000 11.912325 5.290372 
3040.000000 61.000000 11.280930 5.257198 
3050.000000 61.000000 10.675422 5.221160 
3060.000000 61.000000 10.076438 5.184407 
3070.000000 61.000000 9.472404 5.158154 
3080.000000 61.000000 8.847953 5.174144 
3090.000000 61.000000 8.223503 5.190135 
3100.000000 61.000000 7.611892 5.217580 
3110.000000 61.000000 7.050581 5.290849 
3120.000000 61.000000 6.489271 5.364357 
3130.000000 61.000000 5.928171 5.437863 
3140.000000 61.000000 5.372964 5.495380 
3150.000000 61.000000 4.831647 5.515666 
3160.000000 61.000000 4.290542 5.536191 
3170.000000 61.000000 3.749225 5.556716 
2980.000000 62.000000 14.756551 4.510670 
2990.000000 62.000000 14.131259 4.510670 
3000.000000 62.000000 13.505756 4.510670 
3010.000000 62.000000 12.880465 4.510670 
3020.000000 62.000000 12.325679 4.505181 
3030.000000 62.000000 11.770682 4.499930 
3040.000000 62.000000 11.215897 4.494442 
3050.000000 62.000000 10.661110 4.488952 
3060.000000 62.000000 10.134948 4.473678 
3070.000000 62.000000 9.627727 4.452199 
3080.000000 62.000000 9.085989 4.439072 
3090.000000 62.000000 8.491635 4.439072 
3100.000000 62.000000 7.915593 4.444561 
3110.000000 62.000000 7.347337 4.452676 
3120.000000 62.000000 6.779081 4.460552 
3130.000000 62.000000 6.231451 4.563175 
3140.000000 62.000000 5.692660 4.706371 
3150.000000 62.000000 5.152186 4.840021 
3160.000000 62.000000 4.604977 4.935485 
3170.000000 62.000000 4.044929 4.998252 
3050.000000 64.000000 -0.140380 5.286314 
3060.000000 64.000000 0.315698 5.196817 
3070.000000 64.000000 0.771776 5.107320 
3080.000000 64.000000 1.229537 5.013765 
3090.000000 64.000000 1.694244 4.904459 
3100.000000 64.000000 2.158951 4.795153 
3110.000000 64.000000 2.563675 4.723794 
3120.000000 64.000000 2.953457 4.661742 
3130.000000 64.000000 3.339029 4.603032 
3140.000000 64.000000 3.686717 4.572006 
3150.000000 64.000000 4.034616 4.540741 
3160.000000 64.000000 4.476172 4.534536 
3170.000000 64.000000 4.941510 4.534536 
3180.000000 64.000000 5.512081 4.634773 
3190.000000 64.000000 6.094438 4.746227 
3200.000000 64.000000 6.676585 4.857443 
3210.000000 64.000000 7.217059 4.914244 
3220.000000 64.000000 7.752693 4.964840 
3230.000000 64.000000 8.288537 5.015436 
3240.000000 64.000000 8.841849 5.035722 
3050.000000 65.000000 -0.130488 4.620454 
3060.000000 65.000000 0.374628 4.652195 
3070.000000 65.000000 0.873009 4.655059 
3080.000000 65.000000 1.344030 4.541457 
3090.000000 65.000000 1.816735 4.435254 
3100.000000 65.000000 2.305645 4.396830 
3110.000000 65.000000 2.794345 4.358167 
3120.000000 65.000000 3.283256 4.319742 
3130.000000 65.000000 3.762274 4.278693 
3140.000000 65.000000 4.241293 4.237405 
3150.000000 65.000000 4.713787 4.201844 
3160.000000 65.000000 5.128824 4.214971 
3170.000000 65.000000 5.544072 4.228336 
3180.000000 65.000000 5.959109 4.241462 
3190.000000 65.000000 6.424658 4.267476 
3200.000000 65.000000 6.940508 4.305900 
3210.000000 65.000000 7.456568 4.344324 
3220.000000 65.000000 7.987782 4.373918 
3230.000000 65.000000 8.542148 4.389670 
3240.000000 65.000000 9.096302 4.405660 
3140.000000 66.000000 -0.122491 7.323992 
3150.000000 66.000000 0.384941 7.576733 
3160.000000 66.000000 0.879113 7.811574 
3170.000000 66.000000 1.251426 7.884842 
3180.000000 66.000000 1.623738 7.958350 
3190.000000 66.000000 1.987843 8.007514 
3200.000000 66.000000 2.343318 8.032096 
3210.000000 66.000000 2.699005 8.056916 
3220.000000 66.000000 3.104571 8.042119 
3230.000000 66.000000 3.543601 8.001308 
3240.000000 66.000000 3.982631 7.960259 
3250.000000 66.000000 4.424397 7.918255 
3260.000000 66.000000 4.891419 7.865988 
3270.000000 66.000000 5.358231 7.813961 
3280.000000 66.000000 5.825253 7.761694 
3290.000000 66.000000 6.342577 7.730430 
3300.000000 66.000000 6.865582 7.701552 
3310.000000 66.000000 7.388588 7.672435 
3320.000000 66.000000 7.911384 7.606565 
3330.000000 66.000000 8.433758 7.516113 
3190.000000 67.000000 1.208701 0.514789 
3200.000000 67.000000 1.098417 1.276353 
3210.000000 67.000000 1.034015 2.026460 
3220.000000 67.000000 1.152928 2.732177 
3230.000000 67.000000 1.271841 3.437656 
3240.000000 67.000000 1.529029 3.786338 
3250.000000 67.000000 1.844095 4.062706 
3260.000000 67.000000 2.329638 4.209482 
3270.000000 67.000000 2.926517 4.269385 
3280.000000 67.000000 3.535814 4.319742 
3290.000000 67.000000 4.097124 4.297070 
3300.000000 67.000000 4.658224 4.274397 
3310.000000 67.000000 5.192385 4.159602 
3320.000000 67.000000 5.723598 4.034544 
3330.000000 67.000000 6.142635 3.945762 
3340.000000 67.000000 6.533468 3.866289 
3350.000000 67.000000 6.953136 3.886336 
3360.000000 67.000000 7.385010 3.949104 
3370.000000 67.000000 7.752061 4.161749 
3380.000000 67.000000 8.102907 4.411865 
3260.000000 69.000000 0.000000 4.224278 
3270.000000 69.000000 0.508694 4.283943 
3280.000000 69.000000 1.017178 4.343608 
3290.000000 69.000000 1.515349 4.400887 
3300.000000 69.000000 2.006364 4.456494 
3310.000000 69.000000 2.497589 4.512341 
3320.000000 69.000000 3.009651 4.579165 
3330.000000 69.000000 3.535814 4.653866 
3340.000000 69.000000 4.061976 4.728328 
3350.000000 69.000000 4.580773 4.815200 
3360.000000 69.000000 5.088204 4.920688 
3370.000000 69.000000 5.595846 5.025937 
3380.000000 69.000000 6.103488 5.131186 
3390.000000 69.000000 6.635544 5.197533 
3400.000000 69.000000 7.167600 5.263881 
3410.000000 69.000000 7.699445 5.329989 
3420.000000 69.000000 8.232763 5.388938 
3430.000000 69.000000 8.767977 5.436670 
3440.000000 69.000000 9.303189 5.484402 
3450.000000 69.000000 9.838402 5.532134 
3260.000000 70.000000 -0.158270 3.897553 
3270.000000 70.000000 0.342637 3.938603 
3280.000000 70.000000 0.843334 3.979891 
3290.000000 70.000000 1.344030 4.020940 
3300.000000 70.000000 1.847884 4.083469 
3310.000000 70.000000 2.353000 4.155067 
3320.000000 70.000000 2.858116 4.226665 
3330.000000 70.000000 3.379859 4.261748 
3340.000000 70.000000 3.908968 4.281079 
3350.000000 70.000000 4.437867 4.300411 
3360.000000 70.000000 4.966977 4.319742 
3370.000000 70.000000 5.496086 4.408285 
3380.000000 70.000000 6.025405 4.497066 
3390.000000 70.000000 6.554515 4.585609 
3400.000000 70.000000 7.080046 4.692052 
3410.000000 70.000000 7.602000 4.816155 
3420.000000 70.000000 8.123953 4.940258 
3430.000000 70.000000 8.685264 4.931427 
3440.000000 70.000000 9.246364 4.922597 
3450.000000 70.000000 9.806412 4.914244 
3370.000000 71.000000 0.164373 9.209404 
3380.000000 71.000000 0.431453 8.961676 
3390.000000 71.000000 0.698534 8.713946 
3400.000000 71.000000 0.996973 8.416815 
3410.000000 71.000000 1.308882 8.098443 
3420.000000 71.000000 1.620581 7.780310 
3430.000000 71.000000 2.000681 7.595587 
3440.000000 71.000000 2.380992 7.410864 
3450.000000 71.000000 2.761092 7.225903 
3460.000000 71.000000 3.200753 7.009916 
3470.000000 71.000000 3.646940 6.790349 
3480.000000 71.000000 4.099229 6.624719 
3490.000000 71.000000 4.560989 6.539995 
3500.000000 71.000000 5.022750 6.455270 
3510.000000 71.000000 5.501769 6.362432 
3520.000000 71.000000 6.021828 6.250023 
3530.000000 71.000000 6.541677 6.137853 
3540.000000 71.000000 7.061736 6.025444 
3550.000000 71.000000 7.600737 5.922104 
3560.000000 71.000000 8.142054 5.819958 
3400.000000 72.000000 0.189419 4.707087 
3410.000000 72.000000 0.820814 4.853863 
3420.000000 72.000000 1.452209 5.000877 
3430.000000 72.000000 2.093286 5.120207 
3440.000000 72.000000 2.740887 5.221160 
3450.000000 72.000000 3.388488 5.322114 
3460.000000 72.000000 4.046192 5.411611 
3470.000000 72.000000 4.703895 5.501108 
3480.000000 72.000000 5.361598 5.590606 
3490.000000 72.000000 6.020775 5.659340 
3500.000000 72.000000 6.680162 5.723062 
3510.000000 72.000000 7.339550 5.786784 
3520.000000 72.000000 7.943795 5.921388 
3530.000000 72.000000 8.534360 6.073892 
3540.000000 72.000000 9.124926 6.226396 
3550.000000 72.000000 9.703073 6.397515 
3560.000000 72.000000 10.232183 6.642857 
3570.000000 72.000000 10.761292 6.888438 
3580.000000 72.000000 11.290611 7.133780 
3590.000000 72.000000 11.698703 7.502987 
3620.000000 73.000000 15.219153 9.886244 
3630.000000 73.000000 15.002374 9.871924 
3640.000000 73.000000 14.785595 9.857366 
3650.000000 73.000000 14.568605 9.842808 
3660.000000 73.000000 14.368453 9.770732 
3670.000000 73.000000 14.207026 9.563814 
3680.000000 73.000000 14.045810 9.357135 
3690.000000 73.000000 13.876596 9.140671 
3700.000000 73.000000 13.689492 8.902011 
3710.000000 73.000000 13.502600 8.663351 
3720.000000 73.000000 13.315496 8.424691 
3730.000000 73.000000 13.012426 8.136390 
3740.000000 73.000000 12.659687 7.826848 
3750.000000 73.000000 12.307158 7.517068 
3760.000000 73.000000 11.954418 7.207526 
3770.000000 73.000000 11.499814 7.026145 
3780.000000 73.000000 11.045209 6.844763 
3790.000000 73.000000 10.558614 6.766960 
3800.000000 73.000000 10.040028 6.792497 
3810.000000 73.000000 9.521231 6.818033 
3990.000000 74.000000 0.198890 5.377960 
4000.000000 74.000000 0.772196 5.419248 
4010.000000 74.000000 1.345503 5.460298 
4020.000000 74.000000 1.905551 5.491323 
4030.000000 74.000000 2.434871 5.498006 
4040.000000 74.000000 2.963980 5.504927 
4050.000000 74.000000 3.493089 5.511610 
4060.000000 74.000000 4.059872 5.522110 
4070.000000 74.000000 4.636336 5.533566 
4080.000000 74.000000 5.212589 5.544783 
4090.000000 74.000000 5.788843 5.556239 
4100.000000 74.000000 6.385511 5.578673 
4110.000000 74.000000 6.995860 5.608505 
4120.000000 74.000000 7.606209 5.638338 
4130.000000 74.000000 8.216558 5.668170 
4140.000000 74.000000 8.785024 5.755043 
4150.000000 74.000000 9.325499 5.879623 
4160.000000 74.000000 9.865973 6.004442 
4170.000000 74.000000 10.406447 6.129261 
4180.000000 74.000000 10.942923 6.257183 
4030.000000 75.000000 15.090348 8.090568 
4040.000000 75.000000 14.723928 8.037584 
4050.000000 75.000000 14.357719 7.984602 
4060.000000 75.000000 14.003507 7.932097 
4070.000000 75.000000 13.678338 7.881501 
4080.000000 75.000000 13.352959 7.830905 
4090.000000 75.000000 13.027790 7.780310 
4100.000000 75.000000 12.691046 7.629238 
4110.000000 75.000000 12.354302 7.477928 
4120.000000 75.000000 12.017558 7.326856 
4130.000000 75.000000 11.692389 7.218266 
4140.000000 75.000000 11.367010 7.109914 
4150.000000 75.000000 11.041842 7.001324 
4160.000000 75.000000 10.715621 7.003472 
4170.000000 75.000000 10.388979 7.052875 
4180.000000 75.000000 10.062337 7.102277 
4190.000000 75.000000 9.734012 7.159794 
4200.000000 75.000000 9.405265 7.219459 
4210.000000 75.000000 9.076308 7.279124 
4220.000000 75.000000 8.741247 7.310866 
4120.000000 76.000000 14.843052 4.805892 
4130.000000 76.000000 14.224916 4.768661 
4140.000000 76.000000 13.606569 4.731431 
4150.000000 76.000000 12.991590 4.701598 
4160.000000 76.000000 12.389239 4.701598 
4170.000000 76.000000 11.786677 4.701598 
4180.000000 76.000000 11.181170 4.705655 
4190.000000 76.000000 10.567663 4.719259 
4200.000000 76.000000 9.954369 4.732862 
4210.000000 76.000000 9.341073 4.746705 
4220.000000 76.000000 8.700207 4.800642 
4230.000000 76.000000 8.052816 4.865080 
4240.000000 76.000000 7.418264 4.917824 
4250.000000 76.000000 6.836328 4.924745 
4260.000000 76.000000 6.254602 4.931905 
4270.000000 76.000000 5.672666 4.938826 
4280.000000 76.000000 5.078523 4.914483 
4290.000000 76.000000 4.481223 4.882264 
4300.000000 76.000000 3.883923 4.850044 
4310.000000 76.000000 3.290201 4.820212 
4120.000000 77.000000 14.808325 4.033350 
4130.000000 77.000000 14.202186 4.033350 
4140.000000 77.000000 13.596046 4.033350 
4150.000000 77.000000 13.020424 4.019269 
4160.000000 77.000000 12.444592 4.005189 
4170.000000 77.000000 11.868969 3.991347 
4180.000000 77.000000 11.240100 3.985619 
4190.000000 77.000000 10.575871 3.985619 
4200.000000 77.000000 9.911644 3.985619 
4210.000000 77.000000 9.263201 4.019508 
4220.000000 77.000000 8.638540 4.104233 
4230.000000 77.000000 8.013880 4.188957 
4240.000000 77.000000 7.400585 4.248145 
4250.000000 77.000000 6.813598 4.248145 
4260.000000 77.000000 6.226400 4.248145 
4270.000000 77.000000 5.639412 4.248145 
4280.000000 77.000000 5.036009 4.251486 
4290.000000 77.000000 4.416189 4.258168 
4300.000000 77.000000 3.796580 4.264612 
4310.000000 77.000000 3.176760 4.271295 
4190.000000 78.000000 14.942181 5.787023 
4200.000000 78.000000 14.448009 5.745496 
4210.000000 78.000000 13.953836 5.703969 
4220.000000 78.000000 13.421149 5.733802 
4230.000000 78.000000 12.888462 5.763634 
4240.000000 78.000000 12.355565 5.793467 
4250.000000 78.000000 11.866444 5.897761 
4260.000000 78.000000 11.388057 6.020671 
4270.000000 78.000000 10.909670 6.143580 
4280.000000 78.000000 10.439701 6.271502 
4290.000000 78.000000 9.977730 6.403958 
4300.000000 78.000000 9.515969 6.536653 
4310.000000 78.000000 9.053999 6.669109 
4320.000000 78.000000 8.613285 6.777938 
4330.000000 78.000000 8.174886 6.883903 
4340.000000 78.000000 7.736277 6.990107 
4350.000000 78.000000 7.287354 7.095594 
4360.000000 78.000000 6.813808 7.200128 
4370.000000 78.000000 6.340261 7.304422 
4380.000000 78.000000 5.873871 7.405852 
4190.000000 79.000000 15.180638 4.935246 
4200.000000 79.000000 14.624378 4.960783 
4210.000000 79.000000 14.068119 4.986319 
4220.000000 79.000000 13.511860 5.011856 
4230.000000 79.000000 12.979173 5.078919 
4240.000000 79.000000 12.446486 5.145983 
4250.000000 79.000000 11.913588 5.213284 
4260.000000 79.000000 11.393739 5.272950 
4270.000000 79.000000 10.877257 5.330705 
4280.000000 79.000000 10.360566 5.388700 
4290.000000 79.000000 9.872707 5.468174 
4300.000000 79.000000 9.413473 5.569365 
4310.000000 79.000000 8.954238 5.670795 
4320.000000 79.000000 8.489110 5.772226 
4330.000000 79.000000 7.999990 5.875566 
4340.000000 79.000000 7.510658 5.978667 
4350.000000 79.000000 7.021537 6.082006 
4360.000000 79.000000 6.553673 6.187733 
4370.000000 79.000000 6.107276 6.296323 
4380.000000 79.000000 5.660880 6.404675 
4250.000000 80.000000 14.870412 4.843123 
4260.000000 80.000000 14.347828 4.917108 
4270.000000 80.000000 13.825453 4.991331 
4280.000000 80.000000 13.280980 5.109706 
4290.000000 80.000000 12.703884 5.294429 
4300.000000 80.000000 12.126789 5.479152 
4310.000000 80.000000 11.550957 5.670318 
4320.000000 80.000000 10.977650 5.876043 
4330.000000 80.000000 10.404132 6.081768 
4340.000000 80.000000 9.864710 6.314222 
4350.000000 80.000000 9.376221 6.587010 
4360.000000 80.000000 8.887732 6.859798 
4370.000000 80.000000 8.419446 7.140701 
4380.000000 80.000000 7.964842 7.427093 
4390.000000 80.000000 7.506659 7.703461 
4400.000000 80.000000 7.015433 7.889138 
4410.000000 80.000000 6.539783 8.041642 
4420.000000 80.000000 6.099700 8.117774 
4430.000000 80.000000 5.651830 8.186031 
4440.000000 80.000000 5.133665 8.186031 
4290.000000 81.000000 14.925344 5.640008 
4300.000000 81.000000 14.445483 5.745018 
4310.000000 81.000000 13.965623 5.850029 
4320.000000 81.000000 13.499232 5.960051 
4330.000000 81.000000 13.036209 6.071505 
4340.000000 81.000000 12.573186 6.182960 
4350.000000 81.000000 12.118371 6.315177 
4360.000000 81.000000 11.665450 6.452406 
4370.000000 81.000000 11.212739 6.589874 
4380.000000 81.000000 10.772867 6.713500 
4390.000000 81.000000 10.346254 6.823045 
4400.000000 81.000000 9.919641 6.932828 
4410.000000 81.000000 9.493029 7.042373 
4420.000000 81.000000 9.071046 7.126381 
4430.000000 81.000000 8.650116 7.203946 
4440.000000 81.000000 8.229186 7.281510 
4450.000000 81.000000 7.808256 7.359075 
4460.000000 81.000000 7.391745 7.433298 
4470.000000 81.000000 6.976077 7.506805 
4480.000000 81.000000 6.560618 7.580313 
4300.000000 82.000000 15.232202 5.001355 
4310.000000 82.000000 14.733399 5.054337 
4320.000000 82.000000 14.234386 5.107320 
4330.000000 82.000000 13.734742 5.165792 
4340.000000 82.000000 13.226680 5.272711 
4350.000000 82.000000 12.718617 5.379631 
4360.000000 82.000000 12.209712 5.484402 
4370.000000 82.000000 11.697651 5.579866 
4380.000000 82.000000 11.185589 5.675330 
4390.000000 82.000000 10.689102 5.765066 
4400.000000 82.000000 10.254912 5.832129 
4410.000000 82.000000 9.820933 5.899432 
4420.000000 82.000000 9.386744 5.966495 
4430.000000 82.000000 8.989175 6.125681 
4440.000000 82.000000 8.591607 6.284628 
4450.000000 82.000000 8.194038 6.443815 
4460.000000 82.000000 7.798785 6.578896 
4470.000000 82.000000 7.406898 6.677463 
4480.000000 82.000000 7.015013 6.776268 
4490.000000 82.000000 6.657012 6.890109 
4310.000000 83.000000 15.021106 5.522349 
4320.000000 83.000000 14.540193 5.616142 
4330.000000 83.000000 14.059070 5.709936 
4340.000000 83.000000 13.576894 5.788693 
4350.000000 83.000000 13.092193 5.831891 
4360.000000 83.000000 12.607491 5.875327 
4370.000000 83.000000 12.122790 5.918763 
4380.000000 83.000000 11.714277 6.101338 
4390.000000 83.000000 11.305765 6.283674 
4400.000000 83.000000 10.897041 6.466249 
4410.000000 83.000000 10.481162 6.645482 
4420.000000 83.000000 10.060232 6.822567 
4430.000000 83.000000 9.639302 6.999653 
4440.000000 83.000000 9.224475 7.125666 
4450.000000 83.000000 8.815541 7.200605 
4460.000000 83.000000 8.406608 7.275783 
4470.000000 83.000000 7.997674 7.350722 
4480.000000 83.000000 7.564958 7.436878 
4490.000000 83.000000 7.132452 7.523034 
4500.000000 83.000000 6.699736 7.609190 
4500.000000 84.000000 -0.064823 5.234048 
4510.000000 84.000000 0.412933 5.215671 
4520.000000 84.000000 0.890478 5.197294 
4530.000000 84.000000 1.368023 5.178918 
4540.000000 84.000000 1.860932 5.178918 
4550.000000 84.000000 2.353842 5.178918 
4560.000000 84.000000 2.846751 5.178918 
4570.000000 84.000000 3.345764 5.173667 
4580.000000 84.000000 3.869191 5.147892 
4590.000000 84.000000 4.392407 5.122117 
4600.000000 84.000000 4.915833 5.096341 
4610.000000 84.000000 5.433788 5.144551 
4620.000000 84.000000 5.946481 5.266983 
4630.000000 84.000000 6.459174 5.389416 
4640.000000 84.000000 6.971867 5.511848 
4650.000000 84.000000 7.485612 5.612563 
4660.000000 84.000000 7.999990 5.698719 
4670.000000 84.000000 8.514577 5.784875 
4680.000000 84.000000 9.028954 5.871031 
4690.000000 84.000000 9.543962 5.914945 
4690.000000 86.000000 15.311758 8.193907 
4700.000000 86.000000 14.810640 8.114433 
4710.000000 86.000000 14.309523 8.034960 
4720.000000 86.000000 13.818929 7.920641 
4730.000000 86.000000 13.338858 7.771479 
4740.000000 86.000000 12.858787 7.622317 
4750.000000 86.000000 12.370087 7.481985 
4760.000000 86.000000 11.861393 7.362655 
4770.000000 86.000000 11.352909 7.243325 
4780.000000 86.000000 10.807804 7.240700 
4790.000000 86.000000 10.258700 7.251201 
4800.000000 86.000000 9.756110 7.316116 
4810.000000 86.000000 9.284037 7.417308 
4820.000000 86.000000 8.812174 7.518500 
4830.000000 86.000000 8.340311 7.623987 
4840.000000 86.000000 7.868449 7.739260 
4850.000000 86.000000 7.396796 7.854294 
4860.000000 86.000000 6.921566 7.953338 
4870.000000 86.000000 6.441495 8.028038 
4880.000000 86.000000 5.961424 8.102500 
4780.000000 87.000000 15.154329 5.392041 
4790.000000 87.000000 14.515358 5.408986 
4800.000000 87.000000 13.876386 5.426169 
4810.000000 87.000000 13.238887 5.447649 
4820.000000 87.000000 12.612964 5.510416 
4830.000000 87.000000 11.987041 5.573422 
4840.000000 87.000000 11.361327 5.636190 
4850.000000 87.000000 10.750347 5.678194 
4860.000000 87.000000 10.174304 5.671989 
4870.000000 87.000000 9.598261 5.665545 
4880.000000 87.000000 9.022219 5.659340 
4890.000000 87.000000 8.441335 5.669125 
4900.000000 87.000000 7.855400 5.694900 
4910.000000 87.000000 7.269675 5.720675 
4920.000000 87.000000 6.683741 5.746450 
4930.000000 87.000000 6.112749 5.735711 
4940.000000 87.000000 5.545756 5.715902 
4950.000000 87.000000 4.978763 5.696094 
4960.000000 87.000000 4.407771 5.689172 
4970.000000 87.000000 3.821836 5.734279 
4860.000000 88.000000 0.287706 4.140748 
4870.000000 88.000000 0.694535 4.069149 
4880.000000 88.000000 1.101364 3.997552 
4890.000000 88.000000 1.501037 3.974640 
4900.000000 88.000000 1.893555 4.000415 
4910.000000 88.000000 2.286072 4.026191 
4920.000000 88.000000 2.678589 4.051966 
4930.000000 88.000000 3.135930 4.057217 
4940.000000 88.000000 3.609477 4.057217 
4950.000000 88.000000 4.083023 4.057217 
4960.000000 88.000000 4.539943 4.040272 
4970.000000 88.000000 4.985497 4.012349 
4980.000000 88.000000 5.431262 3.984187 
4990.000000 88.000000 5.887972 3.970822 
5000.000000 88.000000 6.388458 4.015928 
5010.000000 88.000000 6.888944 4.061035 
5020.000000 88.000000 7.389640 4.106142 
5030.000000 88.000000 7.889916 4.104949 
5040.000000 88.000000 8.389771 4.057217 
5050.000000 88.000000 8.889626 4.009485 
4870.000000 89.000000 0.248349 5.453376 
4880.000000 89.000000 0.725473 5.493233 
4890.000000 89.000000 1.202387 5.532850 
4900.000000 89.000000 1.664779 5.558387 
4910.000000 89.000000 2.092444 5.550750 
4920.000000 89.000000 2.520109 5.543112 
4930.000000 89.000000 2.944828 5.513041 
4940.000000 89.000000 3.356919 5.393712 
4950.000000 89.000000 3.769009 5.274382 
4960.000000 89.000000 4.143426 5.161496 
4970.000000 89.000000 4.534471 5.104933 
4980.000000 89.000000 4.986971 5.176531 
4990.000000 89.000000 5.476092 5.240492 
5000.000000 89.000000 6.050872 5.286314 
5010.000000 89.000000 6.625652 5.332137 
5020.000000 89.000000 7.158760 5.328796 
5030.000000 89.000000 7.673979 5.303976 
5040.000000 89.000000 8.189198 5.279393 
5050.000000 89.000000 8.665690 5.249561 
5060.000000 89.000000 9.132292 5.218297 
4870.000000 90.000000 0.294651 4.731431 
4880.000000 90.000000 0.715581 4.751239 
4890.000000 90.000000 1.136512 4.771286 
4900.000000 90.000000 1.557442 4.791095 
4910.000000 90.000000 1.986791 4.782743 
4920.000000 90.000000 2.419717 4.762218 
4930.000000 90.000000 2.852644 4.741931 
4940.000000 90.000000 3.291043 4.716395 
4950.000000 90.000000 3.751541 4.671766 
4960.000000 90.000000 4.211828 4.626897 
4970.000000 90.000000 4.672326 4.582268 
4980.000000 90.000000 5.151765 4.588951 
4990.000000 90.000000 5.631205 4.595633 
5000.000000 90.000000 6.110434 4.602077 
5010.000000 90.000000 6.593030 4.616158 
5020.000000 90.000000 7.080467 4.641217 
5030.000000 90.000000 7.567904 4.666515 
5040.000000 90.000000 8.055342 4.691575 
5050.000000 90.000000 8.546146 4.693484 
5060.000000 90.000000 9.039266 4.679880 
4870.000000 91.000000 -0.183315 6.573407 
4880.000000 91.000000 0.380310 6.607535 
4890.000000 91.000000 0.944146 6.641664 
4900.000000 91.000000 1.507772 6.675553 
4910.000000 91.000000 2.078974 6.719705 
4920.000000 91.000000 2.651860 6.766006 
4930.000000 91.000000 3.224746 6.812305 
4940.000000 91.000000 3.797843 6.848104 
4950.000000 91.000000 4.371992 6.840944 
4960.000000 91.000000 4.945930 6.833546 
4970.000000 91.000000 5.519868 6.826386 
4980.000000 91.000000 6.124535 6.748106 
4990.000000 91.000000 6.732568 6.661950 
5000.000000 91.000000 7.340602 6.575793 
5010.000000 91.000000 7.930326 6.470306 
5020.000000 91.000000 8.477534 6.320427 
5030.000000 91.000000 9.024744 6.170310 
5040.000000 91.000000 9.571953 6.020432 
5050.000000 91.000000 10.132632 5.799433 
5060.000000 91.000000 10.696679 5.560773 
4910.000000 92.000000 0.199942 4.686563 
4920.000000 92.000000 0.726105 4.716395 
4930.000000 92.000000 1.252267 4.746227 
4940.000000 92.000000 1.752543 4.736204 
4950.000000 92.000000 2.250082 4.721884 
4960.000000 92.000000 2.747622 4.707326 
4970.000000 92.000000 3.246845 4.717111 
4980.000000 92.000000 3.747331 4.742886 
4990.000000 92.000000 4.248028 4.768661 
5000.000000 92.000000 4.748514 4.794437 
5010.000000 92.000000 5.260575 4.797062 
5020.000000 92.000000 5.773900 4.797062 
5030.000000 92.000000 6.287224 4.797062 
5040.000000 92.000000 6.800549 4.797062 
5050.000000 92.000000 7.284408 4.736681 
5060.000000 92.000000 7.760691 4.661503 
5070.000000 92.000000 8.236973 4.586087 
5080.000000 92.000000 8.713256 4.510670 
5090.000000 92.000000 9.180488 4.558402 
5100.000000 92.000000 9.647720 4.606134 
4930.000000 93.000000 15.090348 9.092938 
4940.000000 93.000000 14.879883 9.066447 
4950.000000 93.000000 14.669418 9.039956 
4960.000000 93.000000 14.446746 8.983632 
4970.000000 93.000000 14.195240 8.857620 
4980.000000 93.000000 13.943945 8.731607 
4990.000000 93.000000 13.692439 8.605595 
5000.000000 93.000000 13.483658 8.406075 
5010.000000 93.000000 13.292766 8.174814 
5020.000000 93.000000 13.102084 7.943553 
5030.000000 93.000000 12.853314 7.713723 
5040.000000 93.000000 12.546456 7.485087 
5050.000000 93.000000 12.237073 7.267668 
5060.000000 93.000000 11.906221 7.154066 
5070.000000 93.000000 11.575581 7.040464 
5080.000000 93.000000 11.224735 7.040464 
5090.000000 93.000000 10.874101 7.040464 
5100.000000 93.000000 10.523255 7.040464 
5110.000000 93.000000 10.235128 7.034259 
5120.000000 93.000000 9.974152 7.025428 
5020.000000 94.000000 14.788752 5.389654 
5030.000000 94.000000 14.185349 5.381779 
5040.000000 94.000000 13.581944 5.373903 
5050.000000 94.000000 13.012426 5.402303 
5060.000000 94.000000 12.476792 5.467457 
5070.000000 94.000000 11.932320 5.546931 
5080.000000 94.000000 11.367431 5.660056 
5090.000000 94.000000 10.775814 5.717812 
5100.000000 94.000000 10.144419 5.692752 
5110.000000 94.000000 9.517232 5.632371 
5120.000000 94.000000 8.894256 5.536907 
5130.000000 94.000000 8.271278 5.441443 
5140.000000 94.000000 7.662614 5.402781 
5150.000000 94.000000 7.053948 5.364118 
5160.000000 94.000000 6.445283 5.325455 
5170.000000 94.000000 5.834303 5.300873 
5180.000000 94.000000 5.218061 5.309226 
5190.000000 94.000000 4.601609 5.317818 
5200.000000 94.000000 4.022409 5.390848 
5210.000000 94.000000 3.480251 5.528316 
5140.000000 95.000000 0.116598 7.931381 
5150.000000 95.000000 0.384099 7.971237 
5160.000000 95.000000 0.651600 8.011093 
5170.000000 95.000000 0.919101 8.050711 
5180.000000 95.000000 1.186392 8.090568 
5190.000000 95.000000 1.431163 8.141401 
5200.000000 95.000000 1.641628 8.208942 
5210.000000 95.000000 1.852093 8.276244 
5220.000000 95.000000 2.062558 8.343785 
5230.000000 95.000000 2.273023 8.411087 
5240.000000 95.000000 2.435292 8.455956 
5250.000000 95.000000 2.585774 8.494857 
5260.000000 95.000000 2.736046 8.533758 
5270.000000 95.000000 2.886318 8.572660 
5280.000000 95.000000 3.036801 8.611800 
5290.000000 95.000000 3.199491 8.636621 
5300.000000 95.000000 3.363864 8.659771 
5310.000000 95.000000 3.528027 8.683160 
5320.000000 95.000000 3.692400 8.706309 
5330.000000 95.000000 3.885186 8.696763 
5180.000000 96.000000 13.786517 12.151125 
5190.000000 96.000000 13.719378 11.684546 
5200.000000 96.000000 13.647820 11.217965 
5210.000000 96.000000 13.534591 10.749715 
5220.000000 96.000000 13.421149 10.281703 
5230.000000 96.000000 13.284768 9.849967 
5240.000000 96.000000 13.125025 9.454986 
5250.000000 96.000000 12.965282 9.060003 
5260.000000 96.000000 12.747240 8.668601 
5270.000000 96.000000 12.489841 8.279824 
5280.000000 96.000000 12.232653 7.890809 
5290.000000 96.000000 11.836768 7.646899 
5300.000000 96.000000 11.425309 7.418979 
5310.000000 96.000000 10.921455 7.378645 
5320.000000 96.000000 10.377614 7.418262 
5330.000000 96.000000 9.835666 7.451436 
5340.000000 96.000000 9.297928 7.469097 
5350.000000 96.000000 8.759979 7.486758 
5360.000000 96.000000 8.199720 7.513011 
5370.000000 96.000000 7.624519 7.544752 
5200.000000 97.000000 0.344952 5.360538 
5210.000000 97.000000 0.839124 5.277484 
5220.000000 97.000000 1.332875 5.196340 
5230.000000 97.000000 1.824101 5.132856 
5240.000000 97.000000 2.315116 5.069134 
5250.000000 97.000000 2.812235 5.014004 
5260.000000 97.000000 3.364706 5.036438 
5270.000000 97.000000 3.917177 5.058872 
5280.000000 97.000000 4.469647 5.081306 
5290.000000 97.000000 5.012858 5.057440 
5300.000000 97.000000 5.555016 5.028562 
5310.000000 97.000000 6.097174 4.999445 
5320.000000 97.000000 6.654275 4.968181 
5330.000000 97.000000 7.221268 4.935008 
5340.000000 97.000000 7.788472 4.901834 
5350.000000 97.000000 8.355465 4.868660 
5360.000000 97.000000 8.940768 4.905891 
5370.000000 97.000000 9.526282 4.943122 
5380.000000 97.000000 10.111586 4.980591 
5390.000000 97.000000 10.695837 4.954577 
5200.000000 98.000000 0.347899 4.590144 
5210.000000 98.000000 0.797031 4.550527 
5220.000000 98.000000 1.245953 4.510670 
5230.000000 98.000000 1.722446 4.463654 
5240.000000 98.000000 2.239980 4.405421 
5250.000000 98.000000 2.757724 4.347427 
5260.000000 98.000000 3.275258 4.289433 
5270.000000 98.000000 3.810050 4.246951 
5280.000000 98.000000 4.351997 4.211152 
5290.000000 98.000000 4.893945 4.175353 
5300.000000 98.000000 5.435893 4.139554 
5310.000000 98.000000 5.972579 4.124280 
5320.000000 98.000000 6.507371 4.117836 
5330.000000 98.000000 7.041952 4.111392 
5340.000000 98.000000 7.576744 4.104949 
5350.000000 98.000000 8.136160 4.148862 
5360.000000 98.000000 8.695577 4.192775 
5370.000000 98.000000 9.254992 4.236928 
5380.000000 98.000000 9.812515 4.270817 
5390.000000 98.000000 10.362881 4.264612 
5360.000000 99.000000 0.182052 5.213046 
5370.000000 99.000000 0.776827 5.265074 
5380.000000 99.000000 1.371601 5.316863 
5390.000000 99.000000 1.967007 5.352901 
5400.000000 99.000000 2.562202 5.386790 
5410.000000 99.000000 3.157608 5.420918 
5420.000000 99.000000 3.752803 5.438818 
5430.000000 99.000000 4.348209 5.431897 
5440.000000 99.000000 4.943615 5.424976 
5450.000000 99.000000 5.538810 5.418293 
5460.000000 99.000000 6.191884 5.517815 
5470.000000 99.000000 6.851271 5.629269 
5480.000000 99.000000 7.510869 5.740484 
5490.000000 99.000000 8.127320 5.865780 
5500.000000 99.000000 8.738933 5.992509 
5510.000000 99.000000 9.350544 6.119476 
5520.000000 99.000000 9.942371 6.233794 
5530.000000 99.000000 10.525571 6.342862 
5540.000000 99.000000 11.108980 6.451929 
5550.000000 99.000000 11.699124 6.532835 
5410.000000 100.000000 0.122912 9.004157 
5420.000000 100.000000 0.392307 8.708219 
5430.000000 100.000000 0.661702 8.412281 
5440.000000 100.000000 1.029806 8.155722 
5450.000000 100.000000 1.422744 7.909186 
5460.000000 100.000000 1.815683 7.662650 
5470.000000 100.000000 2.205464 7.497498 
5480.000000 100.000000 2.594404 7.352870 
5490.000000 100.000000 2.983553 7.208242 
5500.000000 100.000000 3.385542 7.077934 
5510.000000 100.000000 3.800369 6.961945 
5520.000000 100.000000 4.215405 6.846195 
5530.000000 100.000000 4.630232 6.730206 
5540.000000 100.000000 4.935828 6.653119 
5550.000000 100.000000 5.241213 6.576271 
5560.000000 100.000000 5.546808 6.499184 
5570.000000 100.000000 5.850299 6.460043 
5580.000000 100.000000 6.153579 6.424961 
5590.000000 100.000000 6.456859 6.389877 
5600.000000 100.000000 6.791920 6.358613 
5440.000000 101.000000 0.336744 7.621840 
5450.000000 101.000000 0.757674 7.400125 
5460.000000 101.000000 1.178605 7.178648 
5470.000000 101.000000 1.583960 6.975787 
5480.000000 101.000000 1.982792 6.781041 
5490.000000 101.000000 2.381623 6.586295 
5500.000000 101.000000 2.780455 6.391787 
5510.000000 101.000000 3.216749 6.197756 
5520.000000 101.000000 3.657463 6.003726 
5530.000000 101.000000 4.098176 5.809934 
5540.000000 101.000000 4.532787 5.707788 
5550.000000 101.000000 4.964662 5.645020 
5560.000000 101.000000 5.396746 5.582014 
5570.000000 101.000000 5.828831 5.519247 
5580.000000 101.000000 6.220296 5.526884 
5590.000000 101.000000 6.607342 5.542397 
5600.000000 101.000000 6.994176 5.557671 
5610.000000 101.000000 7.343969 5.605641 
5620.000000 101.000000 7.684502 5.661965 
5630.000000 101.000000 8.024824 5.718050 
5520.000000 102.000000 15.290290 5.751701 
5530.000000 102.000000 14.685203 5.692036 
5540.000000 102.000000 14.080116 5.632371 
5550.000000 102.000000 13.467663 5.567933 
5560.000000 102.000000 12.825744 5.484402 
5570.000000 102.000000 12.189718 5.397291 
5580.000000 102.000000 11.577476 5.296100 
5590.000000 102.000000 10.965232 5.194908 
5600.000000 102.000000 10.352989 5.093477 
5610.000000 102.000000 9.708966 5.033813 
5620.000000 102.000000 9.061365 4.978921 
5630.000000 102.000000 8.423656 4.957203 
5640.000000 102.000000 7.808887 5.013765 
5650.000000 102.000000 7.194118 5.070327 
5660.000000 102.000000 6.579350 5.126890 
5670.000000 102.000000 5.971106 5.155052 
5680.000000 102.000000 5.369807 5.155052 
5690.000000 102.000000 4.768508 5.155052 
5700.000000 102.000000 4.167209 5.155052 
5710.000000 102.000000 3.556860 5.134049 
5630.000000 103.000000 14.333305 12.013657 
5640.000000 103.000000 14.282583 11.618675 
5650.000000 103.000000 14.231861 11.223693 
5660.000000 103.000000 14.167880 10.843031 
5670.000000 103.000000 14.090639 10.477165 
5680.000000 103.000000 14.013398 10.111300 
5690.000000 103.000000 13.895959 9.766197 
5700.000000 103.000000 13.738110 9.442336 
5710.000000 103.000000 13.580261 9.118475 
5720.000000 103.000000 13.420308 8.785544 
5730.000000 103.000000 13.259302 8.448557 
5740.000000 103.000000 13.098296 8.111569 
5750.000000 103.000000 12.875624 7.801789 
5760.000000 103.000000 12.508994 7.555492 
5770.000000 103.000000 12.142574 7.309195 
5780.000000 103.000000 11.816143 7.081036 
5790.000000 103.000000 11.651559 6.925191 
5800.000000 103.000000 11.486765 6.769585 
5810.000000 103.000000 11.701860 6.646676 
5820.000000 103.000000 11.975465 6.525198 
5630.000000 104.000000 13.685915 12.116042 
5640.000000 104.000000 13.594573 11.797669 
5650.000000 104.000000 13.503442 11.479536 
5660.000000 104.000000 13.427043 11.143981 
5670.000000 104.000000 13.372953 10.782650 
5680.000000 104.000000 13.318864 10.421319 
5690.000000 104.000000 13.264774 10.059750 
5700.000000 104.000000 13.178062 9.739945 
5710.000000 104.000000 13.087983 9.424437 
5720.000000 104.000000 12.991380 9.113224 
5730.000000 104.000000 12.837530 8.837811 
5740.000000 104.000000 12.683680 8.562398 
5750.000000 104.000000 12.522674 8.329227 
5760.000000 104.000000 12.354302 8.138299 
5770.000000 104.000000 12.265697 7.978158 
5780.000000 104.000000 12.257067 7.849043 
5790.000000 104.000000 12.257277 7.723270 
5800.000000 104.000000 12.339991 7.629477 
5810.000000 104.000000 12.422703 7.535683 
5820.000000 104.000000 12.552771 7.411341 
5730.000000 105.000000 14.509675 12.371647 
5740.000000 105.000000 14.553242 12.059002 
5750.000000 105.000000 14.596807 11.746119 
5760.000000 105.000000 14.635533 11.439442 
5770.000000 105.000000 14.662683 11.146845 
5780.000000 105.000000 14.689834 10.854486 
5790.000000 105.000000 14.704566 10.555207 
5800.000000 105.000000 14.669418 10.228959 
5810.000000 105.000000 14.634271 9.902711 
5820.000000 105.000000 14.602700 9.588874 
5830.000000 105.000000 14.585232 9.323723 
5840.000000 105.000000 14.567763 9.058572 
5850.000000 105.000000 14.550084 8.793181 
5860.000000 105.000000 14.553662 8.528030 
5870.000000 105.000000 14.571131 8.262879 
5880.000000 105.000000 14.588810 7.997728 
5890.000000 105.000000 14.606278 7.732577 
5900.000000 105.000000 14.714037 7.464801 
5910.000000 105.000000 14.821795 7.197025 
5920.000000 105.000000 14.929764 6.929249 
