0.000000 1.000000 0.294651 8.090568 
10.000000 1.000000 1.031279 7.851907 
20.000000 1.000000 1.767907 7.613247 
30.000000 1.000000 2.515479 7.364087 
40.000000 1.000000 3.279257 7.098697 
50.000000 1.000000 4.043245 6.833546 
60.000000 1.000000 4.850800 6.618036 
70.000000 1.000000 5.677086 6.423529 
80.000000 1.000000 6.503372 6.229021 
90.000000 1.000000 7.323555 6.047878 
100.000000 1.000000 8.143526 5.866974 
110.000000 1.000000 8.967287 5.692513 
120.000000 1.000000 9.823669 5.577241 
130.000000 1.000000 10.680052 5.461968 
140.000000 1.000000 11.526543 5.339536 
150.000000 1.000000 12.333256 5.188464 
160.000000 1.000000 13.139968 5.037393 
170.000000 1.000000 13.951522 4.893719 
180.000000 1.000000 14.782438 4.780833 
190.000000 1.000000 15.613144 4.667708 
10.000000 2.000000 0.279287 9.989106 
20.000000 2.000000 1.063901 9.858798 
30.000000 2.000000 1.848305 9.728728 
40.000000 2.000000 2.610609 9.567394 
50.000000 2.000000 3.363443 9.393172 
60.000000 2.000000 4.111857 9.201767 
70.000000 2.000000 4.821124 8.856904 
80.000000 2.000000 5.530602 8.512280 
90.000000 2.000000 6.243658 8.150709 
100.000000 2.000000 6.961976 7.763842 
110.000000 2.000000 7.680503 7.376975 
120.000000 2.000000 8.419446 7.012541 
130.000000 2.000000 9.179015 6.670064 
140.000000 2.000000 9.946581 6.352169 
150.000000 2.000000 10.746348 6.132602 
160.000000 2.000000 11.546116 5.913035 
170.000000 2.000000 12.334097 5.840483 
180.000000 2.000000 13.117027 5.830936 
190.000000 2.000000 13.897011 5.832846 
200.000000 2.000000 14.665209 5.880578 
230.000000 4.000000 15.294079 9.097234 
240.000000 4.000000 14.614907 9.162389 
250.000000 4.000000 13.935737 9.227543 
260.000000 4.000000 13.240360 9.338281 
270.000000 4.000000 12.529199 9.494603 
280.000000 4.000000 11.818037 9.650925 
290.000000 4.000000 11.139498 9.850922 
300.000000 4.000000 10.482846 10.080035 
310.000000 4.000000 9.829562 10.307478 
320.000000 4.000000 9.205955 10.519647 
330.000000 4.000000 8.582346 10.731815 
340.000000 4.000000 7.947163 10.913197 
350.000000 4.000000 7.294721 11.048278 
360.000000 4.000000 6.642279 11.183599 
370.000000 4.000000 6.003938 11.315578 
380.000000 4.000000 5.386434 11.443022 
390.000000 4.000000 4.769139 11.570227 
400.000000 4.000000 4.141322 11.692898 
410.000000 4.000000 3.497930 11.808887 
420.000000 4.000000 2.854538 11.924875 
240.000000 5.000000 15.042151 8.569080 
250.000000 5.000000 14.350774 8.580297 
260.000000 5.000000 13.659185 8.591753 
270.000000 5.000000 12.948024 8.772896 
280.000000 5.000000 12.236652 8.953799 
290.000000 5.000000 11.524649 9.134227 
300.000000 5.000000 10.804227 9.308687 
310.000000 5.000000 10.083804 9.483147 
320.000000 5.000000 9.387586 9.652834 
330.000000 5.000000 8.715781 9.817986 
340.000000 5.000000 8.043766 9.983378 
350.000000 5.000000 7.383116 10.135881 
360.000000 5.000000 6.723729 10.286953 
370.000000 5.000000 6.064131 10.438264 
380.000000 5.000000 5.409795 10.606757 
390.000000 5.000000 4.755670 10.777161 
400.000000 5.000000 4.102386 10.946848 
410.000000 5.000000 3.454153 11.109137 
420.000000 5.000000 2.805921 11.271425 
430.000000 5.000000 2.158530 11.420110 
500.000000 6.000000 15.004689 9.014420 
510.000000 6.000000 14.576182 8.980530 
520.000000 6.000000 14.147676 8.946402 
530.000000 6.000000 13.711802 8.921820 
540.000000 6.000000 13.264564 8.912034 
550.000000 6.000000 12.817326 8.902011 
560.000000 6.000000 12.328835 9.004395 
570.000000 6.000000 11.840136 9.106542 
580.000000 6.000000 11.356487 9.196517 
590.000000 6.000000 10.891991 9.237804 
600.000000 6.000000 10.427494 9.278854 
610.000000 6.000000 9.966154 9.325632 
620.000000 6.000000 9.512391 9.385297 
630.000000 6.000000 9.058629 9.444962 
640.000000 6.000000 8.605077 9.510116 
650.000000 6.000000 8.155102 9.625388 
660.000000 6.000000 7.705128 9.740661 
670.000000 6.000000 7.253469 9.851638 
680.000000 6.000000 6.795076 9.945192 
690.000000 6.000000 6.336473 10.038986 
610.000000 7.000000 11.281982 8.098443 
620.000000 7.000000 10.820853 8.257629 
630.000000 7.000000 10.392767 8.445455 
640.000000 7.000000 10.013930 8.676000 
650.000000 7.000000 9.635093 8.906784 
660.000000 7.000000 9.252678 9.149739 
670.000000 7.000000 8.864580 9.410595 
680.000000 7.000000 8.476482 9.671688 
690.000000 7.000000 8.074915 9.934215 
700.000000 7.000000 7.618837 10.202706 
710.000000 7.000000 7.162759 10.471199 
720.000000 7.000000 6.654275 10.665945 
730.000000 7.000000 6.132743 10.842315 
740.000000 7.000000 5.612894 10.985749 
750.000000 7.000000 5.094939 11.095772 
760.000000 7.000000 4.576774 11.206032 
770.000000 7.000000 4.088495 11.133002 
780.000000 7.000000 3.603584 11.039686 
790.000000 7.000000 3.125407 10.957587 
800.000000 7.000000 2.651860 10.882887 
610.000000 8.000000 0.182684 11.741108 
620.000000 8.000000 0.780405 11.617004 
630.000000 8.000000 1.378126 11.492901 
640.000000 8.000000 1.968901 11.409609 
650.000000 8.000000 2.556730 11.343739 
660.000000 8.000000 3.144559 11.277869 
670.000000 8.000000 3.740175 11.233955 
680.000000 8.000000 4.337686 11.195531 
690.000000 8.000000 4.934986 11.156868 
700.000000 8.000000 5.497349 11.120354 
710.000000 8.000000 6.044558 11.084555 
720.000000 8.000000 6.549464 11.000785 
730.000000 8.000000 7.029535 10.904127 
740.000000 8.000000 7.450465 10.879068 
750.000000 8.000000 7.887811 10.834200 
760.000000 8.000000 8.391244 10.709620 
770.000000 8.000000 8.894466 10.585039 
780.000000 8.000000 9.386744 10.365711 
790.000000 8.000000 9.877759 10.135881 
800.000000 8.000000 10.379508 9.890539 
680.000000 9.000000 15.114762 9.127305 
690.000000 9.000000 14.449693 9.260955 
700.000000 9.000000 13.784623 9.394605 
710.000000 9.000000 13.126498 9.533504 
720.000000 9.000000 12.478897 9.680519 
730.000000 9.000000 11.831296 9.827294 
740.000000 9.000000 11.164332 9.893403 
750.000000 9.000000 10.492528 9.939226 
760.000000 9.000000 9.819250 9.993402 
770.000000 9.000000 9.139869 10.080035 
780.000000 9.000000 8.460697 10.166907 
790.000000 9.000000 7.829302 10.299603 
800.000000 9.000000 7.197907 10.432058 
810.000000 9.000000 6.556409 10.585039 
820.000000 9.000000 5.890918 10.785036 
830.000000 9.000000 5.225638 10.985271 
840.000000 9.000000 4.565830 11.185746 
850.000000 9.000000 3.927700 11.387175 
860.000000 9.000000 3.289780 11.588366 
870.000000 9.000000 2.651860 11.789794 
680.000000 10.000000 15.159170 8.388892 
690.000000 10.000000 14.471581 8.508222 
700.000000 10.000000 13.783992 8.627552 
710.000000 10.000000 13.096612 8.746881 
720.000000 10.000000 12.438488 8.846403 
730.000000 10.000000 11.783731 8.943538 
740.000000 10.000000 11.122450 9.037331 
750.000000 10.000000 10.434860 9.116804 
760.000000 10.000000 9.747271 9.196278 
770.000000 10.000000 9.067047 9.284582 
780.000000 10.000000 8.415236 9.407731 
790.000000 10.000000 7.763426 9.530879 
800.000000 10.000000 7.109722 9.659756 
810.000000 10.000000 6.438970 9.838750 
820.000000 10.000000 5.768007 10.017745 
830.000000 10.000000 5.097254 10.196740 
840.000000 10.000000 4.416189 10.399839 
850.000000 10.000000 3.733861 10.605564 
860.000000 10.000000 3.051744 10.811289 
870.000000 10.000000 2.406248 10.938495 
750.000000 11.000000 0.088395 7.703938 
760.000000 11.000000 0.635605 7.441412 
770.000000 11.000000 1.182814 7.178887 
780.000000 11.000000 1.733180 6.910395 
790.000000 11.000000 2.296806 6.617797 
800.000000 11.000000 2.860221 6.325201 
810.000000 11.000000 3.427003 6.038809 
820.000000 11.000000 4.023461 5.806831 
830.000000 11.000000 4.619709 5.574615 
840.000000 11.000000 5.215957 5.342638 
850.000000 11.000000 5.848404 5.142403 
860.000000 11.000000 6.517052 4.973909 
870.000000 11.000000 7.185489 4.805415 
880.000000 11.000000 7.854137 4.646706 
890.000000 11.000000 8.522153 4.575109 
900.000000 11.000000 9.190380 4.503510 
910.000000 11.000000 9.858606 4.431912 
920.000000 11.000000 10.526834 4.364849 
930.000000 11.000000 11.193166 4.338358 
940.000000 11.000000 11.859709 4.311867 
680.000000 12.000000 10.430230 6.344771 
690.000000 12.000000 10.264383 6.004919 
700.000000 12.000000 10.098536 5.664829 
710.000000 12.000000 9.932691 5.324977 
720.000000 12.000000 9.740956 4.920449 
730.000000 12.000000 9.523546 4.451005 
740.000000 12.000000 9.306136 3.981561 
750.000000 12.000000 9.122190 3.556031 
760.000000 12.000000 8.971917 3.174175 
770.000000 12.000000 8.821435 2.792320 
780.000000 12.000000 8.671163 2.410464 
790.000000 12.000000 8.520890 2.103548 
800.000000 12.000000 8.370408 1.796870 
810.000000 12.000000 8.220136 1.489953 
820.000000 12.000000 8.025245 1.291149 
830.000000 12.000000 7.785736 1.200697 
840.000000 12.000000 7.546227 1.110245 
850.000000 12.000000 7.339129 1.132918 
860.000000 12.000000 7.153288 1.231246 
870.000000 12.000000 6.967658 1.329574 
890.000000 13.000000 15.111395 8.758815 
900.000000 13.000000 14.494943 8.775760 
910.000000 13.000000 13.878700 8.792943 
920.000000 13.000000 13.254882 8.832799 
930.000000 13.000000 12.601809 8.964540 
940.000000 13.000000 11.948525 9.096279 
950.000000 13.000000 11.297977 9.246158 
960.000000 13.000000 10.652902 9.438518 
970.000000 13.000000 10.008037 9.631116 
980.000000 13.000000 9.361909 9.817271 
990.000000 13.000000 8.711993 9.978844 
1000.000000 13.000000 8.062077 10.140178 
1010.000000 13.000000 7.412160 10.301750 
1020.000000 13.000000 6.757614 10.385282 
1030.000000 13.000000 6.101804 10.449719 
1040.000000 13.000000 5.444732 10.534682 
1050.000000 13.000000 4.782188 10.702460 
1060.000000 13.000000 4.119644 10.870477 
1070.000000 13.000000 3.464887 11.007467 
1080.000000 13.000000 2.817917 11.113671 
1130.000000 18.000000 15.426250 8.392949 
1140.000000 18.000000 14.639112 8.472423 
1150.000000 18.000000 13.851761 8.551897 
1160.000000 18.000000 13.064411 8.631609 
1170.000000 18.000000 12.270116 8.798671 
1180.000000 18.000000 11.474978 8.975279 
1190.000000 18.000000 10.682157 9.134942 
1200.000000 18.000000 9.898384 9.225394 
1210.000000 18.000000 9.114613 9.315846 
1220.000000 18.000000 8.330420 9.417993 
1230.000000 18.000000 7.545174 9.546392 
1240.000000 18.000000 6.759929 9.674791 
1250.000000 18.000000 5.980366 9.816317 
1260.000000 18.000000 5.203329 9.963092 
1270.000000 18.000000 4.426292 10.104379 
1280.000000 18.000000 3.650307 10.193876 
1290.000000 18.000000 2.874112 10.283374 
1300.000000 18.000000 2.098127 10.372870 
1310.000000 18.000000 1.321090 10.505566 
1320.000000 18.000000 0.544052 10.643272 
1160.000000 19.000000 12.242124 7.491054 
1170.000000 19.000000 11.891278 7.519932 
1180.000000 19.000000 11.540433 7.548810 
1190.000000 19.000000 11.189798 7.577926 
1200.000000 19.000000 10.762765 7.633533 
1210.000000 19.000000 10.285219 7.706802 
1220.000000 19.000000 9.807674 7.780310 
1230.000000 19.000000 9.167860 7.961691 
1240.000000 19.000000 8.528047 8.143072 
1250.000000 19.000000 7.992202 8.440920 
1260.000000 19.000000 7.560117 8.855472 
1270.000000 19.000000 7.020484 9.171457 
1280.000000 19.000000 6.409083 9.421334 
1290.000000 19.000000 5.774531 9.675746 
1300.000000 19.000000 5.116828 9.934215 
1310.000000 19.000000 4.465017 10.197217 
1320.000000 19.000000 3.866034 10.500076 
1330.000000 19.000000 3.267050 10.802936 
1340.000000 19.000000 2.676485 11.014150 
1350.000000 19.000000 2.094128 11.133480 
1200.000000 20.000000 11.990618 8.161210 
1210.000000 20.000000 11.434990 8.275767 
1220.000000 20.000000 10.879362 8.390324 
1230.000000 20.000000 10.358041 8.492709 
1240.000000 20.000000 9.851240 8.590082 
1250.000000 20.000000 9.344651 8.687217 
1260.000000 20.000000 8.765872 8.734949 
1270.000000 20.000000 8.187093 8.782681 
1280.000000 20.000000 7.683871 8.824207 
1290.000000 20.000000 7.180438 8.865734 
1300.000000 20.000000 6.666482 8.967642 
1310.000000 20.000000 6.147896 9.095564 
1320.000000 20.000000 5.629100 9.223247 
1330.000000 20.000000 5.054530 9.407969 
1340.000000 20.000000 4.473646 9.598897 
1350.000000 20.000000 3.914651 9.747582 
1360.000000 20.000000 3.388488 9.832784 
1370.000000 20.000000 2.862325 9.917985 
1380.000000 20.000000 2.329638 10.021325 
1390.000000 20.000000 1.792531 10.136359 
1140.000000 21.000000 1.135880 7.652388 
1150.000000 21.000000 1.551549 7.805369 
1160.000000 21.000000 1.967007 7.958350 
1170.000000 21.000000 2.382675 8.111331 
1180.000000 21.000000 2.813287 8.267176 
1190.000000 21.000000 3.304302 8.434237 
1200.000000 21.000000 3.795317 8.601299 
1210.000000 21.000000 4.281281 8.753803 
1220.000000 21.000000 4.747041 8.847835 
1230.000000 21.000000 5.212589 8.941867 
1240.000000 21.000000 5.678138 9.035898 
1250.000000 21.000000 6.233766 9.179572 
1260.000000 21.000000 6.740145 9.308926 
1270.000000 21.000000 7.108459 9.392456 
1280.000000 21.000000 7.503502 9.485057 
1290.000000 21.000000 7.961053 9.599375 
1300.000000 21.000000 8.418605 9.713454 
1310.000000 21.000000 8.798704 9.713454 
1320.000000 21.000000 9.179015 9.713454 
1330.000000 21.000000 9.559114 9.713454 
1310.000000 22.000000 14.780543 5.882725 
1320.000000 22.000000 14.321940 5.852177 
1330.000000 22.000000 13.863127 5.821390 
1340.000000 22.000000 13.404523 5.790842 
1350.000000 22.000000 12.964651 5.789410 
1360.000000 22.000000 12.543720 5.817094 
1370.000000 22.000000 12.122790 5.845017 
1380.000000 22.000000 11.701860 5.872702 
1390.000000 22.000000 11.276510 5.885112 
1400.000000 22.000000 10.834112 5.836187 
1410.000000 22.000000 10.391504 5.787261 
1420.000000 22.000000 9.949106 5.738336 
1430.000000 22.000000 9.520179 5.671273 
1440.000000 22.000000 9.123452 5.562205 
1450.000000 22.000000 8.726515 5.453138 
1460.000000 22.000000 8.329577 5.343832 
1470.000000 22.000000 7.938113 5.303498 
1480.000000 22.000000 7.547910 5.280109 
1490.000000 22.000000 7.157918 5.256959 
1500.000000 22.000000 6.767716 5.233571 
1310.000000 23.000000 14.939235 5.155052 
1320.000000 23.000000 14.499784 5.155052 
1330.000000 23.000000 14.060332 5.155052 
1340.000000 23.000000 13.620881 5.155052 
1350.000000 23.000000 13.176378 5.166269 
1360.000000 23.000000 12.730614 5.180350 
1370.000000 23.000000 12.285059 5.194430 
1380.000000 23.000000 11.849186 5.189419 
1390.000000 23.000000 11.428255 5.156484 
1400.000000 23.000000 11.007325 5.123310 
1410.000000 23.000000 10.586395 5.090136 
1420.000000 23.000000 10.182302 5.030949 
1430.000000 23.000000 9.782418 4.965317 
1440.000000 23.000000 9.382535 4.899686 
1450.000000 23.000000 8.982651 4.834054 
1460.000000 23.000000 8.578979 4.766991 
1470.000000 23.000000 8.174044 4.699689 
1480.000000 23.000000 7.769320 4.632387 
1490.000000 23.000000 7.364595 4.565084 
1500.000000 23.000000 6.910411 4.530241 
1310.000000 24.000000 14.935867 4.412581 
1320.000000 24.000000 14.478737 4.398739 
1330.000000 24.000000 14.021817 4.385135 
1340.000000 24.000000 13.564687 4.371531 
1350.000000 24.000000 13.125867 4.347188 
1360.000000 24.000000 12.694624 4.318072 
1370.000000 24.000000 12.263381 4.288955 
1380.000000 24.000000 11.832349 4.259839 
1390.000000 24.000000 11.459404 4.119745 
1400.000000 24.000000 11.125607 3.905906 
1410.000000 24.000000 10.791809 3.691828 
1420.000000 24.000000 10.423074 3.524528 
1430.000000 24.000000 10.039186 3.377036 
1440.000000 24.000000 9.655297 3.229544 
1450.000000 24.000000 9.232052 3.135274 
1460.000000 24.000000 8.716413 3.165106 
1470.000000 24.000000 8.200773 3.194939 
1480.000000 24.000000 7.685133 3.224771 
1490.000000 24.000000 7.172019 3.269639 
1500.000000 24.000000 6.664799 3.349113 
1230.000000 25.000000 3.849407 4.590144 
1240.000000 25.000000 4.039247 4.668424 
1250.000000 25.000000 4.228876 4.746705 
1260.000000 25.000000 4.418715 4.824747 
1270.000000 25.000000 4.608554 4.903027 
1280.000000 25.000000 4.798183 4.981308 
1290.000000 25.000000 4.988023 5.059588 
1300.000000 25.000000 5.225428 5.100160 
1310.000000 25.000000 5.462622 5.140732 
1320.000000 25.000000 5.700027 5.181543 
1330.000000 25.000000 5.937431 5.222115 
1340.000000 25.000000 6.175257 5.291088 
1350.000000 25.000000 6.414345 5.426885 
1360.000000 25.000000 6.653644 5.562444 
1370.000000 25.000000 6.892732 5.698003 
1380.000000 25.000000 7.131821 5.833561 
1390.000000 25.000000 7.361017 5.942629 
1400.000000 25.000000 7.588951 6.048594 
1410.000000 25.000000 7.817095 6.154798 
1420.000000 25.000000 8.021457 6.251693 
1370.000000 26.000000 6.367412 0.490923 
1380.000000 26.000000 6.389931 1.138646 
1390.000000 26.000000 6.412451 1.786607 
1400.000000 26.000000 6.427605 2.381825 
1410.000000 26.000000 6.439601 2.954608 
1420.000000 26.000000 6.451598 3.527392 
1430.000000 26.000000 6.461279 4.084662 
1440.000000 26.000000 6.461279 4.580359 
1450.000000 26.000000 6.461279 5.076055 
1460.000000 26.000000 6.461279 5.571752 
1470.000000 26.000000 6.478747 6.063868 
1480.000000 26.000000 6.536625 6.546916 
1490.000000 26.000000 6.594503 7.030202 
1500.000000 26.000000 6.652381 7.513727 
1510.000000 26.000000 6.744354 7.971237 
1520.000000 26.000000 6.916725 8.369083 
1530.000000 26.000000 7.088886 8.766690 
1540.000000 26.000000 7.261046 9.164536 
1550.000000 26.000000 7.405005 9.503672 
1560.000000 26.000000 7.548963 9.842808 
1560.000000 27.000000 9.766423 9.216803 
1570.000000 27.000000 9.768949 9.168593 
1580.000000 27.000000 9.771264 9.120384 
1590.000000 27.000000 9.773579 9.071937 
1600.000000 27.000000 9.775894 9.023727 
1610.000000 27.000000 9.778419 8.975517 
1620.000000 27.000000 9.780735 8.927308 
1630.000000 27.000000 9.783050 8.878860 
1640.000000 27.000000 9.785365 8.830651 
1650.000000 27.000000 9.674870 8.605118 
1660.000000 27.000000 9.451146 8.202498 
1670.000000 27.000000 9.185328 7.655968 
1680.000000 27.000000 8.973391 7.065523 
1690.000000 27.000000 8.820382 6.447156 
1700.000000 27.000000 8.689684 5.855996 
1710.000000 27.000000 8.610759 5.329035 
1720.000000 27.000000 8.531835 4.802074 
1730.000000 27.000000 8.474378 4.394443 
1740.000000 27.000000 8.419446 4.000177 
1750.000000 27.000000 8.405976 3.699227 
1560.000000 28.000000 0.844176 7.508953 
1570.000000 28.000000 1.048958 7.351915 
1580.000000 28.000000 1.253951 7.194877 
1590.000000 28.000000 1.458944 7.037839 
1600.000000 28.000000 1.663727 6.881039 
1610.000000 28.000000 1.967217 6.759800 
1620.000000 28.000000 2.295332 6.647391 
1630.000000 28.000000 2.623448 6.534983 
1640.000000 28.000000 2.967558 6.475556 
1650.000000 28.000000 3.335872 6.495604 
1660.000000 28.000000 3.704186 6.515412 
1670.000000 28.000000 4.072500 6.535221 
1680.000000 28.000000 4.507742 6.578657 
1690.000000 28.000000 4.959610 6.627821 
1700.000000 28.000000 5.411479 6.676746 
1710.000000 28.000000 5.837671 6.694407 
1720.000000 28.000000 6.225769 6.664575 
1730.000000 28.000000 6.613866 6.634742 
1740.000000 28.000000 6.984074 6.575555 
1750.000000 28.000000 7.282724 6.398469 
1780.000000 30.000000 12.813116 9.162149 
1790.000000 30.000000 12.237915 9.392934 
1800.000000 30.000000 11.662503 9.623479 
1810.000000 30.000000 11.090879 9.861184 
1820.000000 30.000000 10.527254 10.115357 
1830.000000 30.000000 9.963840 10.369291 
1840.000000 30.000000 9.397899 10.622032 
1850.000000 30.000000 8.822698 10.868567 
1860.000000 30.000000 8.247497 11.115103 
1870.000000 30.000000 7.675452 11.334432 
1880.000000 30.000000 7.116878 11.444692 
1890.000000 30.000000 6.558514 11.554714 
1900.000000 30.000000 6.011936 11.586217 
1910.000000 30.000000 5.473356 11.565215 
1920.000000 30.000000 4.934775 11.544213 
1930.000000 30.000000 4.403772 11.513187 
1940.000000 30.000000 3.902234 11.443022 
1950.000000 30.000000 3.400906 11.372855 
1960.000000 30.000000 2.899367 11.302690 
1970.000000 30.000000 2.386464 11.393380 
1780.000000 31.000000 1.784323 11.060450 
1790.000000 31.000000 2.400144 10.857350 
1800.000000 31.000000 3.015965 10.654012 
1810.000000 31.000000 3.591377 10.449958 
1820.000000 31.000000 4.140059 10.245426 
1830.000000 31.000000 4.688952 10.040656 
1840.000000 31.000000 5.321400 9.899370 
1850.000000 31.000000 5.974894 9.773835 
1860.000000 31.000000 6.608604 9.658562 
1870.000000 31.000000 7.240000 9.544244 
1880.000000 31.000000 7.858346 9.365250 
1890.000000 31.000000 8.467854 9.143057 
1900.000000 31.000000 9.077571 8.920865 
1910.000000 31.000000 9.743692 8.693899 
1920.000000 31.000000 10.434018 8.464786 
1930.000000 31.000000 11.128132 8.276244 
1940.000000 31.000000 11.837399 8.249753 
1950.000000 31.000000 12.546878 8.223262 
1960.000000 31.000000 13.242675 8.202737 
1970.000000 31.000000 13.925214 8.188179 
2040.000000 33.000000 0.145852 10.352107 
2050.000000 33.000000 0.762726 10.294352 
2060.000000 33.000000 1.379599 10.236835 
2070.000000 33.000000 1.996472 10.154497 
2080.000000 33.000000 2.613345 9.973593 
2090.000000 33.000000 3.230218 9.792450 
2100.000000 33.000000 3.825414 9.618706 
2110.000000 33.000000 4.369677 9.462383 
2120.000000 33.000000 4.913939 9.306062 
2130.000000 33.000000 5.444732 9.125396 
2140.000000 33.000000 5.954900 8.908454 
2150.000000 33.000000 6.465067 8.691513 
2160.000000 33.000000 6.975866 8.483640 
2170.000000 33.000000 7.490874 8.358105 
2180.000000 33.000000 8.005882 8.232570 
2190.000000 33.000000 8.521101 8.106796 
2200.000000 33.000000 9.016536 7.996774 
2210.000000 33.000000 9.466510 7.922790 
2220.000000 33.000000 9.916485 7.848566 
2230.000000 33.000000 10.394872 7.763603 
2110.000000 35.000000 0.182473 8.360969 
2120.000000 35.000000 0.638341 8.321351 
2130.000000 35.000000 1.094419 8.281495 
2140.000000 35.000000 1.559967 8.227797 
2150.000000 35.000000 2.040249 8.153335 
2160.000000 35.000000 2.520320 8.078634 
2170.000000 35.000000 2.993024 8.023981 
2180.000000 35.000000 3.436685 8.049756 
2190.000000 35.000000 3.880135 8.075293 
2200.000000 35.000000 4.332424 8.110853 
2210.000000 35.000000 4.797973 8.161449 
2220.000000 35.000000 5.263522 8.212045 
2230.000000 35.000000 5.729492 8.250469 
2240.000000 35.000000 6.199671 8.178871 
2250.000000 35.000000 6.669639 8.107273 
2260.000000 35.000000 7.142975 8.034960 
2270.000000 35.000000 7.646829 7.955247 
2280.000000 35.000000 8.150682 7.875773 
2290.000000 35.000000 8.654536 7.796299 
2300.000000 35.000000 9.137553 7.620408 
2150.000000 36.000000 14.858837 6.124965 
2160.000000 36.000000 14.227442 6.201814 
2170.000000 36.000000 13.596046 6.278423 
2180.000000 36.000000 12.974753 6.343577 
2190.000000 36.000000 12.368613 6.391309 
2200.000000 36.000000 11.762474 6.439042 
2210.000000 36.000000 11.103297 6.486773 
2220.000000 36.000000 10.438228 6.534505 
2230.000000 36.000000 9.758636 6.591068 
2240.000000 36.000000 9.056945 6.660518 
2250.000000 36.000000 8.355465 6.730206 
2260.000000 36.000000 7.724070 6.859560 
2270.000000 36.000000 7.092674 6.988675 
2280.000000 36.000000 6.446757 7.123040 
2290.000000 36.000000 5.790947 7.260747 
2300.000000 36.000000 5.135349 7.398454 
2310.000000 36.000000 4.503953 7.508715 
2320.000000 36.000000 3.872558 7.618737 
2330.000000 36.000000 3.224957 7.725179 
2340.000000 36.000000 2.553152 7.826132 
2200.000000 37.000000 6.002676 12.439903 
2210.000000 37.000000 6.024354 12.110791 
2220.000000 37.000000 6.046242 11.781680 
2230.000000 37.000000 6.072340 11.444931 
2240.000000 37.000000 6.108539 11.090999 
2250.000000 37.000000 6.144950 10.737305 
2260.000000 37.000000 6.175046 10.378599 
2270.000000 37.000000 6.196093 10.012495 
2280.000000 37.000000 6.217139 9.646629 
2290.000000 37.000000 6.232714 9.280525 
2300.000000 37.000000 6.240291 8.913943 
2310.000000 37.000000 6.247867 8.547362 
2320.000000 37.000000 6.212930 8.214670 
2330.000000 37.000000 6.149790 7.904413 
2340.000000 37.000000 6.086651 7.594155 
2350.000000 37.000000 5.980155 7.255258 
2360.000000 37.000000 5.844827 6.897268 
2370.000000 37.000000 5.709708 6.539279 
2380.000000 37.000000 5.705709 6.256944 
2390.000000 37.000000 5.734753 5.993702 
2440.000000 40.000000 14.886197 6.563145 
2450.000000 40.000000 14.181770 6.801804 
2460.000000 40.000000 13.477134 7.040464 
2470.000000 40.000000 12.735033 7.239984 
2480.000000 40.000000 11.988935 7.435446 
2490.000000 40.000000 11.280088 7.612293 
2500.000000 40.000000 10.587236 7.781264 
2510.000000 40.000000 9.892702 7.934006 
2520.000000 40.000000 9.193958 8.048563 
2530.000000 40.000000 8.495214 8.163119 
2540.000000 40.000000 7.759217 8.209897 
2550.000000 40.000000 7.013750 8.239730 
2560.000000 40.000000 6.305535 8.295815 
2570.000000 40.000000 5.653093 8.391278 
2580.000000 40.000000 5.000651 8.486742 
2590.000000 40.000000 4.305485 8.547362 
2600.000000 40.000000 3.546337 8.555954 
2610.000000 40.000000 2.787189 8.564546 
2620.000000 40.000000 2.056455 8.660487 
2630.000000 40.000000 1.344451 8.814899 
2440.000000 41.000000 15.280609 9.021340 
2450.000000 41.000000 14.506308 9.021340 
2460.000000 41.000000 13.732006 9.021340 
2470.000000 41.000000 12.957916 9.021340 
2480.000000 41.000000 12.150783 9.196278 
2490.000000 41.000000 11.340071 9.390786 
2500.000000 41.000000 10.535462 9.598181 
2510.000000 41.000000 9.755058 9.856649 
2520.000000 41.000000 8.974653 10.115118 
2530.000000 41.000000 8.225819 10.380747 
2540.000000 41.000000 7.484981 10.648046 
2550.000000 41.000000 6.758456 10.933722 
2560.000000 41.000000 6.065815 11.261879 
2570.000000 41.000000 5.372964 11.590035 
2580.000000 41.000000 4.720312 11.889076 
2590.000000 41.000000 4.072079 12.185015 
2600.000000 41.000000 3.441105 12.498613 
2610.000000 41.000000 2.836017 12.838704 
2620.000000 41.000000 2.230930 13.178794 
2630.000000 41.000000 1.625843 13.518885 
2730.000000 43.000000 15.234517 9.047115 
2740.000000 43.000000 14.514095 9.037808 
2750.000000 43.000000 13.793463 9.028739 
2760.000000 43.000000 13.082511 9.049979 
2770.000000 43.000000 12.409023 9.193175 
2780.000000 43.000000 11.735535 9.336371 
2790.000000 43.000000 11.073201 9.601999 
2800.000000 43.000000 10.415498 9.920372 
2810.000000 43.000000 9.752111 10.209627 
2820.000000 43.000000 9.075466 10.431104 
2830.000000 43.000000 8.399031 10.652819 
2840.000000 43.000000 7.745116 10.899832 
2850.000000 43.000000 7.113721 11.172620 
2860.000000 43.000000 6.482326 11.445408 
2870.000000 43.000000 5.867978 11.687886 
2880.000000 43.000000 5.260786 11.917477 
2890.000000 43.000000 4.648964 12.140862 
2900.000000 43.000000 3.995049 12.311504 
2910.000000 43.000000 3.341134 12.481908 
2920.000000 43.000000 2.696058 12.653027 
2730.000000 44.000000 10.049078 6.892495 
2740.000000 44.000000 9.999828 7.155021 
2750.000000 44.000000 9.950790 7.417547 
2760.000000 44.000000 9.901752 7.680072 
2770.000000 44.000000 9.840717 7.998206 
2780.000000 44.000000 9.776525 8.330182 
2790.000000 44.000000 9.706019 8.587695 
2800.000000 44.000000 9.628778 8.770747 
2810.000000 44.000000 9.551538 8.953799 
2820.000000 44.000000 9.362120 9.086733 
2830.000000 44.000000 9.060102 9.169786 
2840.000000 44.000000 8.781656 9.230167 
2850.000000 44.000000 8.597500 9.200336 
2860.000000 44.000000 8.413342 9.170503 
2870.000000 44.000000 8.229186 9.140671 
2880.000000 44.000000 8.066917 9.018000 
2890.000000 44.000000 7.904438 8.895089 
2900.000000 44.000000 7.742169 8.772418 
2910.000000 44.000000 7.673347 8.651418 
2920.000000 44.000000 7.697972 8.532088 
2950.000000 46.000000 15.113078 7.655490 
2960.000000 46.000000 14.465477 7.710621 
2970.000000 46.000000 13.817876 7.765512 
2980.000000 46.000000 13.165855 7.844032 
2990.000000 46.000000 12.503100 7.976488 
3000.000000 46.000000 11.840556 8.109182 
3010.000000 46.000000 11.213161 8.249276 
3020.000000 46.000000 10.609336 8.394620 
3030.000000 46.000000 9.994146 8.541873 
3040.000000 46.000000 9.353280 8.693661 
3050.000000 46.000000 8.712414 8.847596 
3060.000000 46.000000 8.072599 9.019431 
3070.000000 46.000000 7.432786 9.191266 
3080.000000 46.000000 6.774662 9.365965 
3090.000000 46.000000 6.104330 9.542812 
3100.000000 46.000000 5.433999 9.719659 
3110.000000 46.000000 4.785135 9.852354 
3120.000000 46.000000 4.138586 9.980275 
3130.000000 46.000000 3.489933 10.105572 
3140.000000 46.000000 2.821074 10.207718 
2960.000000 47.000000 14.691306 8.306315 
2970.000000 47.000000 14.103898 8.356195 
2980.000000 47.000000 13.514807 8.412758 
2990.000000 47.000000 12.912034 8.532088 
3000.000000 47.000000 12.309262 8.651418 
3010.000000 47.000000 11.697230 8.831367 
3020.000000 47.000000 11.084145 9.018238 
3030.000000 47.000000 10.434860 9.207495 
3040.000000 47.000000 9.761372 9.398423 
3050.000000 47.000000 9.093777 9.590305 
3060.000000 47.000000 8.479218 9.790780 
3070.000000 47.000000 7.864660 9.991254 
3080.000000 47.000000 7.234949 10.197456 
3090.000000 47.000000 6.595135 10.407476 
3100.000000 47.000000 5.954479 10.606519 
3110.000000 47.000000 5.305405 10.705801 
3120.000000 47.000000 4.656540 10.805323 
3130.000000 47.000000 3.995259 10.876921 
3140.000000 47.000000 3.328927 10.936585 
3150.000000 47.000000 2.675222 11.004842 
2960.000000 48.000000 14.707302 9.007021 
2970.000000 48.000000 14.109581 8.978382 
2980.000000 48.000000 13.511860 8.949742 
2990.000000 48.000000 12.989697 9.064538 
3000.000000 48.000000 12.467321 9.179572 
3010.000000 48.000000 11.920322 9.337564 
3020.000000 48.000000 11.315236 9.596033 
3030.000000 48.000000 10.710149 9.854740 
3040.000000 48.000000 10.112848 10.059510 
3050.000000 48.000000 9.516601 10.258314 
3060.000000 48.000000 8.915302 10.434206 
3070.000000 48.000000 8.309162 10.586948 
3080.000000 48.000000 7.703023 10.739691 
3090.000000 48.000000 7.017328 10.885989 
3100.000000 48.000000 6.331632 11.032288 
3110.000000 48.000000 5.645937 11.178586 
3120.000000 48.000000 4.993285 11.345409 
3130.000000 48.000000 4.344421 11.514380 
3140.000000 48.000000 3.704186 11.649940 
3150.000000 48.000000 3.072791 11.752324 
3010.000000 49.000000 8.891309 8.481492 
3020.000000 49.000000 9.199009 8.334716 
3030.000000 49.000000 9.506498 8.187941 
3040.000000 49.000000 9.861764 8.119683 
3050.000000 49.000000 10.264383 8.129946 
3060.000000 49.000000 10.661531 8.136628 
3070.000000 49.000000 11.037422 8.128036 
3080.000000 49.000000 11.413312 8.119445 
3090.000000 49.000000 11.845397 8.136151 
3100.000000 49.000000 12.361878 8.190327 
3110.000000 49.000000 12.826164 8.263834 
3120.000000 49.000000 13.081038 8.414667 
3130.000000 49.000000 13.327493 8.485787 
3140.000000 49.000000 13.554795 8.371231 
3150.000000 49.000000 13.782097 8.256675 
3160.000000 49.000000 13.628668 8.186031 
3170.000000 49.000000 13.379898 8.126367 
3180.000000 49.000000 13.131128 8.066701 
3190.000000 49.000000 12.882359 8.007036 
3200.000000 49.000000 12.633589 7.947371 
3040.000000 50.000000 0.111547 10.188387 
3050.000000 50.000000 0.469337 9.973593 
3060.000000 50.000000 0.827128 9.758800 
3070.000000 50.000000 1.184919 9.544005 
3080.000000 50.000000 1.547339 9.359521 
3090.000000 50.000000 1.910181 9.178617 
3100.000000 50.000000 2.273023 8.997475 
3110.000000 50.000000 2.592299 8.890554 
3120.000000 50.000000 2.911574 8.783397 
3130.000000 50.000000 3.218853 8.681011 
3140.000000 50.000000 3.415638 8.619437 
3150.000000 50.000000 3.612634 8.557863 
3160.000000 50.000000 3.809418 8.496289 
3170.000000 50.000000 3.858878 8.487936 
3180.000000 50.000000 3.908548 8.479344 
3190.000000 50.000000 3.958007 8.470991 
3200.000000 50.000000 4.007466 8.462638 
3210.000000 50.000000 4.056925 8.454285 
3220.000000 50.000000 4.106595 8.445693 
3230.000000 50.000000 4.156054 8.437340 
3100.000000 52.000000 0.118281 12.916030 
3110.000000 52.000000 0.441977 12.851830 
3120.000000 52.000000 0.765672 12.787631 
3130.000000 52.000000 1.076740 12.746819 
3140.000000 52.000000 1.382335 12.716033 
3150.000000 52.000000 1.687720 12.685246 
3160.000000 52.000000 1.939857 12.641093 
3170.000000 52.000000 2.156005 12.587873 
3180.000000 52.000000 2.372363 12.534890 
3190.000000 52.000000 2.588721 12.481908 
3200.000000 52.000000 2.738151 12.374033 
3210.000000 52.000000 2.887371 12.266397 
3220.000000 52.000000 3.036801 12.158524 
3230.000000 52.000000 3.170026 12.000053 
3240.000000 52.000000 3.301566 11.836094 
3250.000000 52.000000 3.433107 11.671896 
3260.000000 52.000000 3.540023 11.493856 
3270.000000 52.000000 3.636206 11.309849 
3280.000000 52.000000 3.732388 11.125604 
3290.000000 52.000000 3.835727 10.941120 
3200.000000 53.000000 14.701619 9.063345 
3210.000000 53.000000 14.045389 9.049502 
3220.000000 53.000000 13.343488 9.156660 
3230.000000 53.000000 12.621803 9.315608 
3240.000000 53.000000 11.954418 9.510116 
3250.000000 53.000000 11.323023 9.728012 
3260.000000 53.000000 10.689102 9.946385 
3270.000000 53.000000 10.049288 10.165953 
3280.000000 53.000000 9.409474 10.385520 
3290.000000 53.000000 8.747141 10.620361 
3300.000000 53.000000 8.079124 10.859021 
3310.000000 53.000000 7.416159 11.077872 
3320.000000 53.000000 6.758456 11.276675 
3330.000000 53.000000 6.099700 11.470228 
3340.000000 53.000000 5.430842 11.615095 
3350.000000 53.000000 4.761773 11.759962 
3360.000000 53.000000 4.101965 11.913181 
3370.000000 53.000000 3.463203 12.085971 
3380.000000 53.000000 2.824652 12.258999 
3390.000000 53.000000 2.195151 12.427015 
3460.000000 54.000000 -0.161637 11.055438 
3470.000000 54.000000 0.727999 10.957826 
3480.000000 54.000000 1.617635 10.860214 
3490.000000 54.000000 2.498010 10.782411 
3500.000000 54.000000 3.368915 10.724895 
3510.000000 54.000000 4.239820 10.667377 
3520.000000 54.000000 5.077471 10.617497 
3530.000000 54.000000 5.893023 10.572629 
3540.000000 54.000000 6.708575 10.528000 
3550.000000 54.000000 7.512763 10.448049 
3560.000000 54.000000 8.300113 10.315353 
3570.000000 54.000000 9.087462 10.182898 
3580.000000 54.000000 9.876076 10.035645 
3590.000000 54.000000 10.665319 9.882186 
3600.000000 54.000000 11.454563 9.728728 
3610.000000 54.000000 12.233495 9.675984 
3620.000000 54.000000 13.011374 9.634696 
3630.000000 54.000000 13.805670 9.543289 
3640.000000 54.000000 14.610909 9.418709 
3650.000000 54.000000 15.416148 9.294128 
3520.000000 55.000000 0.131541 11.039686 
3530.000000 55.000000 0.815552 10.937540 
3540.000000 55.000000 1.499564 10.835155 
3550.000000 55.000000 2.181260 10.741838 
3560.000000 55.000000 2.857274 10.669525 
3570.000000 55.000000 3.533288 10.597211 
3580.000000 55.000000 4.209302 10.524898 
3590.000000 55.000000 4.888263 10.440173 
3600.000000 55.000000 5.567223 10.355449 
3610.000000 55.000000 6.245973 10.270724 
3620.000000 55.000000 6.882209 10.202229 
3630.000000 55.000000 7.513605 10.135405 
3640.000000 55.000000 8.124795 10.087672 
3650.000000 55.000000 8.705679 10.068580 
3660.000000 55.000000 9.286563 10.049487 
3670.000000 55.000000 9.840086 10.006289 
3680.000000 55.000000 10.390452 9.960466 
3690.000000 55.000000 10.947763 9.878845 
3700.000000 55.000000 11.521070 9.714170 
3710.000000 55.000000 12.094588 9.549733 
3970.000000 60.000000 14.763706 8.080066 
3980.000000 60.000000 13.999928 8.291996 
3990.000000 60.000000 13.235940 8.504165 
4000.000000 60.000000 12.553402 8.805592 
4010.000000 60.000000 11.905801 9.145205 
4020.000000 60.000000 11.255674 9.496751 
4030.000000 60.000000 10.582186 9.954978 
4040.000000 60.000000 9.908697 10.413204 
4050.000000 60.000000 9.226370 10.772626 
4060.000000 60.000000 8.538359 11.066416 
4070.000000 60.000000 7.850348 11.360207 
4080.000000 60.000000 7.121297 11.505073 
4090.000000 60.000000 6.392036 11.649940 
4100.000000 60.000000 5.655408 11.791465 
4110.000000 60.000000 4.888894 11.919386 
4120.000000 60.000000 4.122169 12.047308 
4130.000000 60.000000 3.367442 12.192175 
4140.000000 60.000000 2.630814 12.362577 
4150.000000 60.000000 1.894186 12.532981 
4160.000000 60.000000 1.195442 12.727250 
3990.000000 62.000000 3.378596 7.155498 
4000.000000 62.000000 3.688191 7.436401 
4010.000000 62.000000 3.997574 7.717065 
4020.000000 62.000000 4.307168 7.997967 
4030.000000 62.000000 4.736307 8.278393 
4040.000000 62.000000 5.285410 8.558579 
4050.000000 62.000000 5.829252 8.830413 
4060.000000 62.000000 6.351626 9.069073 
4070.000000 62.000000 6.874211 9.307733 
4080.000000 62.000000 7.389851 9.543528 
4090.000000 62.000000 7.889916 9.772164 
4100.000000 62.000000 8.389771 10.000800 
4110.000000 62.000000 8.802072 10.359983 
4120.000000 62.000000 9.204692 10.733486 
4130.000000 62.000000 9.572374 10.967611 
4140.000000 62.000000 9.916695 11.108420 
4150.000000 62.000000 10.274275 11.149470 
4160.000000 62.000000 10.651218 11.039925 
4170.000000 62.000000 11.028372 10.930619 
4180.000000 62.000000 11.183906 10.598643 
4220.000000 64.000000 2.294070 11.340159 
4230.000000 64.000000 2.925465 11.139685 
4240.000000 64.000000 3.556860 10.939211 
4250.000000 64.000000 4.180258 10.706995 
4260.000000 64.000000 4.798604 10.453300 
4270.000000 64.000000 5.416740 10.199842 
4280.000000 64.000000 6.031299 9.907722 
4290.000000 64.000000 6.640174 9.558325 
4300.000000 64.000000 7.249050 9.208927 
4310.000000 64.000000 7.885917 8.920387 
4320.000000 64.000000 8.541726 8.672420 
4330.000000 64.000000 9.197326 8.424691 
4340.000000 64.000000 9.808937 8.424691 
4350.000000 64.000000 10.420759 8.424691 
4360.000000 64.000000 11.032371 8.424691 
4370.000000 64.000000 11.694915 8.496289 
4380.000000 64.000000 12.370087 8.585786 
4390.000000 64.000000 13.052625 8.600106 
4400.000000 64.000000 13.745897 8.502017 
4410.000000 64.000000 14.439169 8.403688 
4220.000000 65.000000 6.876526 9.055946 
4230.000000 65.000000 6.742460 9.587680 
4240.000000 65.000000 6.608604 10.119176 
4250.000000 65.000000 6.417292 10.683368 
4260.000000 65.000000 6.225979 11.247320 
4270.000000 65.000000 6.044347 11.685500 
4280.000000 65.000000 5.865031 12.092176 
4290.000000 65.000000 5.679612 12.477612 
4300.000000 65.000000 5.440523 12.672835 
4310.000000 65.000000 5.201435 12.868059 
4320.000000 65.000000 5.097254 12.689302 
4330.000000 65.000000 5.008228 12.469020 
4340.000000 65.000000 4.937301 12.210790 
4350.000000 65.000000 4.908678 11.863540 
4360.000000 65.000000 4.874582 11.513664 
4370.000000 65.000000 4.792291 11.140162 
4380.000000 65.000000 4.709788 10.766660 
4390.000000 65.000000 4.605818 10.539217 
4400.000000 65.000000 4.496377 10.348289 
4410.000000 65.000000 4.386935 10.157361 
4270.000000 66.000000 11.244519 7.966941 
4280.000000 66.000000 10.842742 8.111569 
4290.000000 66.000000 10.440964 8.256197 
4300.000000 66.000000 10.039186 8.400825 
4310.000000 66.000000 9.480612 8.749745 
4320.000000 66.000000 8.922037 9.098428 
4330.000000 66.000000 8.331051 9.326825 
4340.000000 66.000000 7.691237 9.374557 
4350.000000 66.000000 7.051423 9.422289 
4360.000000 66.000000 6.448230 9.344486 
4370.000000 66.000000 5.849247 9.252602 
4380.000000 66.000000 5.272151 9.155467 
4390.000000 66.000000 4.745988 9.045206 
4400.000000 66.000000 4.219825 8.934945 
4410.000000 66.000000 3.755960 8.792705 
4420.000000 66.000000 3.318824 8.636621 
4430.000000 66.000000 2.876637 8.492471 
4440.000000 66.000000 2.388358 8.454285 
4450.000000 66.000000 1.900079 8.416100 
4460.000000 66.000000 1.531134 8.481492 
4280.000000 67.000000 15.224204 7.173159 
4290.000000 67.000000 14.449693 7.106334 
4300.000000 67.000000 13.675181 7.039509 
4310.000000 67.000000 12.887831 6.992732 
4320.000000 67.000000 12.070174 6.992732 
4330.000000 67.000000 11.252517 6.992732 
4340.000000 67.000000 10.467061 7.062421 
4350.000000 67.000000 9.695497 7.161703 
4360.000000 67.000000 8.958868 7.292489 
4370.000000 67.000000 8.304111 7.495588 
4380.000000 67.000000 7.649144 7.698926 
4390.000000 67.000000 7.003647 7.934484 
4400.000000 67.000000 6.364044 8.191521 
4410.000000 67.000000 5.724651 8.448557 
4420.000000 67.000000 4.983814 8.687217 
4430.000000 67.000000 4.242977 8.925877 
4440.000000 67.000000 3.512242 9.150694 
4450.000000 67.000000 2.791820 9.361908 
4460.000000 67.000000 2.071398 9.573122 
4470.000000 67.000000 1.405907 9.894835 
4310.000000 68.000000 10.312790 9.617990 
4320.000000 68.000000 9.891860 9.483863 
4330.000000 68.000000 9.407790 9.271934 
4340.000000 68.000000 8.829011 8.943776 
4350.000000 68.000000 8.260756 8.699150 
4360.000000 68.000000 7.697762 8.478390 
4370.000000 68.000000 7.145290 8.269562 
4380.000000 68.000000 6.608604 8.066701 
4390.000000 68.000000 6.082442 7.867898 
4400.000000 68.000000 5.578378 7.677208 
4410.000000 68.000000 5.079997 7.488906 
4420.000000 68.000000 4.491746 7.413489 
4430.000000 68.000000 3.893605 7.350722 
4440.000000 68.000000 3.323665 7.291057 
4450.000000 68.000000 2.753515 7.231392 
4460.000000 68.000000 2.164844 7.118983 
4470.000000 68.000000 1.563545 6.971253 
4480.000000 68.000000 0.986450 6.693453 
4490.000000 68.000000 0.433979 6.285583 
4500.000000 68.000000 -0.118492 5.877952 
4510.000000 69.000000 9.428205 13.047293 
4520.000000 69.000000 9.374327 12.790256 
4530.000000 69.000000 9.320447 12.533219 
4540.000000 69.000000 9.266357 12.276183 
4550.000000 69.000000 9.239418 11.988598 
4560.000000 69.000000 9.239418 11.670465 
4570.000000 69.000000 9.239418 11.352331 
4580.000000 69.000000 9.245312 11.036822 
4590.000000 69.000000 9.274356 10.732292 
4600.000000 69.000000 9.303189 10.427763 
4610.000000 69.000000 9.323605 10.121562 
4620.000000 69.000000 9.323605 9.811304 
4630.000000 69.000000 9.303400 9.479090 
4640.000000 69.000000 9.235630 9.095564 
4650.000000 69.000000 9.168071 8.712037 
4660.000000 69.000000 9.123241 8.330897 
4670.000000 69.000000 9.101563 7.952383 
4680.000000 69.000000 9.079676 7.573630 
4690.000000 69.000000 9.080096 7.192252 
4700.000000 69.000000 9.095039 6.808725 
4510.000000 70.000000 10.198087 13.383087 
4520.000000 70.000000 10.227131 13.070442 
4530.000000 70.000000 10.256175 12.757560 
4540.000000 70.000000 10.267962 12.460428 
4550.000000 70.000000 10.262700 12.179049 
4560.000000 70.000000 10.257228 11.897429 
4570.000000 70.000000 10.251756 11.616050 
4580.000000 70.000000 10.272592 11.303883 
4590.000000 70.000000 10.310896 10.971191 
4600.000000 70.000000 10.349201 10.638499 
4610.000000 70.000000 10.394661 10.296739 
4620.000000 70.000000 10.456959 9.934453 
4630.000000 70.000000 10.519257 9.571929 
4640.000000 70.000000 10.518205 9.254272 
4650.000000 70.000000 10.474638 8.966210 
4660.000000 70.000000 10.431072 8.678147 
4670.000000 70.000000 10.457380 8.335670 
4680.000000 70.000000 10.513364 7.969567 
4690.000000 70.000000 10.569558 7.603701 
4700.000000 70.000000 10.657533 7.188672 
4600.000000 73.000000 0.170056 9.853070 
4610.000000 73.000000 0.817657 9.816317 
4620.000000 73.000000 1.465258 9.779563 
4630.000000 73.000000 2.099390 9.725387 
4640.000000 73.000000 2.720262 9.653789 
4650.000000 73.000000 3.341555 9.558325 
4660.000000 73.000000 3.963479 9.438995 
4670.000000 73.000000 4.583088 9.318233 
4680.000000 73.000000 5.197646 9.194130 
4690.000000 73.000000 5.812204 9.070027 
4700.000000 73.000000 6.413293 8.953561 
4710.000000 73.000000 7.011014 8.839005 
4720.000000 73.000000 7.639041 8.721583 
4730.000000 73.000000 8.337786 8.597481 
4740.000000 73.000000 9.036530 8.473377 
4750.000000 73.000000 9.681395 8.375766 
4760.000000 73.000000 10.312790 8.284836 
4770.000000 73.000000 10.969652 8.205840 
4780.000000 73.000000 11.637247 8.131617 
4790.000000 73.000000 12.305053 8.057632 
4610.000000 74.000000 0.448712 10.200081 
4620.000000 74.000000 1.177763 10.123471 
4630.000000 74.000000 1.907024 10.046623 
4640.000000 74.000000 2.593351 10.001993 
4650.000000 74.000000 3.261367 9.970729 
4660.000000 74.000000 3.918650 9.920372 
4670.000000 74.000000 4.560148 9.840659 
4680.000000 74.000000 5.214273 9.762140 
4690.000000 74.000000 5.898285 9.685292 
4700.000000 74.000000 6.582296 9.608683 
4710.000000 74.000000 7.251786 9.495080 
4720.000000 74.000000 7.906543 9.344963 
4730.000000 74.000000 8.561299 9.194608 
4740.000000 74.000000 9.222371 9.051412 
4750.000000 74.000000 9.884914 8.909886 
4760.000000 74.000000 10.546407 8.775998 
4770.000000 74.000000 11.199691 8.710366 
4780.000000 74.000000 11.852763 8.644497 
4790.000000 74.000000 12.495314 8.584593 
4800.000000 74.000000 13.095560 8.549272 
4640.000000 75.000000 -0.100392 11.481445 
4650.000000 75.000000 0.466180 11.297678 
4660.000000 75.000000 1.032963 11.114148 
4670.000000 75.000000 1.599535 10.930619 
4680.000000 75.000000 2.175578 11.006035 
4690.000000 75.000000 2.764880 11.047085 
4700.000000 75.000000 3.457731 10.859021 
4710.000000 75.000000 4.109121 10.859021 
4720.000000 75.000000 4.774611 10.854486 
4730.000000 75.000000 5.496086 10.831814 
4740.000000 75.000000 6.210404 10.799356 
4750.000000 75.000000 6.859479 10.680026 
4760.000000 75.000000 7.508343 10.560697 
4770.000000 75.000000 8.078072 10.281941 
4780.000000 75.000000 8.613706 9.934691 
4790.000000 75.000000 9.056945 9.496035 
4800.000000 75.000000 9.310976 8.825640 
4810.000000 75.000000 9.505656 8.149516 
4820.000000 75.000000 9.703704 7.531865 
4830.000000 75.000000 9.723488 6.866004 
4680.000000 76.000000 0.327694 7.055022 
4690.000000 76.000000 0.898896 7.370292 
4700.000000 76.000000 1.470309 7.685800 
4710.000000 76.000000 1.929334 8.114433 
4720.000000 76.000000 2.340162 8.591753 
4730.000000 76.000000 2.667645 9.063106 
4740.000000 76.000000 2.939566 9.530402 
4750.000000 76.000000 3.241163 9.966672 
4760.000000 76.000000 3.662093 10.277884 
4770.000000 76.000000 4.083023 10.589335 
4780.000000 76.000000 4.527525 10.745658 
4790.000000 76.000000 4.974764 10.884796 
4800.000000 76.000000 5.393168 10.906753 
4810.000000 76.000000 5.782529 10.811289 
4820.000000 76.000000 6.002676 10.660694 
4830.000000 76.000000 6.053398 10.454969 
4840.000000 76.000000 6.104120 10.249245 
4850.000000 76.000000 6.023511 9.966434 
4860.000000 76.000000 5.855139 9.632310 
4870.000000 76.000000 5.686767 9.298185 
4690.000000 77.000000 -0.014522 9.260000 
4700.000000 77.000000 0.584462 9.021340 
4710.000000 77.000000 1.142194 8.695808 
4720.000000 77.000000 1.659938 8.289371 
4730.000000 77.000000 2.178945 7.891764 
4740.000000 77.000000 2.788663 7.541650 
4750.000000 77.000000 3.411850 7.208958 
4760.000000 77.000000 4.066607 6.983424 
4770.000000 77.000000 4.758616 6.768392 
4780.000000 77.000000 5.537337 6.577464 
4790.000000 77.000000 6.309744 6.375796 
4800.000000 77.000000 7.067419 6.149070 
4810.000000 77.000000 7.835405 5.960767 
4820.000000 77.000000 8.627807 5.862678 
4830.000000 77.000000 9.449883 5.724732 
4840.000000 77.000000 10.291744 5.560773 
4850.000000 77.000000 11.051733 5.454808 
4860.000000 77.000000 11.817616 5.353139 
4870.000000 77.000000 12.606860 5.269608 
4880.000000 77.000000 13.396104 5.186078 
4910.000000 79.000000 0.084186 8.329227 
4920.000000 79.000000 0.538370 8.329227 
4930.000000 79.000000 1.000130 8.324693 
4940.000000 79.000000 1.530081 8.280540 
4950.000000 79.000000 2.060243 8.236388 
4960.000000 79.000000 2.581775 8.178155 
4970.000000 79.000000 3.090259 8.098443 
4980.000000 79.000000 3.598953 8.018970 
4990.000000 79.000000 4.155213 7.874103 
5000.000000 79.000000 4.711472 7.729236 
5010.000000 79.000000 5.270046 7.591052 
5020.000000 79.000000 5.838302 7.479598 
5030.000000 79.000000 6.406558 7.368144 
5040.000000 79.000000 6.973341 7.249053 
5050.000000 79.000000 7.534651 7.098697 
5060.000000 79.000000 8.095962 6.948580 
5070.000000 79.000000 8.651379 6.842615 
5080.000000 79.000000 9.201324 6.781041 
5090.000000 79.000000 9.751269 6.719467 
5100.000000 79.000000 10.304792 6.659324 
4910.000000 80.000000 -0.039147 8.821343 
4920.000000 80.000000 0.472073 8.866689 
4930.000000 80.000000 0.983083 8.912272 
4940.000000 80.000000 1.495986 8.945924 
4950.000000 80.000000 2.009521 8.974563 
4960.000000 80.000000 2.522635 8.973608 
4970.000000 80.000000 3.033644 8.854279 
4980.000000 80.000000 3.544864 8.734949 
4990.000000 80.000000 4.019884 8.599628 
5000.000000 80.000000 4.457230 8.438056 
5010.000000 80.000000 4.960031 8.265505 
5020.000000 80.000000 5.518816 8.124934 
5030.000000 80.000000 6.161997 8.032334 
5040.000000 80.000000 6.719099 7.989137 
5050.000000 80.000000 7.218953 7.979113 
5060.000000 80.000000 7.731646 7.947371 
5070.000000 80.000000 8.295272 7.828042 
5080.000000 80.000000 8.859108 7.708712 
5090.000000 80.000000 9.414525 7.618737 
5100.000000 80.000000 9.957736 7.572437 
4960.000000 82.000000 14.943023 9.930396 
4970.000000 82.000000 14.311627 10.059750 
4980.000000 82.000000 13.680232 10.189342 
4990.000000 82.000000 13.048837 10.318933 
5000.000000 82.000000 12.449011 10.435400 
5010.000000 82.000000 11.862656 10.546138 
5020.000000 82.000000 11.276510 10.657115 
5030.000000 82.000000 10.656480 10.763557 
5040.000000 82.000000 10.032872 10.869522 
5050.000000 82.000000 9.405896 10.986942 
5060.000000 82.000000 8.764819 11.149709 
5070.000000 82.000000 8.123953 11.312474 
5080.000000 82.000000 7.445835 11.445169 
5090.000000 82.000000 6.767716 11.577625 
5100.000000 82.000000 6.098648 11.706264 
5110.000000 82.000000 5.451046 11.825593 
5120.000000 82.000000 4.803445 11.944923 
5130.000000 82.000000 4.141743 12.026783 
5140.000000 82.000000 3.474148 12.092653 
5150.000000 82.000000 2.806342 12.158524 
4960.000000 83.000000 15.153488 8.932797 
4970.000000 83.000000 14.522093 9.018000 
4980.000000 83.000000 13.890697 9.103201 
4990.000000 83.000000 13.259302 9.188402 
5000.000000 83.000000 12.597810 9.299140 
5010.000000 83.000000 11.936318 9.410117 
5020.000000 83.000000 11.282403 9.541380 
5030.000000 83.000000 10.658164 9.755458 
5040.000000 83.000000 10.034135 9.969297 
5050.000000 83.000000 9.400846 10.172158 
5060.000000 83.000000 8.746088 10.349005 
5070.000000 83.000000 8.091121 10.525852 
5080.000000 83.000000 7.463093 10.649000 
5090.000000 83.000000 6.852744 10.736588 
5100.000000 83.000000 6.242395 10.823938 
5110.000000 83.000000 5.604897 10.952576 
5120.000000 83.000000 4.949087 11.108659 
5130.000000 83.000000 4.293488 11.264743 
5140.000000 83.000000 3.646518 11.379538 
5150.000000 83.000000 2.999549 11.494572 
5010.000000 84.000000 0.179737 11.601969 
5020.000000 84.000000 0.925205 11.393142 
5030.000000 84.000000 1.670462 11.184314 
5040.000000 84.000000 2.404564 10.948519 
5050.000000 84.000000 3.133615 10.701266 
5060.000000 84.000000 3.862877 10.454254 
5070.000000 84.000000 4.608554 10.199842 
5080.000000 84.000000 5.355916 9.944715 
5090.000000 84.000000 6.103488 9.689588 
5100.000000 84.000000 6.903255 9.613216 
5110.000000 84.000000 7.703023 9.536845 
5120.000000 84.000000 8.496476 9.463339 
5130.000000 84.000000 9.283827 9.392695 
5140.000000 84.000000 10.071177 9.321814 
5150.000000 84.000000 10.863156 9.256420 
5160.000000 84.000000 11.656610 9.191982 
5170.000000 84.000000 12.442907 9.139477 
5180.000000 84.000000 13.201634 9.133033 
5190.000000 84.000000 13.960571 9.126828 
5200.000000 84.000000 14.719298 9.120623 
5230.000000 87.000000 5.097886 11.217965 
5240.000000 87.000000 5.612473 11.155913 
5250.000000 87.000000 6.126850 11.094101 
5260.000000 87.000000 6.641437 11.032288 
5270.000000 87.000000 7.148658 10.932051 
5280.000000 87.000000 7.655037 10.827757 
5290.000000 87.000000 8.161416 10.723224 
5300.000000 87.000000 8.684422 10.636352 
5310.000000 87.000000 9.214373 10.556639 
5320.000000 87.000000 9.744534 10.477165 
5330.000000 87.000000 10.261858 10.387668 
5340.000000 87.000000 10.779391 10.298170 
5350.000000 87.000000 11.297135 10.168817 
5360.000000 87.000000 11.815090 10.012733 
5370.000000 87.000000 12.333256 9.856649 
5380.000000 87.000000 12.859418 9.663813 
5390.000000 87.000000 13.385581 9.471214 
5400.000000 87.000000 13.897642 9.291742 
5410.000000 87.000000 14.388868 9.132794 
5420.000000 87.000000 14.879883 8.973608 
5240.000000 88.000000 14.842210 8.291758 
5250.000000 88.000000 14.346144 8.360014 
5260.000000 88.000000 13.850078 8.428032 
5270.000000 88.000000 13.346435 8.547362 
5280.000000 88.000000 12.839424 8.688410 
5290.000000 88.000000 12.353460 8.773850 
5300.000000 88.000000 11.888753 8.803682 
5310.000000 88.000000 11.420679 8.843778 
5320.000000 88.000000 10.923981 8.977427 
5330.000000 88.000000 10.427283 9.111076 
5340.000000 88.000000 9.945739 9.261909 
5350.000000 88.000000 9.474298 9.424198 
5360.000000 88.000000 9.003487 9.588158 
5370.000000 88.000000 8.538780 9.767152 
5380.000000 88.000000 8.074073 9.946147 
5390.000000 88.000000 7.579690 9.969536 
5400.000000 88.000000 7.072680 9.926100 
5410.000000 88.000000 6.578087 9.919894 
5420.000000 88.000000 6.096122 9.950682 
5430.000000 88.000000 5.613946 9.981469 
5240.000000 89.000000 14.810430 8.875997 
5250.000000 89.000000 14.376661 8.919433 
5260.000000 89.000000 13.942893 8.962869 
5270.000000 89.000000 13.490182 9.026352 
5280.000000 89.000000 12.960862 9.170980 
5290.000000 89.000000 12.431542 9.315608 
5300.000000 89.000000 11.902223 9.460236 
5310.000000 89.000000 11.442357 9.625866 
5320.000000 89.000000 10.990277 9.793882 
5330.000000 89.000000 10.532937 9.946625 
5340.000000 89.000000 10.055391 10.038508 
5350.000000 89.000000 9.577847 10.130154 
5360.000000 89.000000 9.109982 10.238505 
5370.000000 89.000000 8.648433 10.357836 
5380.000000 89.000000 8.187093 10.477165 
5390.000000 89.000000 7.703023 10.604371 
5400.000000 89.000000 7.218953 10.731815 
5410.000000 89.000000 6.734883 10.859021 
5420.000000 89.000000 6.236081 10.885512 
5430.000000 89.000000 5.737069 10.912004 
5270.000000 90.000000 15.241883 7.443322 
5280.000000 90.000000 14.484209 7.576972 
5290.000000 90.000000 13.726535 7.710621 
5300.000000 90.000000 12.981488 7.849998 
5310.000000 90.000000 12.265906 8.002741 
5320.000000 90.000000 11.550325 8.155482 
5330.000000 90.000000 10.863156 8.332807 
5340.000000 90.000000 10.183354 8.516575 
5350.000000 90.000000 9.501026 8.679341 
5360.000000 90.000000 8.809438 8.758815 
5370.000000 90.000000 8.112167 8.840914 
5380.000000 90.000000 7.367331 8.945924 
5390.000000 90.000000 6.636386 9.046400 
5400.000000 90.000000 5.916595 9.164536 
5410.000000 90.000000 5.223955 9.323723 
5420.000000 90.000000 4.531103 9.482670 
5430.000000 90.000000 3.843093 9.649015 
5440.000000 90.000000 3.155503 9.816077 
5450.000000 90.000000 2.468124 9.983139 
5460.000000 90.000000 1.810000 10.174784 
5300.000000 91.000000 2.649124 8.875280 
5310.000000 91.000000 3.188546 9.009407 
5320.000000 91.000000 3.727758 9.143773 
5330.000000 91.000000 4.267180 9.277900 
5340.000000 91.000000 4.821335 9.394605 
5350.000000 91.000000 5.385381 9.499615 
5360.000000 91.000000 5.959109 9.599135 
5370.000000 91.000000 6.620601 9.650448 
5380.000000 91.000000 7.113721 9.632310 
5390.000000 91.000000 7.576744 9.591738 
5400.000000 91.000000 8.208139 9.579804 
5410.000000 91.000000 8.837641 9.554984 
5420.000000 91.000000 9.459354 9.479090 
5430.000000 91.000000 10.081279 9.403196 
5440.000000 91.000000 10.639432 9.257853 
5450.000000 91.000000 11.197586 9.112747 
5460.000000 91.000000 11.719960 8.879338 
5470.000000 91.000000 12.226971 8.607982 
5480.000000 91.000000 12.585814 8.317294 
5490.000000 91.000000 12.796279 8.007036 
5410.000000 92.000000 0.360316 12.523673 
5420.000000 92.000000 1.070636 12.424151 
5430.000000 92.000000 1.780956 12.324869 
5440.000000 92.000000 2.564096 12.144443 
5450.000000 92.000000 3.355024 11.955185 
5460.000000 92.000000 4.146163 11.765928 
5470.000000 92.000000 4.777558 11.569988 
5480.000000 92.000000 5.408953 11.373810 
5490.000000 92.000000 6.080547 11.148515 
5500.000000 92.000000 6.913358 10.806039 
5510.000000 92.000000 7.745958 10.463562 
5520.000000 92.000000 8.503633 10.154497 
5530.000000 92.000000 9.252888 9.849012 
5540.000000 92.000000 9.997092 9.522526 
5550.000000 92.000000 10.733721 9.164536 
5560.000000 92.000000 11.482345 8.805592 
5570.000000 92.000000 12.278324 8.442351 
5580.000000 92.000000 13.074513 8.079111 
5590.000000 92.000000 13.851130 7.819450 
5600.000000 92.000000 14.625642 7.571243 
5410.000000 93.000000 0.511220 13.618883 
5420.000000 93.000000 1.022229 13.431535 
5430.000000 93.000000 1.533449 13.243948 
5440.000000 93.000000 2.014362 13.107435 
5450.000000 93.000000 2.465388 13.022233 
5460.000000 93.000000 2.916415 12.937032 
5470.000000 93.000000 3.449523 12.827964 
5480.000000 93.000000 4.017779 12.708634 
5490.000000 93.000000 4.586035 12.589304 
5500.000000 93.000000 5.108199 12.397183 
5510.000000 93.000000 5.610579 12.174036 
5520.000000 93.000000 6.112959 11.950651 
5530.000000 93.000000 6.629651 11.756382 
5540.000000 93.000000 7.155814 11.581444 
5550.000000 93.000000 7.681976 11.406268 
5560.000000 93.000000 8.179937 11.178348 
5570.000000 93.000000 8.658745 10.914867 
5580.000000 93.000000 9.137764 10.651626 
5590.000000 93.000000 9.642248 10.376689 
5600.000000 93.000000 10.157467 10.096980 
5480.000000 94.000000 0.357791 11.885258 
5490.000000 94.000000 0.989186 11.837526 
5500.000000 94.000000 1.620581 11.789794 
5510.000000 94.000000 2.163371 11.739437 
5520.000000 94.000000 2.704898 11.679056 
5530.000000 94.000000 3.235270 11.526314 
5540.000000 94.000000 3.765642 11.373571 
5550.000000 94.000000 4.351156 11.231569 
5560.000000 94.000000 4.973290 11.096726 
5570.000000 94.000000 5.592058 10.983124 
5580.000000 94.000000 6.202407 10.919402 
5590.000000 94.000000 6.812756 10.855918 
5600.000000 94.000000 7.420368 10.793389 
5610.000000 94.000000 8.021667 10.733725 
5620.000000 94.000000 8.622966 10.674060 
5630.000000 94.000000 9.220687 10.546138 
5640.000000 94.000000 9.814409 10.350198 
5650.000000 94.000000 10.408341 10.154020 
5660.000000 94.000000 10.969441 9.874788 
5670.000000 94.000000 11.516651 9.559757 
5660.000000 95.000000 0.031149 12.329882 
5670.000000 95.000000 0.506590 12.135373 
5680.000000 95.000000 0.982241 11.940866 
5690.000000 95.000000 1.458523 11.751847 
5700.000000 95.000000 1.941751 11.610322 
5710.000000 95.000000 2.424979 11.469035 
5720.000000 95.000000 2.937462 11.326078 
5730.000000 95.000000 3.493721 11.181211 
5740.000000 95.000000 4.049980 11.036345 
5750.000000 95.000000 4.595085 10.914629 
5760.000000 95.000000 5.133034 10.808663 
5770.000000 95.000000 5.670772 10.702460 
5780.000000 95.000000 6.172310 10.555207 
5790.000000 95.000000 6.669850 10.403419 
5800.000000 95.000000 7.134767 10.202706 
5810.000000 95.000000 7.585794 9.980991 
5820.000000 95.000000 8.036820 9.759515 
5830.000000 95.000000 8.558985 9.594124 
5840.000000 95.000000 9.088936 9.434937 
5850.000000 95.000000 9.619098 9.265251 
