0 5.0 -0.875 1.752
10 5.0 -0.795 1.528
20 5.0 -0.758 1.722
30 5.0 -0.936 1.723
40 5.0 -0.836 1.558
50 5.0 -1.085 1.747
60 5.0 -0.868 1.582
70 5.0 -1.014 1.526
80 5.0 -1.057 1.568
90 5.0 -0.980 1.563
100 5.0 -0.973 1.540
110 5.0 -0.904 1.748
120 5.0 -0.852 1.868
130 5.0 -0.982 1.499
140 5.0 -0.810 1.605
150 5.0 -0.897 1.599
160 5.0 -0.798 1.818
170 5.0 -0.937 1.591
180 5.0 -0.953 1.589
190 5.0 -0.860 1.685
0 6.0 -0.763 2.090
10 6.0 -0.815 2.020
20 6.0 -0.882 2.064
30 6.0 -0.824 1.975
40 6.0 -0.884 2.053
50 6.0 -0.838 1.974
60 6.0 -1.000 2.028
70 6.0 -0.739 2.024
80 6.0 -0.779 2.088
90 6.0 -0.771 1.945
100 6.0 -0.804 2.001
110 6.0 -0.799 1.963
120 6.0 -0.869 1.940
130 6.0 -0.772 2.013
140 6.0 -0.827 1.986
150 6.0 -0.835 1.927
160 6.0 -0.753 2.129
170 6.0 -0.726 2.002
180 6.0 -0.819 2.046
190 6.0 -0.783 2.077
0 8.0 -1.754 0.034
10 8.0 -1.639 0.297
20 8.0 -1.391 0.047
30 8.0 -1.756 0.034
40 8.0 -1.744 -0.028
50 8.0 -1.411 0.018
60 8.0 -1.573 0.203
70 8.0 -1.619 -0.035
80 8.0 -1.672 0.004
90 8.0 -1.536 0.005
100 8.0 -1.404 0.036
110 8.0 -1.453 -0.016
120 8.0 -1.625 -0.172
130 8.0 -1.751 0.068
140 8.0 -1.804 -0.073
150 8.0 -1.829 -0.031
160 8.0 -1.607 -0.057
170 8.0 -1.597 0.080
180 8.0 -1.425 0.345
190 8.0 -1.772 0.005
500 24.0 1.747 2.082
510 24.0 1.715 1.883
520 24.0 1.417 1.467
530 24.0 1.464 1.300
540 24.0 1.571 1.073
550 24.0 1.350 0.759
560 24.0 1.141 0.509
570 24.0 1.079 0.264
580 24.0 0.789 -0.097
590 24.0 0.827 -0.565
600 24.0 0.699 -0.764
610 24.0 0.459 -1.183
620 24.0 0.562 -1.541
630 24.0 0.481 -1.964
640 24.0 0.145 -2.155
650 24.0 0.080 -2.604
660 24.0 -0.155 -2.821
670 24.0 -0.075 -3.143
680 24.0 -0.292 -3.717
690 24.0 -0.666 -3.991
500 25.0 0.689 2.715
510 25.0 0.925 2.289
520 25.0 1.158 2.270
530 25.0 0.896 1.906
540 25.0 1.146 1.421
550 25.0 1.012 1.314
560 25.0 0.661 1.048
570 25.0 0.535 0.627
580 25.0 0.440 0.447
590 25.0 0.312 0.296
600 25.0 0.279 -0.201
610 25.0 -0.115 -0.237
620 25.0 -0.042 -1.070
630 25.0 -0.330 -1.178
640 25.0 -0.464 -1.477
650 25.0 -0.778 -1.754
660 25.0 -0.951 -2.278
670 25.0 -0.846 -2.699
680 25.0 -0.734 -2.859
690 25.0 -1.061 -3.438
590 28.0 2.460 2.822
600 28.0 2.483 2.581
610 28.0 2.371 2.253
620 28.0 2.117 2.135
630 28.0 2.098 1.310
640 28.0 2.141 1.255
650 28.0 1.640 0.621
660 28.0 1.656 0.471
670 28.0 1.457 0.243
680 28.0 1.293 0.043
690 28.0 1.186 -0.270
700 28.0 0.823 -0.605
710 28.0 0.941 -0.965
720 28.0 0.614 -1.526
730 28.0 0.596 -1.819
740 28.0 0.359 -2.280
750 28.0 -0.110 -2.702
760 28.0 -0.565 -3.091
770 28.0 -0.589 -3.249
780 28.0 -0.862 -3.853
1000 38.0 -5.008 -5.596
1010 38.0 -4.929 -5.714
1020 38.0 -5.001 -5.615
1030 38.0 -5.018 -5.783
1040 38.0 -4.864 -5.638
1050 38.0 -4.746 -5.731
1060 38.0 -4.821 -5.479
1070 38.0 -4.862 -5.425
1080 38.0 -4.780 -5.632
1090 38.0 -4.820 -5.829
1100 38.0 -4.602 -5.913
1110 38.0 -4.881 -5.822
1120 38.0 -4.901 -5.849
1130 38.0 -4.746 -5.892
1140 38.0 -5.115 -5.815
1150 38.0 -4.599 -5.838
1160 38.0 -4.701 -5.606
1170 38.0 -4.681 -5.829
1180 38.0 -4.842 -5.944
1190 38.0 -4.798 -5.777
1150 46.0 -0.985 1.462
1160 46.0 -0.894 1.675
1170 46.0 -1.107 1.734
1180 46.0 -0.898 1.507
1190 46.0 -0.934 1.659
1200 46.0 -1.161 1.446
1210 46.0 -1.032 1.597
1220 46.0 -0.911 1.694
1230 46.0 -0.989 1.636
1240 46.0 -0.965 1.418
1250 46.0 -1.021 1.595
1260 46.0 -1.015 1.785
1270 46.0 -1.060 1.607
1280 46.0 -0.765 1.620
1290 46.0 -0.971 1.546
1300 46.0 -0.888 1.460
1310 46.0 -0.485 1.493
1320 46.0 -1.009 1.609
1330 46.0 -0.847 1.735
1340 46.0 -0.896 1.638
1150 47.0 -0.907 2.010
1160 47.0 -0.534 2.107
1170 47.0 -0.622 2.058
1180 47.0 -0.880 1.984
1190 47.0 -0.843 1.984
1200 47.0 -1.022 2.005
1210 47.0 -0.907 2.256
1220 47.0 -0.959 1.920
1230 47.0 -0.617 2.191
1240 47.0 -0.867 1.890
1250 47.0 -1.153 2.055
1260 47.0 -0.935 1.786
1270 47.0 -0.913 2.171
1280 47.0 -0.821 1.682
1290 47.0 -0.650 1.764
1300 47.0 -0.960 1.970
1310 47.0 -0.819 1.920
1320 47.0 -0.955 2.162
1330 47.0 -0.856 1.980
1340 47.0 -0.814 1.995
1200 39.0 -4.732 -5.794
1210 39.0 -4.754 -5.853
1220 39.0 -5.096 -5.701
1230 39.0 -4.871 -5.839
1240 39.0 -4.908 -5.773
1250 39.0 -4.981 -5.777
1260 39.0 -4.859 -5.853
1270 39.0 -4.814 -5.749
1280 39.0 -4.863 -5.637
1290 39.0 -4.723 -5.626
1300 39.0 -4.786 -5.609
1310 39.0 -4.915 -5.567
1320 39.0 -4.831 -5.756
1330 39.0 -4.937 -5.831
1340 39.0 -4.863 -5.939
1350 39.0 -4.884 -5.736
1360 39.0 -4.850 -5.882
1370 39.0 -4.752 -5.888
1380 39.0 -4.807 -6.102
1390 39.0 -4.764 -5.914
1400 40.0 -4.801 -5.808
1410 40.0 -4.748 -5.912
1420 40.0 -4.741 -5.796
1430 40.0 -4.805 -5.612
1440 40.0 -4.885 -5.893
1450 40.0 -4.775 -5.869
1460 40.0 -4.848 -5.603
1470 40.0 -4.770 -5.846
1480 40.0 -4.886 -5.865
1490 40.0 -5.021 -5.793
1500 40.0 -4.891 -5.808
1510 40.0 -4.960 -5.793
1520 40.0 -4.978 -5.684
1530 40.0 -5.005 -5.581
1540 40.0 -4.740 -5.536
1550 40.0 -5.106 -5.434
1560 40.0 -4.864 -5.606
1570 40.0 -5.007 -5.597
1580 40.0 -4.977 -5.510
1590 40.0 -4.882 -5.494
1600 41.0 -5.172 -5.590
1610 41.0 -5.049 -5.501
1620 41.0 -4.982 -5.612
1630 41.0 -5.014 -5.532
1640 41.0 -4.831 -5.594
1650 41.0 -4.908 -5.443
1660 41.0 -4.971 -5.581
1670 41.0 -4.986 -5.504
1680 41.0 -4.831 -5.518
1690 41.0 -4.888 -5.606
1700 41.0 -4.871 -5.558
1710 41.0 -4.857 -5.530
1720 41.0 -5.037 -5.515
1730 41.0 -4.901 -5.681
1740 41.0 -5.007 -5.568
1750 41.0 -4.751 -5.502
1760 41.0 -4.867 -5.425
1770 41.0 -5.006 -5.479
1780 41.0 -4.959 -5.479
1790 41.0 -4.926 -5.681
1800 42.0 -4.957 -5.718
1810 42.0 -4.965 -5.730
1820 42.0 -4.998 -5.529
1830 42.0 -5.315 -5.555
1840 42.0 -5.025 -5.515
1850 42.0 -4.865 -5.531
1860 42.0 -4.815 -5.503
1870 42.0 -4.825 -5.375
1880 42.0 -5.012 -5.395
1890 42.0 -4.902 -5.684
1900 42.0 -4.752 -5.670
1910 42.0 -5.032 -5.448
1920 42.0 -4.825 -5.740
1930 42.0 -5.105 -5.723
1940 42.0 -4.826 -5.599
1950 42.0 -4.897 -5.768
1960 42.0 -4.739 -5.615
1970 42.0 -5.032 -5.595
1980 42.0 -4.670 -5.759
1990 42.0 -5.089 -5.652
2770 71.0 3.951 1.575
2780 71.0 3.663 0.985
2790 71.0 3.335 0.495
2800 71.0 3.030 -0.091
2810 71.0 2.699 -0.547
2820 71.0 2.388 -1.114
2830 71.0 2.050 -1.540
2840 71.0 1.846 -2.136
2850 71.0 1.478 -2.655
2860 71.0 0.981 -3.154
2870 71.0 0.794 -3.428
2880 71.0 0.229 -3.959
2890 71.0 -0.055 -4.459
2900 71.0 -0.452 -4.980
2910 71.0 -0.933 -5.458
2920 71.0 -1.129 -6.054
2930 71.0 -1.467 -6.663
2940 71.0 -1.600 -7.364
2950 71.0 -1.856 -7.822
2960 71.0 -2.080 -8.396
2770 72.0 3.400 1.974
2780 72.0 3.111 1.576
2790 72.0 2.764 0.983
2800 72.0 2.431 0.615
2810 72.0 2.085 0.127
2820 72.0 1.806 -0.417
2830 72.0 1.477 -0.956
2840 72.0 1.187 -1.419
2850 72.0 0.967 -1.915
2860 72.0 0.526 -2.425
2870 72.0 0.085 -3.049
2880 72.0 -0.283 -3.408
2890 72.0 -0.685 -3.843
2900 72.0 -1.082 -4.461
2910 72.0 -1.449 -4.962
2920 72.0 -1.926 -5.478
2930 72.0 -2.246 -6.121
2940 72.0 -2.790 -6.486
2950 72.0 -3.190 -6.991
2960 72.0 -3.673 -7.945
3100 83.0 2.630 1.409
3110 83.0 2.784 1.224
3120 83.0 2.338 0.207
3130 83.0 1.693 -0.034
3140 83.0 1.591 -0.747
3150 83.0 1.182 -1.161
3160 83.0 0.967 -1.668
3170 83.0 0.808 -2.284
3180 83.0 0.541 -2.658
3190 83.0 0.037 -3.110
3200 83.0 -0.292 -3.392
3210 83.0 -0.641 -4.170
3220 83.0 -1.156 -4.749
3230 83.0 -1.629 -5.118
3240 83.0 -1.919 -5.447
3250 83.0 -2.426 -5.936
3260 83.0 -2.392 -6.250
3270 83.0 -3.301 -6.871
3280 83.0 -3.770 -7.212
3290 83.0 -3.688 -7.473
4000 96.0 3.528 2.075
4010 96.0 3.360 1.890
4020 96.0 3.383 1.958
4030 96.0 2.925 1.577
4040 96.0 2.728 1.204
4050 96.0 2.512 0.892
4060 96.0 2.574 0.683
4070 96.0 2.310 0.066
4080 96.0 2.176 0.046
4090 96.0 1.888 -0.547
4100 96.0 1.695 -0.862
4110 96.0 1.324 -1.346
4120 96.0 1.213 -1.676
4130 96.0 1.029 -2.232
4140 96.0 0.678 -2.792
4150 96.0 0.459 -3.060
4160 96.0 0.311 -3.508
4170 96.0 -0.014 -4.045
4180 96.0 -0.521 -4.436
4190 96.0 -0.372 -4.893
4000 97.0 2.689 2.116
4010 97.0 2.484 1.903
4020 97.0 2.359 1.544
4030 97.0 2.265 1.361
4040 97.0 1.894 0.842
4050 97.0 2.085 0.516
4060 97.0 1.767 0.232
4070 97.0 1.365 0.083
4080 97.0 0.846 -0.153
4090 97.0 0.941 -0.485
4100 97.0 0.695 -1.065
4110 97.0 0.328 -1.364
4120 97.0 0.010 -1.891
4130 97.0 -0.277 -2.249
4140 97.0 -0.370 -2.789
4150 97.0 -0.490 -3.238
4160 97.0 -0.902 -3.743
4170 97.0 -1.015 -4.019
4180 97.0 -1.130 -4.403
4190 97.0 -1.074 -5.145
4000 101.0 -3.049 -7.687
4010 101.0 -3.074 -7.565
4020 101.0 -3.018 -7.614
4030 101.0 -2.910 -7.647
4040 101.0 -2.828 -7.615
4050 101.0 -2.875 -7.966
4060 101.0 -3.005 -7.726
4070 101.0 -2.976 -7.851
4080 101.0 -3.119 -7.845
4090 101.0 -2.978 -7.952
4100 101.0 -2.828 -7.812
4110 101.0 -3.046 -7.789
4120 101.0 -3.062 -7.949
4130 101.0 -3.094 -7.965
4140 101.0 -2.994 -7.855
4150 101.0 -2.872 -7.887
4160 101.0 -2.984 -7.882
4170 101.0 -2.928 -7.905
4180 101.0 -2.974 -7.881
4190 101.0 -3.067 -7.902
4000 102.0 -3.515 -8.663
4010 102.0 -3.591 -8.568
4020 102.0 -3.391 -8.656
4030 102.0 -3.391 -8.849
4040 102.0 -3.481 -8.519
4050 102.0 -3.288 -8.731
4060 102.0 -3.334 -8.698
4070 102.0 -3.397 -8.797
4080 102.0 -3.359 -8.693
4090 102.0 -3.424 -8.557
4100 102.0 -3.295 -8.767
4110 102.0 -3.391 -8.683
4120 102.0 -3.448 -8.899
4130 102.0 -3.739 -8.550
4140 102.0 -3.185 -8.713
4150 102.0 -3.406 -8.590
4160 102.0 -3.388 -8.592
4170 102.0 -3.295 -8.532
4180 102.0 -3.402 -8.425
4190 102.0 -3.503 -8.518
4430 104.0 -3.346 -8.384
4440 104.0 -3.404 -8.769
4450 104.0 -3.470 -8.731
4460 104.0 -3.579 -8.393
4470 104.0 -3.482 -8.790
4480 104.0 -3.506 -8.616
4490 104.0 -3.314 -8.646
4500 104.0 -3.194 -8.744
4510 104.0 -3.553 -8.689
4520 104.0 -3.314 -8.613
4530 104.0 -3.230 -8.379
4540 104.0 -3.624 -8.488
4550 104.0 -3.415 -8.682
4560 104.0 -3.502 -8.643
4570 104.0 -3.467 -8.781
4580 104.0 -3.329 -8.673
4590 104.0 -3.529 -8.770
4600 104.0 -3.388 -8.697
4610 104.0 -3.279 -8.694
4620 104.0 -3.358 -8.493
4430 106.0 -2.964 -7.960
4440 106.0 -3.048 -7.708
4450 106.0 -2.952 -7.836
4460 106.0 -2.931 -7.916
4470 106.0 -2.956 -7.905
4480 106.0 -2.881 -7.699
4490 106.0 -2.985 -7.889
4500 106.0 -2.982 -7.919
4510 106.0 -2.942 -7.795
4520 106.0 -2.855 -7.783
4530 106.0 -2.808 -7.800
4540 106.0 -3.028 -7.908
4550 106.0 -2.892 -7.821
4560 106.0 -2.899 -7.848
4570 106.0 -3.021 -8.045
4580 106.0 -3.142 -7.834
4590 106.0 -2.940 -7.918
4600 106.0 -2.971 -7.681
4610 106.0 -2.976 -7.886
4620 106.0 -2.930 -7.626
4430 108.0 -2.438 -9.499
4440 108.0 -2.463 -9.442
4450 108.0 -2.264 -9.122
4460 108.0 -2.284 -8.898
4470 108.0 -2.275 -8.767
4480 108.0 -2.021 -8.615
4490 108.0 -1.962 -8.512
4500 108.0 -1.851 -8.275
4510 108.0 -1.853 -7.906
4520 108.0 -1.778 -7.686
4530 108.0 -1.731 -7.503
4540 108.0 -1.623 -7.334
4550 108.0 -1.479 -7.044
4560 108.0 -1.489 -6.736
4570 108.0 -1.344 -6.426
4580 108.0 -1.115 -6.462
4590 108.0 -1.029 -6.027
4600 108.0 -0.912 -5.748
4610 108.0 -0.778 -5.524
4620 108.0 -0.705 -5.263
4430 110.0 -1.864 -9.834
4440 110.0 -1.865 -9.692
4450 110.0 -1.717 -9.600
4460 110.0 -1.778 -9.226
4470 110.0 -1.662 -8.990
4480 110.0 -1.637 -8.929
4490 110.0 -1.389 -8.968
4500 110.0 -1.399 -8.303
4510 110.0 -1.263 -8.232
4520 110.0 -1.223 -8.049
4530 110.0 -1.181 -7.744
4540 110.0 -1.021 -7.652
4550 110.0 -0.811 -7.600
4560 110.0 -0.860 -7.237
4570 110.0 -0.887 -6.888
4580 110.0 -0.830 -6.834
4590 110.0 -0.405 -6.652
4600 110.0 -0.253 -6.320
4610 110.0 -0.256 -5.978
4620 110.0 -0.118 -5.656
4570 112.0 3.465 0.757
4580 112.0 2.938 0.355
4590 112.0 2.730 -0.130
4600 112.0 2.318 -0.792
4610 112.0 2.232 -1.286
4620 112.0 1.959 -1.815
4630 112.0 1.470 -2.410
4640 112.0 1.459 -2.916
4650 112.0 1.235 -3.585
4660 112.0 1.141 -4.300
4670 112.0 0.824 -4.888
4680 112.0 0.501 -5.474
4690 112.0 0.168 -6.069
4700 112.0 -0.162 -6.636
4710 112.0 -0.578 -7.184
4720 112.0 -1.079 -7.619
4730 112.0 -1.605 -8.161
4740 112.0 -2.079 -8.686
4750 112.0 -2.514 -9.110
4760 112.0 -2.885 -9.703
4630 105.0 -3.444 -8.518
4640 105.0 -3.570 -8.598
4650 105.0 -3.593 -8.430
4660 105.0 -3.622 -8.614
4670 105.0 -3.618 -8.501
4680 105.0 -3.615 -8.351
4690 105.0 -3.408 -8.378
4700 105.0 -3.251 -8.659
4710 105.0 -3.494 -8.817
4720 105.0 -3.435 -8.895
4730 105.0 -3.531 -8.828
4740 105.0 -3.478 -8.709
4750 105.0 -3.536 -8.743
4760 105.0 -3.523 -8.871
4770 105.0 -3.430 -8.846
4780 105.0 -3.440 -8.720
4790 105.0 -3.337 -8.648
4800 105.0 -3.307 -8.741
4810 105.0 -3.337 -8.786
4820 105.0 -3.389 -8.835
4630 107.0 -3.001 -7.756
4640 107.0 -2.939 -7.746
4650 107.0 -2.781 -7.733
4660 107.0 -3.133 -7.764
4670 107.0 -2.932 -7.924
4680 107.0 -2.911 -7.815
4690 107.0 -2.941 -7.823
4700 107.0 -3.055 -7.788
4710 107.0 -2.927 -8.029
4720 107.0 -2.956 -7.863
4730 107.0 -2.891 -7.827
4740 107.0 -2.929 -7.836
4750 107.0 -3.030 -7.762
4760 107.0 -3.065 -7.958
4770 107.0 -2.876 -8.101
4780 107.0 -2.897 -7.804
4790 107.0 -3.027 -7.806
4800 107.0 -2.955 -7.817
4810 107.0 -2.935 -7.776
4820 107.0 -2.951 -7.659
4630 109.0 -0.757 -5.318
4640 109.0 -0.452 -4.865
4650 109.0 -0.486 -5.147
4660 109.0 -0.478 -4.505
4670 109.0 0.012 -4.600
4680 109.0 0.013 -4.470
4690 109.0 0.112 -3.926
4700 109.0 -0.047 -3.924
4710 109.0 0.129 -3.638
4720 109.0 0.174 -3.440
4730 109.0 0.311 -3.405
4740 109.0 0.484 -2.941
4750 109.0 0.609 -2.756
4760 109.0 0.341 -2.545
4770 109.0 0.785 -2.568
4780 109.0 0.586 -2.504
4790 109.0 1.049 -2.025
4800 109.0 1.256 -2.080
4810 109.0 1.136 -1.825
4820 109.0 1.202 -1.539
4630 111.0 -0.151 -5.544
4640 111.0 -0.125 -5.380
4650 111.0 -0.011 -5.227
4660 111.0 0.187 -5.046
4670 111.0 0.391 -4.802
4680 111.0 0.310 -4.678
4690 111.0 0.397 -4.468
4700 111.0 0.444 -4.190
4710 111.0 0.557 -3.910
4720 111.0 0.766 -3.855
4730 111.0 0.864 -3.636
4740 111.0 0.877 -3.441
4750 111.0 1.038 -3.219
4760 111.0 1.161 -3.057
4770 111.0 1.340 -2.995
4780 111.0 1.321 -2.646
4790 111.0 1.356 -2.454
4800 111.0 1.524 -2.396
4810 111.0 1.650 -2.185
4820 111.0 1.855 -1.891
4690 113.0 -1.006 -9.504
4700 113.0 -0.790 -9.095
4710 113.0 -0.588 -8.324
4720 113.0 -0.287 -8.129
4730 113.0 -0.260 -7.237
4740 113.0 -0.004 -6.776
4750 113.0 0.346 -6.513
4760 113.0 0.621 -5.502
4770 113.0 1.030 -5.086
4780 113.0 1.218 -4.555
4790 113.0 1.839 -3.930
4800 113.0 2.127 -3.139
4810 113.0 2.451 -3.081
4820 113.0 2.713 -2.118
4830 113.0 3.172 -1.923
4840 113.0 3.271 -1.523
4850 113.0 3.366 -0.962
4860 113.0 3.749 -0.515
4870 113.0 3.725 -0.041
4880 113.0 3.896 0.186
