0 1.0 13.449 3.938
10 1.0 12.935 3.938
20 1.0 12.422 3.938
30 1.0 11.919 3.958
40 1.0 11.428 3.998
50 1.0 10.937 4.037
60 1.0 10.467 3.992
70 1.0 10.019 3.861
80 1.0 10.029 3.870
90 1.0 10.022 3.864
100 1.0 10.030 3.875
110 1.0 10.054 3.860
120 1.0 10.076 3.867
130 1.0 10.105 3.881
140 1.0 10.132 3.892
150 1.0 10.166 3.907
160 1.0 10.201 3.910
170 1.0 10.227 3.916
180 1.0 10.255 3.924
190 1.0 10.282 3.940
0 2.0 13.343 4.439
10 2.0 12.825 4.430
20 2.0 12.307 4.421
30 2.0 11.814 4.434
40 2.0 11.360 4.480
50 2.0 10.905 4.526
60 2.0 10.438 4.526
70 2.0 9.945 4.419
80 2.0 9.963 4.425
90 2.0 9.973 4.427
100 2.0 9.990 4.434
110 2.0 9.998 4.435
120 2.0 10.033 4.432
130 2.0 10.061 4.435
140 2.0 10.105 4.446
150 2.0 10.143 4.455
160 2.0 10.172 4.467
170 2.0 10.214 4.467
180 2.0 10.247 4.472
190 2.0 10.279 4.481
0 3.0 11.912 4.439
10 3.0 11.505 4.514
20 3.0 11.097 4.588
30 3.0 10.689 4.663
40 3.0 10.280 4.709
50 3.0 9.871 4.749
60 3.0 9.462 4.789
70 3.0 9.051 4.830
80 3.0 9.069 4.829
90 3.0 9.084 4.828
100 3.0 9.088 4.821
110 3.0 9.100 4.827
120 3.0 9.098 4.824
130 3.0 9.120 4.819
140 3.0 9.154 4.811
150 3.0 9.169 4.805
160 3.0 9.185 4.803
170 3.0 9.208 4.797
180 3.0 9.235 4.797
190 3.0 9.256 4.785
0 4.0 11.828 5.155
10 4.0 11.382 5.211
20 4.0 10.937 5.267
30 4.0 10.491 5.324
40 4.0 10.071 5.346
50 4.0 9.668 5.346
60 4.0 9.265 5.346
70 4.0 8.862 5.346
80 4.0 8.876 5.351
90 4.0 8.892 5.357
100 4.0 8.915 5.359
110 4.0 8.932 5.355
120 4.0 8.955 5.351
130 4.0 8.978 5.353
140 4.0 9.009 5.348
150 4.0 9.035 5.354
160 4.0 9.065 5.350
170 4.0 9.085 5.345
180 4.0 9.116 5.353
190 4.0 9.154 5.358
0 5.0 8.713 4.415
10 5.0 8.361 4.364
20 5.0 8.008 4.312
30 5.0 7.655 4.260
40 5.0 7.301 4.186
50 5.0 6.942 4.060
60 5.0 6.583 3.934
70 5.0 6.224 3.807
80 5.0 6.245 3.811
90 5.0 6.263 3.817
100 5.0 6.281 3.829
110 5.0 6.297 3.835
120 5.0 6.329 3.857
130 5.0 6.363 3.878
140 5.0 6.390 3.885
150 5.0 6.417 3.898
160 5.0 6.446 3.915
170 5.0 6.473 3.923
180 5.0 6.499 3.934
190 5.0 6.523 3.941
0 6.0 8.124 3.461
10 6.0 8.611 3.416
20 6.0 9.097 3.371
30 6.0 9.584 3.326
40 6.0 9.990 3.325
50 6.0 10.376 3.335
60 6.0 10.729 3.399
70 6.0 11.033 3.546
80 6.0 11.038 3.569
90 6.0 11.052 3.598
100 6.0 11.046 3.616
110 6.0 11.025 3.645
120 6.0 11.007 3.661
130 6.0 10.984 3.676
140 6.0 10.957 3.693
150 6.0 10.947 3.715
160 6.0 10.927 3.720
170 6.0 10.914 3.732
180 6.0 10.891 3.739
190 6.0 10.867 3.728
0 8.0 4.336 7.351
10 8.0 4.554 7.274
20 8.0 4.773 7.198
30 8.0 4.955 7.171
40 8.0 5.101 7.194
50 8.0 5.246 7.217
60 8.0 5.391 7.239
70 8.0 5.542 7.259
80 8.0 5.554 7.263
90 8.0 5.569 7.271
100 8.0 5.581 7.287
110 8.0 5.604 7.293
120 8.0 5.618 7.308
130 8.0 5.627 7.311
140 8.0 5.637 7.320
150 8.0 5.650 7.349
160 8.0 5.664 7.353
170 8.0 5.668 7.360
180 8.0 5.679 7.385
190 8.0 5.685 7.390
20 9.0 15.242 3.668
30 9.0 14.666 3.533
40 9.0 14.089 3.398
50 9.0 13.545 3.310
60 9.0 13.048 3.291
70 9.0 12.551 3.272
80 9.0 12.099 3.314
90 9.0 11.652 3.364
100 9.0 11.659 3.376
110 9.0 11.670 3.386
120 9.0 11.682 3.386
130 9.0 11.691 3.386
140 9.0 11.703 3.386
150 9.0 11.729 3.384
160 9.0 11.753 3.391
170 9.0 11.778 3.400
180 9.0 11.808 3.421
190 9.0 11.845 3.426
200 9.0 11.870 3.442
210 9.0 11.885 3.445
120 10.0 0.345 6.983
130 10.0 0.635 6.884
140 10.0 0.925 6.785
150 10.0 1.255 6.689
160 10.0 1.744 6.605
170 10.0 2.233 6.521
180 10.0 2.722 6.437
190 10.0 3.207 6.373
200 10.0 3.214 6.388
210 10.0 3.226 6.416
220 10.0 3.240 6.456
230 10.0 3.235 6.477
240 10.0 3.230 6.504
250 10.0 3.221 6.517
260 10.0 3.215 6.555
270 10.0 3.191 6.582
280 10.0 3.173 6.595
290 10.0 3.158 6.620
300 10.0 3.138 6.643
310 10.0 3.122 6.674
200 11.0 0.474 7.303
210 11.0 1.000 7.064
220 11.0 1.562 6.883
230 11.0 2.211 6.835
240 11.0 2.859 6.787
250 11.0 3.539 6.631
260 11.0 4.227 6.447
270 11.0 4.915 6.255
280 11.0 4.887 6.274
290 11.0 4.950 6.283
300 11.0 5.016 6.295
310 11.0 5.069 6.305
320 11.0 5.094 6.293
330 11.0 5.121 6.307
340 11.0 5.158 6.319
350 11.0 5.176 6.324
360 11.0 5.211 6.341
370 11.0 5.245 6.339
380 11.0 5.280 6.344
390 11.0 5.328 6.326
330 12.0 15.037 3.799
340 12.0 14.501 3.842
350 12.0 13.965 3.886
360 12.0 13.430 3.929
370 12.0 12.870 3.971
380 12.0 12.304 4.012
390 12.0 11.737 4.053
400 12.0 11.207 4.157
410 12.0 11.233 4.168
420 12.0 11.225 4.180
430 12.0 11.210 4.198
440 12.0 11.224 4.212
450 12.0 11.236 4.224
460 12.0 11.262 4.246
470 12.0 11.268 4.251
480 12.0 11.273 4.259
490 12.0 11.281 4.258
500 12.0 11.293 4.255
510 12.0 11.319 4.259
520 12.0 11.321 4.260
330 13.0 14.895 3.245
340 13.0 14.324 3.253
350 13.0 13.752 3.262
360 13.0 13.183 3.271
370 13.0 12.635 3.288
380 13.0 12.086 3.305
390 13.0 11.540 3.360
400 13.0 11.000 3.504
410 13.0 10.993 3.511
420 13.0 10.983 3.523
430 13.0 10.976 3.537
440 13.0 10.971 3.559
450 13.0 10.983 3.575
460 13.0 11.002 3.601
470 13.0 11.008 3.616
480 13.0 11.017 3.635
490 13.0 11.032 3.661
500 13.0 11.033 3.669
510 13.0 11.052 3.678
520 13.0 11.069 3.686
460 14.0 14.690 3.248
470 14.0 14.059 3.313
480 14.0 13.428 3.378
490 14.0 12.799 3.445
500 14.0 12.192 3.529
510 14.0 11.585 3.614
520 14.0 10.979 3.698
530 14.0 10.388 3.844
540 14.0 10.414 3.839
550 14.0 10.384 3.844
560 14.0 10.358 3.858
570 14.0 10.324 3.868
580 14.0 10.305 3.872
590 14.0 10.262 3.884
600 14.0 10.262 3.888
610 14.0 10.260 3.886
620 14.0 10.246 3.897
630 14.0 10.243 3.894
640 14.0 10.263 3.895
650 14.0 10.235 3.909
460 15.0 15.069 4.009
470 15.0 14.455 4.048
480 15.0 13.840 4.086
490 15.0 13.217 4.163
500 15.0 12.586 4.278
510 15.0 11.954 4.394
520 15.0 11.356 4.501
530 15.0 10.808 4.595
540 15.0 10.822 4.602
550 15.0 10.791 4.604
560 15.0 10.759 4.606
570 15.0 10.736 4.607
580 15.0 10.718 4.601
590 15.0 10.706 4.604
600 15.0 10.700 4.621
610 15.0 10.688 4.630
620 15.0 10.674 4.622
630 15.0 10.660 4.628
640 15.0 10.648 4.630
650 15.0 10.634 4.637
490 16.0 0.261 7.244
500 16.0 0.350 7.131
510 16.0 0.439 7.018
520 16.0 0.527 6.905
530 16.0 0.612 6.826
540 16.0 0.687 6.826
550 16.0 0.762 6.826
560 16.0 0.849 6.814
570 16.0 0.846 6.810
580 16.0 0.851 6.821
590 16.0 0.850 6.827
600 16.0 0.847 6.828
610 16.0 0.855 6.832
620 16.0 0.857 6.837
630 16.0 0.855 6.833
640 16.0 0.852 6.832
650 16.0 0.854 6.834
660 16.0 0.854 6.837
670 16.0 0.856 6.835
680 16.0 0.852 6.829
520 17.0 0.218 6.456
530 17.0 0.504 6.342
540 17.0 0.791 6.227
550 17.0 1.022 6.224
560 17.0 1.217 6.294
570 17.0 1.412 6.365
580 17.0 1.560 6.448
590 17.0 1.702 6.533
600 17.0 1.706 6.542
610 17.0 1.721 6.567
620 17.0 1.732 6.569
630 17.0 1.727 6.579
640 17.0 1.733 6.595
650 17.0 1.735 6.609
660 17.0 1.748 6.626
670 17.0 1.741 6.633
680 17.0 1.736 6.650
690 17.0 1.744 6.658
700 17.0 1.736 6.670
710 17.0 1.733 6.690
580 18.0 0.352 6.937
590 18.0 0.409 6.775
600 18.0 0.467 6.612
610 18.0 0.661 6.418
620 18.0 0.942 6.229
630 18.0 1.336 6.110
640 18.0 1.659 6.037
650 18.0 1.934 5.996
660 18.0 1.936 6.012
670 18.0 1.952 6.022
680 18.0 1.965 6.030
690 18.0 1.964 6.037
700 18.0 1.963 6.041
710 18.0 1.971 6.053
720 18.0 1.976 6.060
730 18.0 1.969 6.073
740 18.0 1.980 6.085
750 18.0 1.987 6.099
760 18.0 1.989 6.104
770 18.0 1.981 6.125
610 19.0 0.271 8.299
620 19.0 0.350 8.097
630 19.0 0.429 7.894
640 19.0 0.508 7.691
650 19.0 0.681 7.488
660 19.0 0.949 7.286
670 19.0 1.217 7.083
680 19.0 1.513 6.909
690 19.0 1.506 6.913
700 19.0 1.506 6.912
710 19.0 1.519 6.914
720 19.0 1.520 6.921
730 19.0 1.526 6.947
740 19.0 1.523 6.964
750 19.0 1.517 6.980
760 19.0 1.535 7.007
770 19.0 1.530 7.028
780 19.0 1.533 7.022
790 19.0 1.528 7.042
800 19.0 1.530 7.063
630 20.0 0.164 6.414
640 20.0 0.439 6.249
650 20.0 0.714 6.084
660 20.0 0.989 5.919
670 20.0 1.115 5.644
680 20.0 1.242 5.370
690 20.0 1.283 5.389
700 20.0 1.324 5.409
710 20.0 1.327 5.413
720 20.0 1.331 5.412
730 20.0 1.336 5.417
740 20.0 1.338 5.431
750 20.0 1.342 5.439
760 20.0 1.341 5.444
770 20.0 1.343 5.453
780 20.0 1.336 5.458
790 20.0 1.348 5.457
800 20.0 1.357 5.464
810 20.0 1.357 5.462
820 20.0 1.362 5.473
860 21.0 13.997 10.937
870 21.0 13.946 10.476
880 21.0 13.895 10.016
890 21.0 13.795 9.600
900 21.0 13.646 9.231
910 21.0 13.496 8.861
920 21.0 13.322 8.507
930 21.0 13.112 8.174
940 21.0 13.116 8.198
950 21.0 13.106 8.169
960 21.0 13.096 8.134
970 21.0 13.086 8.125
980 21.0 13.070 8.084
990 21.0 13.071 8.063
1000 21.0 13.076 8.038
1010 21.0 13.069 8.014
1020 21.0 13.042 7.977
1030 21.0 13.052 7.964
1040 21.0 13.029 7.915
1050 21.0 13.022 7.895
850 22.0 0.359 8.737
860 22.0 0.468 8.509
870 22.0 0.578 8.281
880 22.0 0.688 8.052
890 22.0 0.798 7.824
900 22.0 1.001 7.531
910 22.0 1.266 7.195
920 22.0 1.531 6.859
930 22.0 1.506 6.862
940 22.0 1.497 6.852
950 22.0 1.489 6.846
960 22.0 1.487 6.856
970 22.0 1.469 6.841
980 22.0 1.452 6.850
990 22.0 1.429 6.831
1000 22.0 1.408 6.830
1010 22.0 1.392 6.817
1020 22.0 1.377 6.815
1030 22.0 1.371 6.822
1040 22.0 1.364 6.816
1080 23.0 14.863 6.605
1090 23.0 14.400 6.471
1100 23.0 13.937 6.338
1110 23.0 13.410 6.309
1120 23.0 12.877 6.292
1130 23.0 12.352 6.263
1140 23.0 11.905 6.129
1150 23.0 11.457 5.995
1160 23.0 11.468 6.010
1170 23.0 11.468 6.007
1180 23.0 11.484 6.014
1190 23.0 11.504 6.020
1200 23.0 11.513 6.031
1210 23.0 11.528 6.043
1220 23.0 11.553 6.068
1230 23.0 11.573 6.083
1240 23.0 11.626 6.092
1250 23.0 11.653 6.112
1260 23.0 11.690 6.119
1270 23.0 11.710 6.135
1090 24.0 15.313 2.909
1100 24.0 14.756 2.916
1110 24.0 14.200 2.924
1120 24.0 13.643 2.932
1130 24.0 13.099 2.898
1140 24.0 12.567 2.822
1150 24.0 12.035 2.747
1160 24.0 11.504 2.672
1170 24.0 11.521 2.692
1180 24.0 11.513 2.703
1190 24.0 11.513 2.695
1200 24.0 11.509 2.695
1210 24.0 11.522 2.693
1220 24.0 11.523 2.698
1230 24.0 11.537 2.703
1240 24.0 11.555 2.704
1250 24.0 11.576 2.702
1260 24.0 11.596 2.699
1270 24.0 11.612 2.699
1280 24.0 11.641 2.714
1100 25.0 15.048 3.437
1110 25.0 14.438 3.461
1120 25.0 13.828 3.484
1130 25.0 13.217 3.508
1140 25.0 12.654 3.560
1150 25.0 12.091 3.611
1160 25.0 11.528 3.663
1170 25.0 10.980 3.709
1180 25.0 11.004 3.715
1190 25.0 10.994 3.731
1200 25.0 10.966 3.748
1210 25.0 10.953 3.761
1220 25.0 10.946 3.773
1230 25.0 10.942 3.788
1240 25.0 10.961 3.806
1250 25.0 10.970 3.834
1260 25.0 10.989 3.842
1270 25.0 10.999 3.855
1280 25.0 11.020 3.868
1290 25.0 11.025 3.879
1160 26.0 0.411 3.290
1170 26.0 1.010 3.437
1180 26.0 1.609 3.583
1190 26.0 2.171 3.787
1200 26.0 2.716 4.015
1210 26.0 3.294 4.206
1220 26.0 3.904 4.362
1230 26.0 4.480 4.540
1240 26.0 4.466 4.548
1250 26.0 4.498 4.587
1260 26.0 4.517 4.597
1270 26.0 4.530 4.626
1280 26.0 4.540 4.634
1290 26.0 4.542 4.657
1300 26.0 4.555 4.667
1310 26.0 4.564 4.693
1320 26.0 4.566 4.688
1330 26.0 4.592 4.702
1340 26.0 4.600 4.712
1350 26.0 4.605 4.733
1300 27.0 15.227 6.947
1310 27.0 14.676 6.822
1320 27.0 14.124 6.697
1330 27.0 13.560 6.562
1340 27.0 12.984 6.417
1350 27.0 12.392 6.273
1360 27.0 11.738 6.135
1370 27.0 11.092 6.022
1380 27.0 11.106 6.048
1390 27.0 11.081 6.058
1400 27.0 11.062 6.066
1410 27.0 11.052 6.083
1420 27.0 11.022 6.079
1430 27.0 11.010 6.095
1440 27.0 11.012 6.108
1450 27.0 10.994 6.126
1460 27.0 10.991 6.138
1470 27.0 10.982 6.152
1480 27.0 10.968 6.162
1490 27.0 10.969 6.179
1550 28.0 0.117 4.893
1560 28.0 0.631 4.884
1570 28.0 1.144 4.874
1580 28.0 1.650 4.856
1590 28.0 2.146 4.825
1600 28.0 2.642 4.795
1610 28.0 3.145 4.777
1620 28.0 3.665 4.790
1630 28.0 3.667 4.820
1640 28.0 3.673 4.855
1650 28.0 3.674 4.883
1660 28.0 3.670 4.908
1670 28.0 3.649 4.928
1680 28.0 3.634 4.949
1690 28.0 3.627 4.970
1700 28.0 3.604 4.990
1710 28.0 3.571 5.003
1720 28.0 3.539 5.012
1730 28.0 3.516 5.037
1740 28.0 3.487 5.042
1550 29.0 0.119 5.756
1560 29.0 0.612 5.715
1570 29.0 1.105 5.674
1580 29.0 1.598 5.633
1590 29.0 2.097 5.606
1600 29.0 2.606 5.600
1610 29.0 3.114 5.594
1620 29.0 3.622 5.589
1630 29.0 3.625 5.613
1640 29.0 3.630 5.627
1650 29.0 3.626 5.657
1660 29.0 3.614 5.691
1670 29.0 3.596 5.720
1680 29.0 3.553 5.725
1690 29.0 3.537 5.751
1700 29.0 3.524 5.780
1710 29.0 3.493 5.793
1720 29.0 3.474 5.811
1730 29.0 3.444 5.828
1740 29.0 3.423 5.847
1560 30.0 15.010 4.559
1570 30.0 14.343 4.549
1580 30.0 13.677 4.540
1590 30.0 13.036 4.568
1600 30.0 12.422 4.635
1610 30.0 11.807 4.702
1620 30.0 11.193 4.712
1630 30.0 10.579 4.721
1640 30.0 10.584 4.726
1650 30.0 10.560 4.724
1660 30.0 10.541 4.733
1670 30.0 10.510 4.744
1680 30.0 10.506 4.747
1690 30.0 10.486 4.750
1700 30.0 10.472 4.756
1710 30.0 10.463 4.762
1720 30.0 10.446 4.766
1730 30.0 10.428 4.763
1740 30.0 10.433 4.779
1750 30.0 10.392 4.790
1570 31.0 14.612 3.778
1580 31.0 13.943 3.854
1590 31.0 13.274 3.931
1600 31.0 12.623 3.962
1610 31.0 11.984 3.962
1620 31.0 11.345 3.962
1630 31.0 10.720 3.938
1640 31.0 10.096 3.911
1650 31.0 10.093 3.903
1660 31.0 10.075 3.910
1670 31.0 10.030 3.915
1680 31.0 10.000 3.911
1690 31.0 9.969 3.902
1700 31.0 9.955 3.915
1710 31.0 9.906 3.920
1720 31.0 9.865 3.925
1730 31.0 9.834 3.935
1740 31.0 9.803 3.943
1750 31.0 9.770 3.960
1760 31.0 9.773 3.954
1660 32.0 0.039 4.026
1670 32.0 0.540 4.051
1680 32.0 1.041 4.075
1690 32.0 1.541 4.100
1700 32.0 2.029 4.130
1710 32.0 2.513 4.162
1720 32.0 2.997 4.194
1730 32.0 3.374 4.373
1740 32.0 3.392 4.388
1750 32.0 3.400 4.405
1760 32.0 3.401 4.427
1770 32.0 3.389 4.432
1780 32.0 3.368 4.434
1790 32.0 3.346 4.431
1800 32.0 3.328 4.423
1810 32.0 3.298 4.413
1820 32.0 3.259 4.404
1830 32.0 3.245 4.410
1840 32.0 3.230 4.407
1850 32.0 3.202 4.406
1660 33.0 -0.016 4.842
1670 33.0 0.459 4.851
1680 33.0 0.935 4.860
1690 33.0 1.410 4.869
1700 33.0 1.899 4.903
1710 33.0 2.387 4.937
1720 33.0 2.866 4.997
1730 33.0 3.305 5.163
1740 33.0 3.316 5.169
1750 33.0 3.339 5.194
1760 33.0 3.338 5.221
1770 33.0 3.332 5.223
1780 33.0 3.316 5.230
1790 33.0 3.301 5.237
1800 33.0 3.280 5.232
1810 33.0 3.250 5.226
1820 33.0 3.224 5.222
1830 33.0 3.203 5.237
1840 33.0 3.176 5.243
1850 33.0 3.162 5.244
1820 34.0 0.208 7.031
1830 34.0 0.395 6.934
1840 34.0 0.582 6.836
1850 34.0 0.774 6.714
1860 34.0 0.973 6.555
1870 34.0 1.172 6.396
1880 34.0 1.370 6.237
1890 34.0 1.535 6.166
1900 34.0 1.544 6.162
1910 34.0 1.545 6.145
1920 34.0 1.558 6.151
1930 34.0 1.560 6.165
1940 34.0 1.573 6.164
1950 34.0 1.584 6.160
1960 34.0 1.587 6.173
1970 34.0 1.596 6.176
1980 34.0 1.594 6.190
1990 34.0 1.582 6.186
2000 34.0 1.587 6.186
2010 34.0 1.583 6.193
1850 35.0 0.168 5.767
1860 35.0 0.379 5.668
1870 35.0 0.589 5.570
1880 35.0 0.800 5.471
1890 35.0 1.010 5.372
1900 35.0 1.231 5.326
1910 35.0 1.463 5.334
1920 35.0 1.694 5.342
1930 35.0 1.687 5.353
1940 35.0 1.704 5.386
1950 35.0 1.721 5.395
1960 35.0 1.731 5.404
1970 35.0 1.732 5.420
1980 35.0 1.739 5.422
1990 35.0 1.746 5.449
2000 35.0 1.757 5.463
2010 35.0 1.757 5.478
2020 35.0 1.764 5.500
2030 35.0 1.769 5.522
2040 35.0 1.778 5.529
2030 36.0 0.410 5.267
2040 36.0 1.147 5.061
2050 36.0 1.865 4.881
2060 36.0 2.538 4.761
2070 36.0 3.213 4.651
2080 36.0 3.891 4.563
2090 36.0 4.569 4.474
2100 36.0 5.275 4.393
2110 36.0 5.264 4.402
2120 36.0 5.357 4.401
2130 36.0 5.410 4.394
2140 36.0 5.484 4.415
2150 36.0 5.574 4.429
2160 36.0 5.650 4.434
2170 36.0 5.696 4.439
2180 36.0 5.790 4.482
2190 36.0 5.833 4.488
2200 36.0 5.950 4.467
2210 36.0 6.073 4.473
2220 36.0 6.142 4.454
2080 37.0 14.714 4.725
2090 37.0 14.045 4.964
2100 37.0 13.445 5.151
2110 37.0 12.861 5.324
2120 37.0 12.272 5.498
2130 37.0 11.679 5.672
2140 37.0 11.086 5.812
2150 37.0 10.495 5.903
2160 37.0 10.499 5.903
2170 37.0 10.452 5.913
2180 37.0 10.413 5.916
2190 37.0 10.364 5.930
2200 37.0 10.326 5.949
2210 37.0 10.297 5.940
2220 37.0 10.268 5.941
2230 37.0 10.203 5.969
2240 37.0 10.160 5.987
2250 37.0 10.106 5.992
2260 37.0 10.061 6.008
2270 37.0 10.025 6.019
2520 38.0 14.971 4.481
2530 38.0 14.478 4.539
2540 38.0 13.984 4.596
2550 38.0 13.491 4.654
2560 38.0 12.928 4.678
2570 38.0 12.365 4.702
2580 38.0 11.802 4.725
2590 38.0 11.239 4.749
2600 38.0 11.253 4.773
2610 38.0 11.250 4.780
2620 38.0 11.255 4.792
2630 38.0 11.254 4.810
2640 38.0 11.255 4.821
2650 38.0 11.277 4.834
2660 38.0 11.287 4.853
2670 38.0 11.313 4.857
2680 38.0 11.326 4.871
2690 38.0 11.334 4.874
2700 38.0 11.349 4.883
2710 38.0 11.363 4.902
2530 39.0 14.721 5.039
2540 39.0 14.217 5.107
2550 39.0 13.713 5.176
2560 39.0 13.140 5.253
2570 39.0 12.521 5.338
2580 39.0 11.902 5.422
2590 39.0 11.303 5.497
2600 39.0 10.782 5.537
2610 39.0 10.808 5.543
2620 39.0 10.806 5.552
2630 39.0 10.785 5.557
2640 39.0 10.774 5.565
2650 39.0 10.774 5.551
2660 39.0 10.777 5.554
2670 39.0 10.789 5.554
2680 39.0 10.791 5.555
2690 39.0 10.810 5.556
2700 39.0 10.812 5.552
2710 39.0 10.836 5.548
2720 39.0 10.838 5.546
2870 40.0 15.036 3.836
2880 40.0 14.528 3.902
2890 40.0 14.020 3.967
2900 40.0 13.512 4.033
2910 40.0 13.053 4.099
2920 40.0 12.593 4.163
2930 40.0 12.134 4.229
2940 40.0 11.634 4.280
2950 40.0 11.647 4.290
2960 40.0 11.639 4.277
2970 40.0 11.640 4.277
2980 40.0 11.646 4.285
2990 40.0 11.647 4.295
3000 40.0 11.664 4.295
3010 40.0 11.683 4.301
3020 40.0 11.700 4.317
3030 40.0 11.723 4.314
3040 40.0 11.755 4.318
3050 40.0 11.773 4.319
3060 40.0 11.786 4.322
2880 41.0 15.024 4.255
2890 41.0 14.568 4.327
2900 41.0 14.112 4.399
2910 41.0 13.653 4.473
2920 41.0 13.173 4.570
2930 41.0 12.693 4.667
2940 41.0 12.213 4.763
2950 41.0 11.777 4.832
2960 41.0 11.788 4.831
2970 41.0 11.777 4.823
2980 41.0 11.785 4.820
2990 41.0 11.787 4.808
3000 41.0 11.795 4.810
3010 41.0 11.800 4.816
3020 41.0 11.818 4.816
3030 41.0 11.837 4.817
3040 41.0 11.852 4.816
3050 41.0 11.874 4.813
3060 41.0 11.879 4.800
3070 41.0 11.901 4.795
2930 42.0 -0.093 5.761
2940 42.0 0.455 5.737
2950 42.0 1.002 5.714
2960 42.0 1.549 5.690
2970 42.0 2.069 5.697
2980 42.0 2.570 5.725
2990 42.0 3.072 5.753
3000 42.0 3.568 5.777
3010 42.0 3.569 5.791
3020 42.0 3.591 5.825
3030 42.0 3.588 5.842
3040 42.0 3.575 5.861
3050 42.0 3.569 5.875
3060 42.0 3.571 5.902
3070 42.0 3.541 5.912
3080 42.0 3.531 5.929
3090 42.0 3.519 5.926
3100 42.0 3.501 5.936
3110 42.0 3.481 5.945
3120 42.0 3.466 5.952
3030 43.0 14.736 4.602
3040 43.0 14.061 4.651
3050 43.0 13.386 4.701
3060 43.0 12.733 4.686
3070 43.0 12.102 4.606
3080 43.0 11.470 4.527
3090 43.0 10.813 4.504
3100 43.0 10.129 4.538
3110 43.0 10.147 4.554
3120 43.0 10.126 4.539
3130 43.0 10.105 4.549
3140 43.0 10.073 4.560
3150 43.0 10.043 4.564
3160 43.0 10.023 4.558
3170 43.0 9.984 4.540
3180 43.0 9.933 4.541
3190 43.0 9.914 4.537
3200 43.0 9.873 4.537
3210 43.0 9.849 4.526
3220 43.0 9.764 4.510
3040 44.0 0.301 4.866
3050 44.0 0.782 4.840
3060 44.0 1.263 4.815
3070 44.0 1.756 4.782
3080 44.0 2.279 4.731
3090 44.0 2.802 4.681
3100 44.0 3.325 4.630
3110 44.0 3.864 4.574
3120 44.0 3.856 4.578
3130 44.0 3.868 4.587
3140 44.0 3.883 4.612
3150 44.0 3.889 4.639
3160 44.0 3.888 4.673
3170 44.0 3.873 4.697
3180 44.0 3.857 4.714
3190 44.0 3.840 4.735
3200 44.0 3.818 4.761
3210 44.0 3.792 4.787
3220 44.0 3.771 4.839
3230 44.0 3.749 4.855
3040 45.0 0.113 4.163
3050 45.0 0.669 4.061
3060 45.0 1.225 3.958
3070 45.0 1.774 3.864
3080 45.0 2.262 3.844
3090 45.0 2.749 3.823
3100 45.0 3.236 3.803
3110 45.0 3.751 3.762
3120 45.0 3.737 3.770
3130 45.0 3.760 3.802
3140 45.0 3.754 3.821
3150 45.0 3.736 3.828
3160 45.0 3.733 3.855
3170 45.0 3.716 3.864
3180 45.0 3.687 3.868
3190 45.0 3.664 3.883
3200 45.0 3.645 3.905
3210 45.0 3.619 3.916
3220 45.0 3.595 3.944
3230 45.0 3.572 3.955
3130 46.0 0.535 4.003
3140 46.0 1.084 4.045
3150 46.0 1.633 4.088
3160 46.0 2.158 4.146
3170 46.0 2.667 4.216
3180 46.0 3.176 4.285
3190 46.0 3.671 4.317
3200 46.0 4.151 4.311
3210 46.0 4.143 4.315
3220 46.0 4.166 4.343
3230 46.0 4.165 4.357
3240 46.0 4.154 4.378
3250 46.0 4.140 4.379
3260 46.0 4.112 4.380
3270 46.0 4.088 4.388
3280 46.0 4.079 4.393
3290 46.0 4.048 4.396
3300 46.0 4.034 4.395
3310 46.0 4.015 4.387
3320 46.0 4.011 4.401
3130 47.0 0.447 3.272
3140 47.0 0.881 3.337
3150 47.0 1.314 3.402
3160 47.0 1.754 3.461
3170 47.0 2.241 3.461
3180 47.0 2.729 3.461
3190 47.0 3.217 3.461
3200 47.0 3.704 3.461
3210 47.0 3.703 3.467
3220 47.0 3.708 3.481
3230 47.0 3.708 3.484
3240 47.0 3.690 3.493
3250 47.0 3.678 3.506
3260 47.0 3.657 3.507
3270 47.0 3.627 3.510
3280 47.0 3.612 3.533
3290 47.0 3.596 3.531
3300 47.0 3.570 3.546
3310 47.0 3.545 3.551
3320 47.0 3.516 3.558
3190 48.0 0.295 3.437
3200 48.0 0.798 3.394
3210 48.0 1.302 3.351
3220 48.0 1.797 3.316
3230 48.0 2.259 3.309
3240 48.0 2.721 3.303
3250 48.0 3.183 3.296
3260 48.0 3.661 3.286
3270 48.0 3.672 3.319
3280 48.0 3.674 3.348
3290 48.0 3.680 3.384
3300 48.0 3.678 3.406
3310 48.0 3.665 3.434
3320 48.0 3.642 3.448
3330 48.0 3.620 3.468
3340 48.0 3.617 3.488
3350 48.0 3.584 3.498
3360 48.0 3.542 3.496
3370 48.0 3.512 3.507
3380 48.0 3.490 3.510
3210 49.0 14.773 3.586
3220 49.0 14.206 3.687
3230 49.0 13.640 3.788
3240 49.0 13.067 3.912
3250 49.0 12.491 4.045
3260 49.0 11.915 4.179
3270 49.0 11.363 4.312
3280 49.0 10.867 4.447
3290 49.0 10.869 4.440
3300 49.0 10.838 4.437
3310 49.0 10.816 4.454
3320 49.0 10.811 4.445
3330 49.0 10.798 4.452
3340 49.0 10.795 4.447
3350 49.0 10.787 4.442
3360 49.0 10.787 4.446
3370 49.0 10.788 4.441
3380 49.0 10.796 4.437
3390 49.0 10.789 4.445
3400 49.0 10.799 4.434
3210 50.0 14.913 4.469
3220 50.0 14.338 4.621
3230 50.0 13.764 4.773
3240 50.0 13.242 4.844
3250 50.0 12.720 4.915
3260 50.0 12.206 4.999
3270 50.0 11.711 5.115
3280 50.0 11.216 5.231
3290 50.0 11.210 5.220
3300 50.0 11.203 5.231
3310 50.0 11.186 5.227
3320 50.0 11.177 5.225
3330 50.0 11.175 5.218
3340 50.0 11.175 5.213
3350 50.0 11.185 5.220
3360 50.0 11.189 5.212
3370 50.0 11.201 5.205
3380 50.0 11.218 5.211
3390 50.0 11.238 5.213
3400 50.0 11.253 5.202
3340 51.0 0.430 3.242
3350 51.0 1.030 3.233
3360 51.0 1.630 3.225
3370 51.0 2.174 3.196
3380 51.0 2.693 3.158
3390 51.0 3.213 3.121
3400 51.0 3.749 3.077
3410 51.0 4.300 3.025
3420 51.0 4.296 3.047
3430 51.0 4.304 3.078
3440 51.0 4.313 3.114
3450 51.0 4.318 3.142
3460 51.0 4.307 3.156
3470 51.0 4.304 3.194
3480 51.0 4.292 3.238
3490 51.0 4.268 3.253
3500 51.0 4.265 3.276
3510 51.0 4.252 3.297
3520 51.0 4.247 3.315
3530 51.0 4.224 3.327
3370 52.0 0.008 4.074
3380 52.0 0.566 4.032
3390 52.0 1.125 3.991
3400 52.0 1.682 3.946
3410 52.0 2.237 3.896
3420 52.0 2.792 3.845
3430 52.0 3.346 3.795
3440 52.0 3.941 3.759
3450 52.0 3.936 3.778
3460 52.0 3.958 3.798
3470 52.0 3.987 3.840
3480 52.0 3.973 3.858
3490 52.0 3.982 3.889
3500 52.0 3.971 3.920
3510 52.0 3.953 3.930
3520 52.0 3.937 3.960
3530 52.0 3.919 3.985
3540 52.0 3.892 4.001
3550 52.0 3.866 4.019
3560 52.0 3.850 4.047
3370 53.0 0.273 6.794
3380 53.0 0.761 6.689
3390 53.0 1.249 6.584
3400 53.0 1.794 6.556
3410 53.0 2.352 6.547
3420 53.0 2.902 6.533
3430 53.0 3.418 6.502
3440 53.0 3.934 6.471
3450 53.0 3.954 6.490
3460 53.0 3.968 6.516
3470 53.0 3.977 6.534
3480 53.0 3.971 6.551
3490 53.0 3.956 6.578
3500 53.0 3.929 6.607
3510 53.0 3.908 6.630
3520 53.0 3.881 6.652
3530 53.0 3.862 6.692
3540 53.0 3.842 6.711
3550 53.0 3.814 6.734
3560 53.0 3.778 6.753
3570 54.0 15.102 3.915
3580 54.0 14.833 4.030
3590 54.0 14.563 4.144
3600 54.0 14.356 4.256
3610 54.0 14.295 4.364
3620 54.0 14.234 4.472
3630 54.0 14.115 4.564
3640 54.0 13.764 4.594
3650 54.0 13.779 4.603
3660 54.0 13.774 4.587
3670 54.0 13.772 4.591
3680 54.0 13.770 4.591
3690 54.0 13.770 4.582
3700 54.0 13.771 4.571
3710 54.0 13.780 4.570
3720 54.0 13.778 4.554
3730 54.0 13.787 4.543
3740 54.0 13.785 4.540
3750 54.0 13.791 4.524
3760 54.0 13.794 4.516
3580 55.0 15.043 4.673
3590 55.0 14.950 4.505
3600 55.0 14.858 4.337
3610 55.0 14.765 4.168
3620 55.0 14.610 4.003
3630 55.0 14.208 3.851
3640 55.0 13.807 3.699
3650 55.0 13.268 3.737
3660 55.0 13.291 3.765
3670 55.0 13.297 3.772
3680 55.0 13.301 3.787
3690 55.0 13.309 3.810
3700 55.0 13.322 3.827
3710 55.0 13.328 3.838
3720 55.0 13.343 3.857
3730 55.0 13.352 3.880
3740 55.0 13.369 3.897
3750 55.0 13.376 3.905
3760 55.0 13.384 3.914
3770 55.0 13.401 3.941
3580 56.0 0.153 8.464
3590 56.0 0.296 8.127
3600 56.0 0.438 7.790
3610 56.0 0.581 7.453
3620 56.0 0.780 7.140
3630 56.0 1.209 6.919
3640 56.0 1.638 6.698
3650 56.0 2.086 6.538
3660 56.0 2.072 6.555
3670 56.0 2.085 6.562
3680 56.0 2.090 6.557
3690 56.0 2.093 6.569
3700 56.0 2.091 6.582
3710 56.0 2.082 6.574
3720 56.0 2.073 6.583
3730 56.0 2.074 6.586
3740 56.0 2.067 6.612
3750 56.0 2.067 6.629
3760 56.0 2.063 6.660
3770 56.0 2.058 6.680
3660 57.0 0.211 6.311
3670 57.0 0.639 5.941
3680 57.0 1.067 5.571
3690 57.0 1.519 5.237
3700 57.0 2.063 5.048
3710 57.0 2.606 4.859
3720 57.0 3.110 4.579
3730 57.0 3.604 4.276
3740 57.0 3.612 4.301
3750 57.0 3.651 4.320
3760 57.0 3.673 4.338
3770 57.0 3.685 4.363
3780 57.0 3.705 4.371
3790 57.0 3.723 4.394
3800 57.0 3.729 4.405
3810 57.0 3.745 4.441
3820 57.0 3.736 4.450
3830 57.0 3.750 4.489
3840 57.0 3.758 4.489
3850 57.0 3.755 4.494
3630 58.0 14.857 4.746
3640 58.0 14.474 4.930
3650 58.0 14.042 5.111
3660 58.0 13.495 5.283
3670 58.0 12.948 5.455
3680 58.0 12.441 5.551
3690 58.0 11.945 5.627
3700 58.0 11.449 5.704
3710 58.0 11.453 5.694
3720 58.0 11.435 5.692
3730 58.0 11.425 5.681
3740 58.0 11.421 5.663
3750 58.0 11.430 5.653
3760 58.0 11.433 5.640
3770 58.0 11.438 5.630
3780 58.0 11.450 5.637
3790 58.0 11.466 5.637
3800 58.0 11.466 5.636
3810 58.0 11.466 5.620
3820 58.0 11.468 5.610
3650 59.0 14.998 4.387
3660 59.0 14.490 4.584
3670 59.0 13.982 4.780
3680 59.0 13.475 4.977
3690 59.0 12.954 5.074
3700 59.0 12.428 5.128
3710 59.0 11.921 5.174
3720 59.0 11.432 5.212
3730 59.0 11.432 5.208
3740 59.0 11.411 5.181
3750 59.0 11.400 5.170
3760 59.0 11.389 5.165
3770 59.0 11.378 5.148
3780 59.0 11.379 5.136
3790 59.0 11.395 5.128
3800 59.0 11.391 5.114
3810 59.0 11.390 5.102
3820 59.0 11.391 5.095
3830 59.0 11.389 5.087
3840 59.0 11.397 5.090
3760 60.0 0.385 4.076
3770 60.0 0.837 4.049
3780 60.0 1.289 4.023
3790 60.0 1.735 4.009
3800 60.0 2.175 4.009
3810 60.0 2.615 4.009
3820 60.0 3.057 4.006
3830 60.0 3.505 3.991
3840 60.0 3.508 4.022
3850 60.0 3.515 4.049
3860 60.0 3.510 4.071
3870 60.0 3.496 4.096
3880 60.0 3.477 4.103
3890 60.0 3.459 4.116
3900 60.0 3.429 4.124
3910 60.0 3.396 4.132
3920 60.0 3.366 4.146
3930 60.0 3.336 4.174
3940 60.0 3.310 4.191
3950 60.0 3.290 4.202
3760 61.0 0.153 3.566
3770 61.0 0.625 3.533
3780 61.0 1.097 3.500
3790 61.0 1.568 3.467
3800 61.0 2.008 3.436
3810 61.0 2.440 3.404
3820 61.0 2.872 3.373
3830 61.0 3.304 3.341
3840 61.0 3.285 3.345
3850 61.0 3.304 3.375
3860 61.0 3.316 3.401
3870 61.0 3.315 3.436
3880 61.0 3.301 3.455
3890 61.0 3.281 3.477
3900 61.0 3.264 3.508
3910 61.0 3.241 3.533
3920 61.0 3.212 3.562
3930 61.0 3.183 3.569
3940 61.0 3.159 3.596
3950 61.0 3.119 3.604
3760 62.0 0.225 2.904
3770 62.0 0.668 2.930
3780 62.0 1.112 2.955
3790 62.0 1.555 2.981
3800 62.0 2.018 2.909
3810 62.0 2.482 2.827
3820 62.0 2.947 2.745
3830 62.0 3.405 2.745
3840 62.0 3.403 2.742
3850 62.0 3.417 2.770
3860 62.0 3.417 2.788
3870 62.0 3.399 2.805
3880 62.0 3.384 2.835
3890 62.0 3.368 2.864
3900 62.0 3.334 2.887
3910 62.0 3.311 2.906
3920 62.0 3.284 2.921
3930 62.0 3.262 2.943
3940 62.0 3.233 2.959
3950 62.0 3.212 2.965
4010 65.0 12.623 12.343
4020 65.0 12.710 12.011
4030 65.0 12.797 11.679
4040 65.0 12.885 11.347
4050 65.0 12.972 11.016
4060 65.0 13.004 10.734
4070 65.0 13.000 10.486
4080 65.0 12.996 10.237
4090 65.0 13.009 10.239
4100 65.0 13.018 10.227
4110 65.0 13.022 10.214
4120 65.0 13.030 10.224
4130 65.0 13.035 10.227
4140 65.0 13.044 10.229
4150 65.0 13.041 10.218
4160 65.0 13.054 10.225
4170 65.0 13.054 10.207
4180 65.0 13.060 10.197
4190 65.0 13.055 10.203
4200 65.0 13.058 10.209
4010 66.0 13.381 12.284
4020 66.0 13.396 12.068
4030 66.0 13.411 11.851
4040 66.0 13.425 11.635
4050 66.0 13.440 11.418
4060 66.0 13.471 11.166
4070 66.0 13.526 10.860
4080 66.0 13.580 10.554
4090 66.0 13.587 10.563
4100 66.0 13.595 10.547
4110 66.0 13.593 10.537
4120 66.0 13.605 10.530
4130 66.0 13.602 10.535
4140 66.0 13.602 10.529
4150 66.0 13.601 10.538
4160 66.0 13.609 10.542
4170 66.0 13.610 10.547
4180 66.0 13.627 10.562
4190 66.0 13.638 10.570
4200 66.0 13.636 10.568
4310 67.0 15.159 6.899
4320 67.0 14.719 6.813
4330 67.0 14.279 6.726
4340 67.0 13.839 6.639
4350 67.0 13.403 6.514
4360 67.0 12.974 6.333
4370 67.0 12.545 6.152
4380 67.0 12.070 6.050
4390 67.0 12.085 6.042
4400 67.0 12.087 6.042
4410 67.0 12.094 6.053
4420 67.0 12.114 6.068
4430 67.0 12.132 6.088
4440 67.0 12.141 6.100
4450 67.0 12.158 6.110
4460 67.0 12.176 6.134
4470 67.0 12.203 6.149
4480 67.0 12.227 6.164
4490 67.0 12.250 6.198
4500 67.0 12.282 6.217
4350 68.0 0.082 3.933
4360 68.0 0.522 3.985
4370 68.0 0.961 4.036
4380 68.0 1.403 4.047
4390 68.0 1.846 4.030
4400 68.0 2.290 4.013
4410 68.0 2.727 3.990
4420 68.0 3.162 3.965
4430 68.0 3.163 3.975
4440 68.0 3.168 3.985
4450 68.0 3.170 3.994
4460 68.0 3.162 4.018
4470 68.0 3.133 4.029
4480 68.0 3.101 4.035
4490 68.0 3.079 4.055
4500 68.0 3.039 4.057
4510 68.0 3.015 4.076
4520 68.0 2.987 4.089
4530 68.0 2.952 4.103
4540 68.0 2.921 4.111
4360 69.0 0.638 2.784
4370 69.0 1.410 2.816
4380 69.0 2.182 2.848
4390 69.0 2.924 2.887
4400 69.0 3.636 2.933
4410 69.0 4.349 2.979
4420 69.0 5.077 2.983
4430 69.0 5.807 2.983
4440 69.0 5.788 2.989
4450 69.0 5.861 3.017
4460 69.0 5.906 3.017
4470 69.0 5.967 3.029
4480 69.0 6.038 3.033
4490 69.0 6.120 3.058
4500 69.0 6.195 3.085
4510 69.0 6.230 3.079
4520 69.0 6.356 3.097
4530 69.0 6.456 3.108
4540 69.0 6.536 3.149
4550 69.0 6.668 3.187
4460 70.0 5.127 4.551
4470 70.0 5.572 4.537
4480 70.0 6.018 4.523
4490 70.0 6.460 4.511
4500 70.0 6.870 4.518
4510 70.0 7.279 4.524
4520 70.0 7.689 4.531
4530 70.0 8.085 4.546
4540 70.0 8.089 4.572
4550 70.0 8.092 4.595
4560 70.0 8.086 4.608
4570 70.0 8.067 4.628
4580 70.0 8.045 4.644
4590 70.0 8.021 4.661
4600 70.0 8.008 4.673
4610 70.0 7.980 4.683
4620 70.0 7.953 4.699
4630 70.0 7.924 4.723
4640 70.0 7.892 4.742
4650 70.0 7.871 4.751
4670 72.0 0.524 4.111
4680 72.0 1.109 4.171
4690 72.0 1.693 4.230
4700 72.0 2.278 4.290
4710 72.0 2.821 4.201
4720 72.0 3.359 4.096
4730 72.0 3.898 3.991
4740 72.0 4.438 3.955
4750 72.0 4.441 3.974
4760 72.0 4.470 4.007
4770 72.0 4.472 4.033
4780 72.0 4.485 4.056
4790 72.0 4.459 4.080
4800 72.0 4.465 4.108
4810 72.0 4.451 4.127
4820 72.0 4.424 4.142
4830 72.0 4.403 4.162
4840 72.0 4.382 4.168
4850 72.0 4.364 4.172
4860 72.0 4.347 4.186
4750 73.0 14.721 4.652
4760 73.0 14.107 4.600
4770 73.0 13.509 4.541
4780 73.0 12.969 4.453
4790 73.0 12.429 4.366
4800 73.0 11.882 4.321
4810 73.0 11.309 4.447
4820 73.0 10.736 4.573
4830 73.0 10.764 4.584
4840 73.0 10.745 4.595
4850 73.0 10.758 4.600
4860 73.0 10.743 4.606
4870 73.0 10.757 4.626
4880 73.0 10.762 4.631
4890 73.0 10.772 4.634
4900 73.0 10.776 4.631
4910 73.0 10.789 4.633
4920 73.0 10.804 4.642
4930 73.0 10.813 4.641
4940 73.0 10.826 4.662
4750 74.0 15.048 5.179
4760 74.0 14.502 5.209
4770 74.0 13.957 5.239
4780 74.0 13.411 5.268
4790 74.0 12.832 5.299
4800 74.0 12.245 5.331
4810 74.0 11.657 5.362
4820 74.0 11.070 5.394
4830 74.0 11.100 5.407
4840 74.0 11.090 5.407
4850 74.0 11.066 5.426
4860 74.0 11.082 5.436
4870 74.0 11.098 5.462
4880 74.0 11.106 5.477
4890 74.0 11.123 5.480
4900 74.0 11.134 5.496
4910 74.0 11.158 5.516
4920 74.0 11.173 5.519
4930 74.0 11.187 5.531
4940 74.0 11.209 5.540
4820 75.0 15.271 4.353
4830 75.0 14.556 4.449
4840 75.0 13.840 4.544
4850 75.0 13.130 4.644
4860 75.0 12.471 4.779
4870 75.0 11.811 4.914
4880 75.0 11.155 5.047
4890 75.0 10.530 5.159
4900 75.0 10.550 5.152
4910 75.0 10.518 5.153
4920 75.0 10.477 5.149
4930 75.0 10.408 5.157
4940 75.0 10.340 5.161
4950 75.0 10.318 5.179
4960 75.0 10.246 5.194
4970 75.0 10.196 5.203
4980 75.0 10.173 5.208
4990 75.0 10.114 5.216
5000 75.0 10.033 5.230
5010 75.0 9.959 5.237
5000 76.0 15.024 3.889
5010 76.0 14.634 3.896
5020 76.0 14.244 3.904
5030 76.0 13.854 3.910
5040 76.0 13.600 3.903
5050 76.0 13.482 3.880
5060 76.0 13.363 3.858
5070 76.0 13.236 3.842
5080 76.0 13.237 3.843
5090 76.0 13.249 3.835
5100 76.0 13.253 3.831
5110 76.0 13.260 3.829
5120 76.0 13.267 3.823
5130 76.0 13.279 3.834
5140 76.0 13.292 3.838
5150 76.0 13.302 3.842
5160 76.0 13.308 3.844
5170 76.0 13.325 3.845
5180 76.0 13.333 3.837
5190 76.0 13.347 3.838
5030 77.0 14.917 7.485
5040 77.0 14.587 7.163
5050 77.0 14.270 6.855
5060 77.0 14.059 6.665
5070 77.0 13.849 6.476
5080 77.0 13.645 6.292
5090 77.0 13.471 6.128
5100 77.0 13.297 5.964
5110 77.0 13.310 5.977
5120 77.0 13.312 5.980
5130 77.0 13.320 5.974
5140 77.0 13.333 5.993
5150 77.0 13.343 6.023
5160 77.0 13.367 6.034
5170 77.0 13.385 6.051
5180 77.0 13.405 6.075
5190 77.0 13.421 6.105
5200 77.0 13.439 6.138
5210 77.0 13.450 6.165
5220 77.0 13.461 6.188
5040 78.0 15.144 7.370
5050 78.0 14.905 7.023
5060 78.0 14.666 6.676
5070 78.0 14.432 6.345
5080 78.0 14.209 6.037
5090 78.0 13.984 5.729
5100 78.0 13.742 5.462
5110 78.0 13.456 5.291
5120 78.0 13.467 5.279
5130 78.0 13.463 5.256
5140 78.0 13.461 5.241
5150 78.0 13.468 5.231
5160 78.0 13.477 5.204
5170 78.0 13.485 5.191
5180 78.0 13.492 5.183
5190 78.0 13.500 5.181
5200 78.0 13.526 5.170
5210 78.0 13.529 5.171
5220 78.0 13.545 5.165
5230 78.0 13.547 5.158
5060 79.0 0.183 3.930
5070 79.0 0.671 4.007
5080 79.0 1.160 4.084
5090 79.0 1.643 4.150
5100 79.0 2.074 4.126
5110 79.0 2.506 4.103
5120 79.0 2.937 4.079
5130 79.0 3.372 4.050
5140 79.0 3.369 4.059
5150 79.0 3.370 4.065
5160 79.0 3.373 4.085
5170 79.0 3.362 4.104
5180 79.0 3.357 4.121
5190 79.0 3.332 4.140
5200 79.0 3.312 4.151
5210 79.0 3.282 4.158
5220 79.0 3.260 4.168
5230 79.0 3.247 4.174
5240 79.0 3.223 4.183
5250 79.0 3.196 4.199
5090 80.0 0.003 3.856
5100 80.0 0.522 3.941
5110 80.0 1.040 4.026
5120 80.0 1.559 4.112
5130 80.0 2.050 4.163
5140 80.0 2.535 4.207
5150 80.0 3.020 4.250
5160 80.0 3.500 4.278
5170 80.0 3.505 4.289
5180 80.0 3.517 4.301
5190 80.0 3.511 4.306
5200 80.0 3.511 4.312
5210 80.0 3.511 4.316
5220 80.0 3.488 4.311
5230 80.0 3.480 4.323
5240 80.0 3.456 4.315
5250 80.0 3.451 4.336
5260 80.0 3.448 4.333
5270 80.0 3.424 4.326
5280 80.0 3.411 4.329
5090 81.0 15.168 6.987
5100 81.0 14.839 6.927
5110 81.0 14.510 6.867
5120 81.0 14.181 6.808
5130 81.0 13.906 6.744
5140 81.0 13.683 6.676
5150 81.0 13.461 6.608
5160 81.0 13.238 6.539
5170 81.0 13.252 6.533
5180 81.0 13.270 6.538
5190 81.0 13.292 6.544
5200 81.0 13.299 6.540
5210 81.0 13.314 6.547
5220 81.0 13.333 6.556
5230 81.0 13.352 6.569
5240 81.0 13.368 6.580
5250 81.0 13.384 6.593
5260 81.0 13.382 6.592
5270 81.0 13.401 6.603
5280 81.0 13.415 6.614
5100 82.0 15.069 6.110
5110 82.0 14.817 6.126
5120 82.0 14.564 6.141
5130 82.0 14.312 6.157
5140 82.0 14.077 6.028
5150 82.0 13.843 5.898
5160 82.0 13.608 5.769
5170 82.0 13.289 5.630
5180 82.0 13.305 5.634
5190 82.0 13.318 5.636
5200 82.0 13.326 5.635
5210 82.0 13.337 5.641
5220 82.0 13.351 5.647
5230 82.0 13.366 5.648
5240 82.0 13.377 5.651
5250 82.0 13.399 5.665
5260 82.0 13.408 5.672
5270 82.0 13.419 5.679
5280 82.0 13.433 5.687
5290 82.0 13.444 5.694
5130 83.0 0.147 6.730
5140 83.0 0.491 6.452
5150 83.0 0.835 6.173
5160 83.0 1.179 5.895
5170 83.0 1.575 5.790
5180 83.0 1.971 5.684
5190 83.0 2.367 5.579
5200 83.0 2.806 5.443
5210 83.0 2.801 5.445
5220 83.0 2.812 5.464
5230 83.0 2.818 5.479
5240 83.0 2.825 5.498
5250 83.0 2.813 5.505
5260 83.0 2.802 5.545
5270 83.0 2.791 5.553
5280 83.0 2.784 5.576
5290 83.0 2.755 5.592
5300 83.0 2.739 5.614
5310 83.0 2.733 5.647
5320 83.0 2.711 5.653
5150 84.0 0.189 5.799
5160 84.0 0.649 5.587
5170 84.0 1.109 5.375
5180 84.0 1.557 5.212
5190 84.0 1.978 5.162
5200 84.0 2.399 5.113
5210 84.0 2.831 5.000
5220 84.0 3.279 4.793
5230 84.0 3.273 4.799
5240 84.0 3.276 4.783
5250 84.0 3.283 4.787
5260 84.0 3.281 4.801
5270 84.0 3.269 4.795
5280 84.0 3.257 4.809
5290 84.0 3.249 4.821
5300 84.0 3.235 4.837
5310 84.0 3.215 4.851
5320 84.0 3.200 4.877
5330 84.0 3.181 4.899
5340 84.0 3.160 4.921
5120 85.0 0.341 2.907
5130 85.0 0.687 2.899
5140 85.0 1.033 2.890
5150 85.0 1.164 2.893
5160 85.0 1.203 2.900
5170 85.0 1.241 2.908
5180 85.0 1.280 2.915
5190 85.0 1.319 2.922
5200 85.0 1.337 2.939
5210 85.0 1.356 2.949
5220 85.0 1.389 2.969
5230 85.0 1.414 2.995
5240 85.0 1.435 3.003
5250 85.0 1.446 2.985
5260 85.0 1.458 2.989
5270 85.0 1.479 2.999
5280 85.0 1.491 2.990
5290 85.0 1.506 2.986
5300 85.0 1.534 3.003
5310 85.0 1.555 3.004
5290 86.0 0.414 3.612
5300 86.0 0.948 3.629
5310 86.0 1.481 3.646
5320 86.0 1.957 3.616
5330 86.0 2.408 3.565
5340 86.0 2.859 3.513
5350 86.0 3.329 3.469
5360 86.0 3.801 3.426
5370 86.0 3.795 3.444
5380 86.0 3.807 3.448
5390 86.0 3.806 3.485
5400 86.0 3.816 3.518
5410 86.0 3.808 3.538
5420 86.0 3.801 3.566
5430 86.0 3.779 3.577
5440 86.0 3.756 3.606
5450 86.0 3.731 3.617
5460 86.0 3.711 3.635
5470 86.0 3.689 3.652
5480 86.0 3.664 3.659
5320 87.0 0.441 3.751
5330 87.0 0.943 3.758
5340 87.0 1.445 3.766
5350 87.0 1.944 3.762
5360 87.0 2.437 3.740
5370 87.0 2.931 3.717
5380 87.0 3.410 3.678
5390 87.0 3.830 3.574
5400 87.0 3.840 3.600
5410 87.0 3.847 3.622
5420 87.0 3.858 3.644
5430 87.0 3.845 3.676
5440 87.0 3.831 3.698
5450 87.0 3.813 3.719
5460 87.0 3.791 3.736
5470 87.0 3.763 3.752
5480 87.0 3.738 3.756
5490 87.0 3.697 3.756
5500 87.0 3.676 3.779
5510 87.0 3.649 3.803
5320 88.0 0.517 4.335
5330 88.0 1.087 4.366
5340 88.0 1.657 4.397
5350 88.0 2.184 4.399
5360 88.0 2.646 4.360
5370 88.0 3.108 4.320
5380 88.0 3.570 4.280
5390 88.0 3.986 4.147
5400 88.0 3.981 4.166
5410 88.0 4.000 4.189
5420 88.0 4.014 4.205
5430 88.0 4.014 4.229
5440 88.0 3.996 4.242
5450 88.0 3.974 4.277
5460 88.0 3.961 4.296
5470 88.0 3.944 4.308
5480 88.0 3.926 4.318
5490 88.0 3.885 4.334
5500 88.0 3.858 4.345
5510 88.0 3.826 4.352
5320 89.0 14.920 6.824
5330 89.0 14.385 6.694
5340 89.0 13.850 6.565
5350 89.0 13.277 6.400
5360 89.0 12.693 6.227
5370 89.0 12.116 6.093
5380 89.0 11.542 5.986
5390 89.0 10.969 5.879
5400 89.0 10.973 5.888
5410 89.0 10.956 5.895
5420 89.0 10.943 5.905
5430 89.0 10.939 5.918
5440 89.0 10.928 5.919
5450 89.0 10.933 5.936
5460 89.0 10.941 5.954
5470 89.0 10.947 5.980
5480 89.0 10.976 6.009
5490 89.0 11.012 6.032
5500 89.0 11.025 6.057
5510 89.0 11.039 6.075
5340 90.0 12.081 12.386
5350 90.0 12.070 12.148
5360 90.0 12.060 11.909
5370 90.0 12.050 11.670
5380 90.0 12.040 11.432
5390 90.0 12.036 11.288
5400 90.0 12.033 11.155
5410 90.0 12.031 11.022
5420 90.0 12.022 11.026
5430 90.0 12.013 11.020
5440 90.0 12.017 11.031
5450 90.0 12.020 11.039
5460 90.0 12.020 11.029
5470 90.0 12.016 11.020
5480 90.0 12.009 11.030
5490 90.0 11.999 11.042
5500 90.0 12.002 11.045
5510 90.0 11.999 11.038
5520 90.0 11.992 11.038
5530 90.0 11.976 11.027
5370 91.0 15.050 4.230
5380 91.0 14.624 4.291
5390 91.0 14.197 4.352
5400 91.0 13.771 4.413
5410 91.0 13.345 4.475
5420 91.0 12.865 4.562
5430 91.0 12.372 4.656
5440 91.0 11.879 4.751
5450 91.0 11.892 4.759
5460 91.0 11.895 4.765
5470 91.0 11.888 4.754
5480 91.0 11.895 4.757
5490 91.0 11.900 4.746
5500 91.0 11.921 4.752
5510 91.0 11.943 4.744
5520 91.0 11.945 4.736
5530 91.0 11.965 4.726
5540 91.0 11.969 4.721
5550 91.0 11.987 4.724
5560 91.0 12.009 4.719
5370 92.0 15.148 3.094
5380 92.0 14.676 3.202
5390 92.0 14.204 3.311
5400 92.0 13.732 3.419
5410 92.0 13.268 3.505
5420 92.0 12.817 3.556
5430 92.0 12.366 3.607
5440 92.0 11.915 3.658
5450 92.0 11.920 3.652
5460 92.0 11.933 3.649
5470 92.0 11.923 3.664
5480 92.0 11.923 3.669
5490 92.0 11.942 3.675
5500 92.0 11.951 3.680
5510 92.0 11.969 3.660
5520 92.0 11.979 3.654
5530 92.0 11.991 3.645
5540 92.0 12.010 3.639
5550 92.0 12.025 3.648
5560 92.0 12.049 3.636
5380 93.0 15.006 3.842
5390 93.0 14.564 3.834
5400 93.0 14.121 3.826
5410 93.0 13.680 3.831
5420 93.0 13.253 3.953
5430 93.0 12.826 4.076
5440 93.0 12.400 4.199
5450 93.0 11.975 4.291
5460 93.0 11.977 4.301
5470 93.0 11.982 4.304
5480 93.0 11.987 4.309
5490 93.0 12.003 4.304
5500 93.0 12.007 4.309
5510 93.0 12.011 4.308
5520 93.0 12.028 4.309
5530 93.0 12.042 4.301
5540 93.0 12.066 4.297
5550 93.0 12.075 4.292
5560 93.0 12.093 4.286
5570 93.0 12.110 4.282
5410 94.0 14.920 3.331
5420 94.0 14.476 3.467
5430 94.0 14.033 3.604
5440 94.0 13.604 3.736
5450 94.0 13.210 3.859
5460 94.0 12.817 3.983
5470 94.0 12.420 4.099
5480 94.0 12.011 4.188
5490 94.0 12.014 4.187
5500 94.0 12.018 4.176
5510 94.0 12.015 4.175
5520 94.0 12.016 4.161
5530 94.0 12.021 4.154
5540 94.0 12.027 4.148
5550 94.0 12.043 4.144
5560 94.0 12.065 4.136
5570 94.0 12.073 4.136
5580 94.0 12.085 4.132
5590 94.0 12.096 4.128
5600 94.0 12.119 4.123
5420 95.0 14.768 4.157
5430 95.0 14.334 4.262
5440 95.0 13.900 4.366
5450 95.0 13.477 4.465
5460 95.0 13.079 4.551
5470 95.0 12.682 4.637
5480 95.0 12.284 4.724
5490 95.0 11.882 4.820
5500 95.0 11.887 4.808
5510 95.0 11.890 4.810
5520 95.0 11.896 4.804
5530 95.0 11.890 4.794
5540 95.0 11.912 4.794
5550 95.0 11.930 4.789
5560 95.0 11.946 4.784
5570 95.0 11.962 4.783
5580 95.0 11.975 4.787
5590 95.0 11.993 4.799
5600 95.0 12.008 4.793
5610 95.0 12.016 4.794
5430 96.0 0.316 2.630
5440 96.0 0.846 2.653
5450 96.0 1.375 2.676
5460 96.0 1.904 2.697
5470 96.0 2.425 2.697
5480 96.0 2.947 2.697
5490 96.0 3.468 2.697
5500 96.0 3.989 2.697
5510 96.0 3.997 2.710
5520 96.0 4.014 2.720
5530 96.0 4.014 2.725
5540 96.0 4.009 2.738
5550 96.0 3.996 2.751
5560 96.0 3.988 2.767
5570 96.0 3.969 2.766
5580 96.0 3.954 2.765
5590 96.0 3.919 2.764
5600 96.0 3.893 2.773
5610 96.0 3.862 2.776
5620 96.0 3.831 2.772
5430 97.0 0.316 3.580
5440 97.0 0.807 3.553
5450 97.0 1.298 3.527
5460 97.0 1.789 3.500
5470 97.0 2.273 3.479
5480 97.0 2.747 3.466
5490 97.0 3.220 3.453
5500 97.0 3.694 3.439
5510 97.0 3.697 3.461
5520 97.0 3.707 3.488
5530 97.0 3.705 3.506
5540 97.0 3.689 3.518
5550 97.0 3.662 3.541
5560 97.0 3.640 3.563
5570 97.0 3.619 3.581
5580 97.0 3.591 3.585
5590 97.0 3.575 3.603
5600 97.0 3.554 3.622
5610 97.0 3.542 3.652
5620 97.0 3.498 3.653
5710 98.0 14.964 2.530
5720 98.0 14.486 2.631
5730 98.0 14.008 2.732
5740 98.0 13.529 2.834
5750 98.0 13.062 2.860
5760 98.0 12.600 2.855
5770 98.0 12.138 2.850
5780 98.0 11.676 2.845
5790 98.0 11.681 2.853
5800 98.0 11.680 2.869
5810 98.0 11.697 2.875
5820 98.0 11.719 2.896
5830 98.0 11.725 2.906
5840 98.0 11.753 2.913
5850 98.0 11.775 2.924
5860 98.0 11.802 2.922
5870 98.0 11.822 2.934
5880 98.0 11.845 2.944
5890 98.0 11.875 2.956
5900 98.0 11.893 2.964
5860 99.0 0.479 5.797
5870 99.0 0.888 5.790
5880 99.0 1.297 5.783
5890 99.0 1.706 5.776
5900 99.0 2.105 5.744
5910 99.0 2.503 5.710
5920 99.0 2.901 5.675
5930 99.0 3.299 5.640
5940 99.0 3.291 5.658
5950 99.0 3.311 5.678
5960 99.0 3.313 5.698
5970 99.0 3.296 5.717
5980 99.0 3.279 5.732
5990 99.0 3.266 5.758
6000 99.0 3.244 5.781
6010 99.0 3.214 5.798
6020 99.0 3.182 5.818
6030 99.0 3.160 5.846
6040 99.0 3.124 5.859
6050 99.0 3.089 5.876
5860 100.0 0.262 4.935
5870 100.0 0.623 4.911
5880 100.0 0.985 4.886
5890 100.0 1.346 4.862
5900 100.0 1.733 4.833
5910 100.0 2.178 4.795
5920 100.0 2.623 4.757
5930 100.0 3.068 4.719
5940 100.0 3.062 4.725
5950 100.0 3.061 4.743
5960 100.0 3.045 4.765
5970 100.0 3.040 4.787
5980 100.0 3.009 4.819
5990 100.0 2.985 4.840
6000 100.0 2.966 4.867
6010 100.0 2.942 4.889
6020 100.0 2.926 4.930
6030 100.0 2.897 4.946
6040 100.0 2.873 4.967
6050 100.0 2.847 4.984
5920 101.0 14.562 3.954
5930 101.0 13.843 3.939
5940 101.0 13.123 3.923
5950 101.0 12.416 3.866
5960 101.0 11.730 3.747
5970 101.0 11.043 3.628
5980 101.0 10.356 3.508
5990 101.0 9.645 3.433
6000 101.0 9.679 3.453
6010 101.0 9.610 3.452
6020 101.0 9.554 3.452
6030 101.0 9.480 3.471
6040 101.0 9.418 3.459
6050 101.0 9.328 3.456
6060 101.0 9.213 3.465
6070 101.0 9.076 3.500
6080 101.0 8.948 3.493
6090 101.0 8.824 3.463
6100 101.0 8.638 3.450
6110 101.0 8.475 3.429
5980 102.0 14.685 3.531
5990 102.0 13.875 3.625
6000 102.0 13.065 3.720
6010 102.0 12.281 3.785
6020 102.0 11.597 3.739
6030 102.0 10.913 3.693
6040 102.0 10.229 3.646
6050 102.0 9.537 3.642
6060 102.0 9.574 3.631
6070 102.0 9.523 3.615
6080 102.0 9.438 3.612
6090 102.0 9.340 3.596
6100 102.0 9.310 3.600
6110 102.0 9.157 3.586
6120 102.0 9.087 3.562
6130 102.0 9.031 3.539
6140 102.0 8.969 3.534
6150 102.0 8.835 3.523
6160 102.0 8.670 3.490
6170 102.0 8.472 3.481
6070 103.0 0.132 7.060
6080 103.0 0.500 6.864
6090 103.0 0.868 6.668
6100 103.0 1.250 6.468
6110 103.0 1.749 6.236
6120 103.0 2.248 6.005
6130 103.0 2.747 5.773
6140 103.0 3.246 5.654
6150 103.0 3.239 5.658
6160 103.0 3.265 5.691
6170 103.0 3.280 5.702
6180 103.0 3.287 5.725
6190 103.0 3.277 5.730
6200 103.0 3.265 5.755
6210 103.0 3.240 5.782
6220 103.0 3.243 5.817
6230 103.0 3.220 5.833
6240 103.0 3.212 5.850
6250 103.0 3.191 5.862
6260 103.0 3.170 5.887
6070 104.0 0.363 8.044
6080 104.0 0.730 7.796
6090 104.0 1.096 7.549
6100 104.0 1.477 7.317
6110 104.0 1.916 7.149
6120 104.0 2.356 6.980
6130 104.0 2.795 6.812
6140 104.0 3.279 6.687
6150 104.0 3.278 6.697
6160 104.0 3.283 6.710
6170 104.0 3.290 6.733
6180 104.0 3.295 6.743
6190 104.0 3.291 6.761
6200 104.0 3.272 6.796
6210 104.0 3.243 6.810
6220 104.0 3.228 6.834
6230 104.0 3.222 6.846
6240 104.0 3.202 6.861
6250 104.0 3.187 6.890
6260 104.0 3.186 6.909
6130 105.0 15.153 4.063
6140 105.0 14.522 4.155
6150 105.0 13.891 4.246
6160 105.0 13.262 4.316
6170 105.0 12.641 4.297
6180 105.0 12.021 4.278
6190 105.0 11.400 4.259
6200 105.0 10.772 4.242
6210 105.0 10.780 4.253
6220 105.0 10.770 4.256
6230 105.0 10.721 4.254
6240 105.0 10.700 4.263
6250 105.0 10.707 4.281
6260 105.0 10.667 4.299
6270 105.0 10.682 4.308
6280 105.0 10.667 4.308
6290 105.0 10.653 4.331
6300 105.0 10.643 4.346
6310 105.0 10.622 4.356
6320 105.0 10.618 4.366
6140 106.0 14.785 3.214
6150 106.0 14.125 3.254
6160 106.0 13.466 3.294
6170 106.0 12.817 3.324
6180 106.0 12.186 3.341
6190 106.0 11.555 3.357
6200 106.0 10.923 3.374
6210 106.0 10.293 3.390
6220 106.0 10.307 3.398
6230 106.0 10.290 3.402
6240 106.0 10.262 3.406
6250 106.0 10.231 3.443
6260 106.0 10.201 3.450
6270 106.0 10.162 3.460
6280 106.0 10.151 3.463
6290 106.0 10.143 3.476
6300 106.0 10.132 3.498
6310 106.0 10.115 3.515
6320 106.0 10.091 3.531
6330 106.0 10.062 3.545
6280 107.0 0.142 2.481
6290 107.0 0.721 2.466
6300 107.0 1.300 2.451
6310 107.0 1.878 2.436
6320 107.0 2.412 2.452
6330 107.0 2.940 2.471
6340 107.0 3.468 2.491
6350 107.0 3.997 2.510
6360 107.0 3.987 2.528
6370 107.0 4.001 2.545
6380 107.0 4.014 2.564
6390 107.0 4.002 2.573
6400 107.0 3.995 2.585
6410 107.0 3.984 2.599
6420 107.0 3.962 2.603
6430 107.0 3.939 2.612
6440 107.0 3.914 2.622
6450 107.0 3.895 2.634
6460 107.0 3.878 2.655
6470 107.0 3.859 2.652
6290 108.0 0.223 3.078
6300 108.0 0.766 3.070
6310 108.0 1.309 3.062
6320 108.0 1.852 3.055
6330 108.0 2.406 3.089
6340 108.0 2.960 3.123
6350 108.0 3.514 3.157
6360 108.0 4.069 3.191
6370 108.0 4.064 3.211
6380 108.0 4.078 3.231
6390 108.0 4.082 3.250
6400 108.0 4.085 3.270
6410 108.0 4.085 3.286
6420 108.0 4.072 3.292
6430 108.0 4.061 3.300
6440 108.0 4.040 3.319
6450 108.0 4.028 3.309
6460 108.0 4.003 3.310
6470 108.0 3.974 3.310
6480 108.0 3.950 3.315
6400 109.0 0.448 3.413
6410 109.0 0.937 3.413
6420 109.0 1.426 3.413
6430 109.0 1.920 3.417
6440 109.0 2.425 3.431
6450 109.0 2.931 3.445
6460 109.0 3.436 3.459
6470 109.0 3.942 3.473
6480 109.0 3.929 3.480
6490 109.0 3.938 3.494
6500 109.0 3.931 3.504
6510 109.0 3.909 3.526
6520 109.0 3.896 3.532
6530 109.0 3.893 3.550
6540 109.0 3.873 3.577
6550 109.0 3.862 3.593
6560 109.0 3.834 3.599
6570 109.0 3.816 3.620
6580 109.0 3.801 3.628
6590 109.0 3.772 3.634
6400 110.0 0.399 2.562
6410 110.0 0.919 2.606
6420 110.0 1.440 2.650
6430 110.0 1.961 2.694
6440 110.0 2.475 2.724
6450 110.0 2.981 2.734
6460 110.0 3.487 2.743
6470 110.0 3.993 2.752
6480 110.0 4.001 2.767
6490 110.0 4.026 2.782
6500 110.0 4.026 2.804
6510 110.0 4.026 2.808
6520 110.0 4.026 2.820
6530 110.0 4.009 2.821
6540 110.0 3.999 2.832
6550 110.0 3.988 2.836
6560 110.0 3.970 2.846
6570 110.0 3.967 2.856
6580 110.0 3.942 2.867
6590 110.0 3.921 2.875
6480 111.0 14.943 5.274
6490 111.0 14.486 5.414
6500 111.0 14.029 5.554
6510 111.0 13.577 5.682
6520 111.0 13.176 5.705
6530 111.0 12.775 5.727
6540 111.0 12.373 5.750
6550 111.0 12.144 5.731
6560 111.0 12.142 5.734
6570 111.0 12.153 5.726
6580 111.0 12.164 5.730
6590 111.0 12.180 5.728
6600 111.0 12.202 5.718
6610 111.0 12.225 5.707
6620 111.0 12.241 5.696
6630 111.0 12.253 5.694
6640 111.0 12.276 5.694
6650 111.0 12.297 5.701
6660 111.0 12.328 5.694
6670 111.0 12.344 5.685
6510 112.0 14.877 4.441
6520 112.0 14.449 4.624
6530 112.0 14.021 4.807
6540 112.0 13.558 4.905
6550 112.0 13.041 4.876
6560 112.0 12.525 4.847
6570 112.0 12.013 4.817
6580 112.0 11.549 4.781
6590 112.0 11.559 4.797
6600 112.0 11.566 4.800
6610 112.0 11.564 4.799
6620 112.0 11.578 4.808
6630 112.0 11.602 4.808
6640 112.0 11.618 4.826
6650 112.0 11.638 4.842
6660 112.0 11.655 4.847
6670 112.0 11.676 4.852
6680 112.0 11.701 4.857
6690 112.0 11.718 4.860
6700 112.0 11.742 4.870
6520 113.0 15.009 5.192
6530 113.0 14.615 5.323
6540 113.0 14.221 5.454
6550 113.0 13.828 5.585
6560 113.0 13.386 5.569
6570 113.0 12.944 5.553
6580 113.0 12.502 5.537
6590 113.0 11.968 5.494
6600 113.0 11.981 5.506
6610 113.0 11.986 5.513
6620 113.0 11.997 5.513
6630 113.0 12.008 5.514
6640 113.0 12.032 5.520
6650 113.0 12.064 5.521
6660 113.0 12.085 5.522
6670 113.0 12.109 5.525
6680 113.0 12.143 5.537
6690 113.0 12.160 5.533
6700 113.0 12.189 5.541
6710 113.0 12.208 5.540
6530 114.0 0.316 6.229
6540 114.0 0.751 6.180
6550 114.0 1.187 6.130
6560 114.0 1.624 6.082
6570 114.0 2.079 6.050
6580 114.0 2.534 6.018
6590 114.0 2.989 5.986
6600 114.0 3.445 5.966
6610 114.0 3.452 5.977
6620 114.0 3.456 6.006
6630 114.0 3.457 6.042
6640 114.0 3.458 6.059
6650 114.0 3.442 6.086
6660 114.0 3.418 6.105
6670 114.0 3.410 6.120
6680 114.0 3.385 6.140
6690 114.0 3.374 6.169
6700 114.0 3.345 6.182
6710 114.0 3.331 6.206
6720 114.0 3.313 6.227
6530 115.0 0.210 6.945
6540 115.0 0.760 6.924
6550 115.0 1.308 6.903
6560 115.0 1.827 6.864
6570 115.0 2.332 6.816
6580 115.0 2.837 6.768
6590 115.0 3.293 6.749
6600 115.0 3.726 6.741
6610 115.0 3.728 6.748
6620 115.0 3.739 6.769
6630 115.0 3.735 6.789
6640 115.0 3.705 6.803
6650 115.0 3.695 6.823
6660 115.0 3.680 6.858
6670 115.0 3.661 6.881
6680 115.0 3.622 6.891
6690 115.0 3.610 6.905
6700 115.0 3.583 6.930
6710 115.0 3.556 6.943
6720 115.0 3.529 6.954
6530 116.0 0.274 3.675
6540 116.0 0.695 3.729
6550 116.0 1.115 3.783
6560 116.0 1.536 3.836
6570 116.0 1.957 3.890
6580 116.0 2.384 3.965
6590 116.0 2.811 4.040
6600 116.0 3.238 4.115
6610 116.0 3.248 4.133
6620 116.0 3.247 4.138
6630 116.0 3.239 4.153
6640 116.0 3.237 4.157
6650 116.0 3.228 4.161
6660 116.0 3.219 4.167
6670 116.0 3.193 4.179
6680 116.0 3.173 4.182
6690 116.0 3.154 4.177
6700 116.0 3.133 4.183
6710 116.0 3.121 4.186
6720 116.0 3.112 4.195
6600 117.0 0.527 4.677
6610 117.0 0.953 4.671
6620 117.0 1.379 4.665
6630 117.0 1.805 4.659
6640 117.0 2.234 4.649
6650 117.0 2.687 4.600
6660 117.0 3.141 4.551
6670 117.0 3.594 4.502
6680 117.0 3.589 4.517
6690 117.0 3.601 4.539
6700 117.0 3.588 4.561
6710 117.0 3.574 4.585
6720 117.0 3.560 4.603
6730 117.0 3.542 4.626
6740 117.0 3.522 4.648
6750 117.0 3.499 4.679
6760 117.0 3.484 4.691
6770 117.0 3.471 4.708
6780 117.0 3.449 4.731
6790 117.0 3.428 4.741
6610 118.0 0.556 3.836
6620 118.0 0.996 3.871
6630 118.0 1.436 3.906
6640 118.0 1.878 3.933
6650 118.0 2.345 3.887
6660 118.0 2.812 3.840
6670 118.0 3.279 3.793
6680 118.0 3.746 3.747
6690 118.0 3.749 3.765
6700 118.0 3.751 3.783
6710 118.0 3.760 3.813
6720 118.0 3.749 3.837
6730 118.0 3.725 3.859
6740 118.0 3.710 3.888
6750 118.0 3.683 3.902
6760 118.0 3.661 3.915
6770 118.0 3.640 3.935
6780 118.0 3.614 3.946
6790 118.0 3.588 3.970
6800 118.0 3.558 3.973
6770 119.0 14.987 3.722
6780 119.0 14.372 3.713
6790 119.0 13.758 3.703
6800 119.0 13.162 3.536
6810 119.0 12.578 3.265
6820 119.0 12.021 3.051
6830 119.0 11.505 2.920
6840 119.0 10.971 2.808
6850 119.0 10.987 2.817
6860 119.0 10.967 2.810
6870 119.0 10.959 2.825
6880 119.0 10.956 2.833
6890 119.0 10.940 2.846
6900 119.0 10.948 2.860
6910 119.0 10.950 2.872
6920 119.0 10.964 2.893
6930 119.0 10.972 2.907
6940 119.0 10.982 2.936
6950 119.0 10.974 2.966
6960 119.0 10.986 2.983
6810 120.0 0.708 3.954
6820 120.0 0.965 4.006
6830 120.0 1.221 4.058
6840 120.0 1.496 4.106
6850 120.0 1.930 4.113
6860 120.0 2.365 4.121
6870 120.0 2.799 4.129
6880 120.0 3.220 4.141
6890 120.0 3.220 4.152
6900 120.0 3.216 4.173
6910 120.0 3.206 4.168
6920 120.0 3.201 4.187
6930 120.0 3.184 4.202
6940 120.0 3.160 4.206
6950 120.0 3.147 4.216
6960 120.0 3.125 4.206
6970 120.0 3.112 4.220
6980 120.0 3.094 4.223
6990 120.0 3.083 4.232
7000 120.0 3.059 4.243
6810 121.0 0.160 3.225
6820 121.0 0.548 3.217
6830 121.0 0.937 3.210
6840 121.0 1.325 3.203
6850 121.0 1.762 3.196
6860 121.0 2.275 3.189
6870 121.0 2.788 3.183
6880 121.0 3.301 3.177
6890 121.0 3.301 3.201
6900 121.0 3.303 3.231
6910 121.0 3.307 3.251
6920 121.0 3.298 3.267
6930 121.0 3.279 3.287
6940 121.0 3.261 3.298
6950 121.0 3.239 3.308
6960 121.0 3.209 3.321
6970 121.0 3.189 3.343
6980 121.0 3.164 3.350
6990 121.0 3.126 3.354
7000 121.0 3.100 3.371
6980 122.0 0.232 3.174
6990 122.0 0.737 3.346
7000 122.0 1.242 3.518
7010 122.0 1.743 3.671
7020 122.0 2.241 3.807
7030 122.0 2.740 3.942
7040 122.0 3.241 4.049
7050 122.0 3.744 4.129
7060 122.0 3.737 4.133
7070 122.0 3.765 4.158
7080 122.0 3.769 4.150
7090 122.0 3.778 4.157
7100 122.0 3.771 4.151
7110 122.0 3.744 4.131
7120 122.0 3.721 4.126
7130 122.0 3.710 4.122
7140 122.0 3.681 4.115
7150 122.0 3.677 4.102
7160 122.0 3.647 4.110
7170 122.0 3.625 4.101
6980 123.0 -0.050 4.267
6990 123.0 0.496 4.399
7000 123.0 1.041 4.532
7010 123.0 1.587 4.664
7020 123.0 2.103 4.749
7030 123.0 2.615 4.829
7040 123.0 3.127 4.909
7050 123.0 3.660 4.984
7060 123.0 3.664 4.994
7070 123.0 3.686 5.005
7080 123.0 3.704 5.021
7090 123.0 3.720 5.024
7100 123.0 3.725 5.031
7110 123.0 3.714 5.032
7120 123.0 3.700 5.014
7130 123.0 3.698 5.019
7140 123.0 3.687 5.005
7150 123.0 3.669 5.005
7160 123.0 3.668 5.008
7170 123.0 3.653 4.997
7010 124.0 0.404 3.908
7020 124.0 0.908 3.965
7030 124.0 1.411 4.023
7040 124.0 1.915 4.081
7050 124.0 2.422 4.204
7060 124.0 2.930 4.326
7070 124.0 3.437 4.448
7080 124.0 3.949 4.566
7090 124.0 3.949 4.588
7100 124.0 3.959 4.599
7110 124.0 3.957 4.607
7120 124.0 3.946 4.608
7130 124.0 3.935 4.600
7140 124.0 3.922 4.591
7150 124.0 3.906 4.599
7160 124.0 3.904 4.594
7170 124.0 3.891 4.593
7180 124.0 3.870 4.600
7190 124.0 3.852 4.598
7200 124.0 3.832 4.589
7010 125.0 0.149 3.286
7020 125.0 0.705 3.311
7030 125.0 1.261 3.337
7040 125.0 1.818 3.362
7050 125.0 2.347 3.477
7060 125.0 2.873 3.602
7070 125.0 3.399 3.727
7080 125.0 3.925 3.852
7090 125.0 3.920 3.853
7100 125.0 3.946 3.873
7110 125.0 3.971 3.903
7120 125.0 3.981 3.920
7130 125.0 3.986 3.919
7140 125.0 3.970 3.928
7150 125.0 3.968 3.923
7160 125.0 3.959 3.928
7170 125.0 3.939 3.910
7180 125.0 3.925 3.905
7190 125.0 3.917 3.903
7200 125.0 3.919 3.915
7300 126.0 14.989 5.582
7310 126.0 14.695 5.590
7320 126.0 14.400 5.598
7330 126.0 14.105 5.606
7340 126.0 13.802 5.609
7350 126.0 13.495 5.609
7360 126.0 13.188 5.609
7370 126.0 12.880 5.609
7380 126.0 12.899 5.598
7390 126.0 12.912 5.595
7400 126.0 12.927 5.590
7410 126.0 12.946 5.593
7420 126.0 12.967 5.591
7430 126.0 12.996 5.581
7440 126.0 13.013 5.574
7450 126.0 13.037 5.576
7460 126.0 13.052 5.575
7470 126.0 13.067 5.575
7480 126.0 13.073 5.571
7490 126.0 13.105 5.578
7330 127.0 14.770 3.062
7340 127.0 14.326 3.214
7350 127.0 13.881 3.367
7360 127.0 13.437 3.519
7370 127.0 12.994 3.554
7380 127.0 12.551 3.511
7390 127.0 12.109 3.468
7400 127.0 11.666 3.426
7410 127.0 11.679 3.430
7420 127.0 11.678 3.434
7430 127.0 11.683 3.425
7440 127.0 11.701 3.433
7450 127.0 11.727 3.444
7460 127.0 11.741 3.439
7470 127.0 11.751 3.445
7480 127.0 11.773 3.454
7490 127.0 11.798 3.457
7500 127.0 11.822 3.462
7510 127.0 11.843 3.458
7520 127.0 11.865 3.449
7340 128.0 14.671 4.590
7350 128.0 14.306 4.551
7360 128.0 13.941 4.511
7370 128.0 13.548 4.480
7380 128.0 13.112 4.462
7390 128.0 12.675 4.445
7400 128.0 12.239 4.427
7410 128.0 11.804 4.403
7420 128.0 11.826 4.407
7430 128.0 11.839 4.415
7440 128.0 11.856 4.416
7450 128.0 11.880 4.423
7460 128.0 11.905 4.431
7470 128.0 11.940 4.437
7480 128.0 11.973 4.437
7490 128.0 12.006 4.446
7500 128.0 12.040 4.458
7510 128.0 12.073 4.466
7520 128.0 12.110 4.478
7530 128.0 12.142 4.491
7330 129.0 14.998 5.396
7340 129.0 14.651 5.331
7350 129.0 14.304 5.267
7360 129.0 13.957 5.202
7370 129.0 13.610 5.138
7380 129.0 13.157 5.131
7390 129.0 12.691 5.131
7400 129.0 12.227 5.131
7410 129.0 12.244 5.139
7420 129.0 12.265 5.149
7430 129.0 12.279 5.159
7440 129.0 12.304 5.168
7450 129.0 12.333 5.173
7460 129.0 12.363 5.188
7470 129.0 12.378 5.199
7480 129.0 12.423 5.206
7490 129.0 12.464 5.212
7500 129.0 12.498 5.222
7510 129.0 12.526 5.236
7520 129.0 12.559 5.248
7360 130.0 14.922 4.177
7370 130.0 14.444 4.009
7380 130.0 13.966 3.841
7390 130.0 13.488 3.673
7400 130.0 12.996 3.528
7410 130.0 12.470 3.435
7420 130.0 11.944 3.343
7430 130.0 11.418 3.250
7440 130.0 11.421 3.249
7450 130.0 11.424 3.252
7460 130.0 11.441 3.256
7470 130.0 11.444 3.262
7480 130.0 11.448 3.283
7490 130.0 11.457 3.289
7500 130.0 11.481 3.309
7510 130.0 11.499 3.325
7520 130.0 11.524 3.344
7530 130.0 11.540 3.367
7540 130.0 11.562 3.394
7550 130.0 11.596 3.403
7500 131.0 15.006 4.224
7510 131.0 14.480 4.296
7520 131.0 13.954 4.367
7530 131.0 13.428 4.439
7540 131.0 12.852 4.474
7550 131.0 12.276 4.509
7560 131.0 11.701 4.544
7570 131.0 11.186 4.582
7580 131.0 11.195 4.595
7590 131.0 11.187 4.603
7600 131.0 11.184 4.619
7610 131.0 11.189 4.631
7620 131.0 11.186 4.632
7630 131.0 11.193 4.639
7640 131.0 11.202 4.642
7650 131.0 11.219 4.645
7660 131.0 11.226 4.660
7670 131.0 11.257 4.675
7680 131.0 11.282 4.687
7690 131.0 11.296 4.697
7630 132.0 0.081 3.313
7640 132.0 0.583 3.327
7650 132.0 1.084 3.341
7660 132.0 1.585 3.355
7670 132.0 2.103 3.374
7680 132.0 2.659 3.402
7690 132.0 3.214 3.431
7700 132.0 3.770 3.460
7710 132.0 3.770 3.470
7720 132.0 3.798 3.497
7730 132.0 3.794 3.496
7740 132.0 3.786 3.514
7750 132.0 3.778 3.516
7760 132.0 3.753 3.539
7770 132.0 3.725 3.552
7780 132.0 3.707 3.551
7790 132.0 3.697 3.561
7800 132.0 3.680 3.567
7810 132.0 3.664 3.587
7820 132.0 3.652 3.589
7670 133.0 15.131 4.621
7680 133.0 14.644 4.651
7690 133.0 14.158 4.681
7700 133.0 13.671 4.710
7710 133.0 13.181 4.691
7720 133.0 12.688 4.623
7730 133.0 12.195 4.555
7740 133.0 11.702 4.487
7750 133.0 11.717 4.495
7760 133.0 11.722 4.493
7770 133.0 11.736 4.489
7780 133.0 11.740 4.482
7790 133.0 11.757 4.486
7800 133.0 11.780 4.498
7810 133.0 11.799 4.504
7820 133.0 11.831 4.504
7830 133.0 11.866 4.511
7840 133.0 11.897 4.531
7850 133.0 11.919 4.537
7860 133.0 11.948 4.543
7700 134.0 14.932 3.519
7710 134.0 14.354 3.571
7720 134.0 13.775 3.623
7730 134.0 13.196 3.675
7740 134.0 12.713 3.731
7750 134.0 12.231 3.788
7760 134.0 11.748 3.844
7770 134.0 11.235 3.894
7780 134.0 11.252 3.910
7790 134.0 11.246 3.922
7800 134.0 11.241 3.947
7810 134.0 11.251 3.956
7820 134.0 11.261 3.959
7830 134.0 11.271 3.969
7840 134.0 11.291 3.972
7850 134.0 11.312 3.979
7860 134.0 11.339 3.981
7870 134.0 11.372 3.989
7880 134.0 11.400 3.998
7890 134.0 11.412 4.008
7760 135.0 0.141 2.857
7770 135.0 0.489 2.893
7780 135.0 0.837 2.930
7790 135.0 1.185 2.967
7800 135.0 1.533 3.004
7810 135.0 1.881 3.040
7820 135.0 2.273 3.062
7830 135.0 2.694 3.073
7840 135.0 2.701 3.096
7850 135.0 2.707 3.116
7860 135.0 2.714 3.136
7870 135.0 2.710 3.148
7880 135.0 2.698 3.151
7890 135.0 2.680 3.151
7900 135.0 2.655 3.170
7910 135.0 2.637 3.167
7920 135.0 2.625 3.176
7930 135.0 2.603 3.185
7940 135.0 2.588 3.195
7950 135.0 2.572 3.211
7770 136.0 -0.049 3.810
7780 136.0 0.390 3.831
7790 136.0 0.829 3.851
7800 136.0 1.268 3.872
7810 136.0 1.704 3.891
7820 136.0 2.111 3.901
7830 136.0 2.519 3.911
7840 136.0 2.927 3.921
7850 136.0 2.916 3.926
7860 136.0 2.920 3.952
7870 136.0 2.896 3.953
7880 136.0 2.888 3.956
7890 136.0 2.864 3.983
7900 136.0 2.849 4.000
7910 136.0 2.833 4.010
7920 136.0 2.804 4.017
7930 136.0 2.784 4.041
7940 136.0 2.768 4.059
7950 136.0 2.744 4.066
7960 136.0 2.724 4.089
8360 139.0 0.245 3.588
8370 139.0 0.796 3.672
8380 139.0 1.348 3.756
8390 139.0 1.900 3.840
8400 139.0 2.447 3.897
8410 139.0 2.989 3.914
8420 139.0 3.530 3.931
8430 139.0 4.071 3.948
8440 139.0 4.071 3.954
8450 139.0 4.095 3.975
8460 139.0 4.124 3.992
8470 139.0 4.114 3.987
8480 139.0 4.121 3.986
8490 139.0 4.126 3.998
8500 139.0 4.112 3.999
8510 139.0 4.103 4.002
8520 139.0 4.096 4.004
8530 139.0 4.076 3.999
8540 139.0 4.071 4.002
8550 139.0 4.036 3.986
8400 140.0 15.225 6.579
8410 140.0 14.637 6.447
8420 140.0 14.049 6.315
8430 140.0 13.461 6.184
8440 140.0 12.850 6.065
8450 140.0 12.233 5.950
8460 140.0 11.616 5.835
8470 140.0 11.009 5.720
8480 140.0 11.011 5.734
8490 140.0 10.977 5.745
8500 140.0 10.944 5.764
8510 140.0 10.925 5.790
8520 140.0 10.911 5.809
8530 140.0 10.888 5.823
8540 140.0 10.875 5.845
8550 140.0 10.854 5.865
8560 140.0 10.836 5.879
8570 140.0 10.820 5.888
8580 140.0 10.818 5.898
8590 140.0 10.825 5.916
8580 141.0 7.183 -0.375
8590 141.0 6.941 0.305
8600 141.0 6.699 0.986
8610 141.0 6.367 1.865
8620 141.0 6.013 2.795
8630 141.0 5.732 3.166
8640 141.0 5.459 3.476
8650 141.0 5.235 3.767
8660 141.0 5.266 3.777
8670 141.0 5.245 3.852
8680 141.0 5.253 3.873
8690 141.0 5.233 4.011
8700 141.0 5.242 4.077
8710 141.0 5.244 4.171
8720 141.0 5.284 4.406
8730 141.0 5.275 4.505
8740 141.0 5.292 4.597
8750 141.0 5.269 4.837
8760 141.0 5.229 4.863
8770 141.0 5.247 4.858
8600 142.0 7.726 -0.290
8610 142.0 7.610 -0.035
8620 142.0 7.494 0.221
8630 142.0 7.378 0.476
8640 142.0 7.053 0.856
8650 142.0 6.705 1.251
8660 142.0 6.351 1.642
8670 142.0 5.985 2.021
8680 142.0 5.989 1.987
8690 142.0 5.974 1.997
8700 142.0 5.975 2.008
8710 142.0 5.974 2.013
8720 142.0 5.974 1.980
8730 142.0 5.987 1.984
8740 142.0 5.998 1.988
8750 142.0 6.010 1.997
8760 142.0 6.018 1.983
8770 142.0 6.024 1.970
8780 142.0 6.029 1.978
8790 142.0 6.032 1.969
8620 143.0 15.186 4.796
8630 143.0 14.727 4.959
8640 143.0 14.268 5.121
8650 143.0 13.799 5.223
8660 143.0 13.319 5.265
8670 143.0 12.840 5.306
8680 143.0 12.371 5.242
8690 143.0 11.908 5.108
8700 143.0 11.925 5.120
8710 143.0 11.931 5.134
8720 143.0 11.928 5.141
8730 143.0 11.940 5.154
8740 143.0 11.945 5.151
8750 143.0 11.971 5.152
8760 143.0 11.995 5.160
8770 143.0 12.017 5.175
8780 143.0 12.036 5.188
8790 143.0 12.069 5.192
8800 143.0 12.098 5.199
8810 143.0 12.122 5.202
8650 144.0 14.926 4.597
8660 144.0 14.527 4.671
8670 144.0 14.128 4.745
8680 144.0 13.707 4.792
8690 144.0 13.235 4.776
8700 144.0 12.764 4.759
8710 144.0 12.327 4.733
8720 144.0 11.942 4.692
8730 144.0 11.959 4.698
8740 144.0 11.980 4.694
8750 144.0 11.985 4.689
8760 144.0 12.011 4.688
8770 144.0 12.032 4.692
8780 144.0 12.050 4.682
8790 144.0 12.085 4.692
8800 144.0 12.110 4.700
8810 144.0 12.147 4.702
8820 144.0 12.184 4.692
8830 144.0 12.219 4.705
8840 144.0 12.250 4.705
8660 145.0 14.863 2.381
8670 145.0 14.247 2.440
8680 145.0 13.631 2.500
8690 145.0 13.021 2.524
8700 145.0 12.417 2.511
8710 145.0 11.813 2.498
8720 145.0 11.210 2.486
8730 145.0 10.603 2.511
8740 145.0 10.612 2.505
8750 145.0 10.597 2.512
8760 145.0 10.561 2.506
8770 145.0 10.541 2.513
8780 145.0 10.513 2.520
8790 145.0 10.519 2.516
8800 145.0 10.525 2.518
8810 145.0 10.510 2.525
8820 145.0 10.498 2.530
8830 145.0 10.493 2.536
8840 145.0 10.488 2.537
8850 145.0 10.469 2.548
8660 146.0 15.027 3.150
8670 146.0 14.444 3.194
8680 146.0 13.860 3.237
8690 146.0 13.233 3.289
8700 146.0 12.596 3.344
8710 146.0 11.959 3.399
8720 146.0 11.324 3.447
8730 146.0 10.698 3.482
8740 146.0 10.713 3.487
8750 146.0 10.688 3.504
8760 146.0 10.675 3.520
8770 146.0 10.636 3.532
8780 146.0 10.627 3.538
8790 146.0 10.633 3.547
8800 146.0 10.614 3.573
8810 146.0 10.619 3.585
8820 146.0 10.630 3.596
8830 146.0 10.616 3.618
8840 146.0 10.611 3.615
8850 146.0 10.607 3.614
8660 147.0 15.060 5.432
8670 147.0 14.519 5.523
8680 147.0 13.978 5.614
8690 147.0 13.527 5.673
8700 147.0 13.099 5.724
8710 147.0 12.670 5.776
8720 147.0 12.207 5.744
8730 147.0 11.744 5.712
8740 147.0 11.768 5.727
8750 147.0 11.767 5.731
8760 147.0 11.771 5.744
8770 147.0 11.779 5.749
8780 147.0 11.805 5.770
8790 147.0 11.843 5.796
8800 147.0 11.874 5.798
8810 147.0 11.892 5.810
8820 147.0 11.916 5.814
8830 147.0 11.927 5.822
8840 147.0 11.947 5.834
8850 147.0 11.965 5.838
