800 2.0 13.640 5.800
810 2.0 12.090 5.750
820 2.0 11.370 5.800
830 2.0 10.310 5.970
840 2.0 9.570 6.240
850 2.0 8.730 6.340
860 2.0 7.940 6.500
870 2.0 7.170 6.620
880 2.0 7.180 6.628
890 2.0 7.060 6.644
900 2.0 6.982 6.678
910 2.0 6.896 6.681
920 2.0 6.815 6.693
930 2.0 6.739 6.716
940 2.0 6.685 6.733
950 2.0 6.586 6.770
960 2.0 6.510 6.788
970 2.0 6.411 6.816
980 2.0 6.299 6.840
990 2.0 6.176 6.885
830 3.0 12.490 6.600
840 3.0 11.940 6.770
850 3.0 11.030 6.840
860 3.0 10.210 6.810
870 3.0 9.360 6.850
880 3.0 8.590 6.850
890 3.0 7.780 6.840
900 3.0 6.960 6.840
910 3.0 6.980 6.844
920 3.0 6.913 6.840
930 3.0 6.866 6.838
940 3.0 6.825 6.845
950 3.0 6.809 6.844
960 3.0 6.787 6.845
970 3.0 6.773 6.843
980 3.0 6.748 6.839
990 3.0 6.725 6.838
1000 3.0 6.707 6.837
1010 3.0 6.708 6.849
1020 3.0 6.671 6.854
1050 11.0 12.510 6.190
1060 11.0 11.540 6.030
1070 11.0 10.960 5.970
1080 11.0 10.290 6.120
1090 11.0 9.880 6.210
1100 11.0 9.540 6.090
1110 11.0 8.870 5.990
1120 11.0 8.040 5.660
1130 11.0 8.071 5.656
1140 11.0 8.047 5.642
1150 11.0 8.025 5.629
1160 11.0 8.021 5.621
1170 11.0 8.023 5.624
1180 11.0 8.016 5.620
1190 11.0 8.033 5.622
1200 11.0 8.048 5.621
1210 11.0 8.060 5.620
1220 11.0 8.064 5.617
1230 11.0 8.083 5.624
1240 11.0 8.084 5.627
1050 12.0 12.090 6.950
1060 12.0 11.400 6.930
1070 12.0 10.700 6.870
1080 12.0 10.070 6.730
1090 12.0 9.450 6.510
1100 12.0 8.900 6.330
1110 12.0 8.210 6.230
1120 12.0 7.490 6.060
1130 12.0 7.519 6.066
1140 12.0 7.475 6.058
1150 12.0 7.439 6.049
1160 12.0 7.414 6.049
1170 12.0 7.397 6.045
1180 12.0 7.379 6.039
1190 12.0 7.385 6.038
1200 12.0 7.394 6.041
1210 12.0 7.382 6.043
1220 12.0 7.382 6.049
1230 12.0 7.380 6.051
1240 12.0 7.388 6.065
2860 51.0 7.050 8.440
2870 51.0 7.050 8.440
2880 51.0 7.050 8.440
2890 51.0 7.050 8.440
2900 51.0 7.050 8.440
2910 51.0 7.050 8.440
2920 51.0 7.050 8.440
2930 51.0 7.050 8.440
2940 51.0 7.055 8.439
2950 51.0 7.056 8.437
2960 51.0 7.062 8.438
2970 51.0 7.063 8.436
2980 51.0 7.064 8.431
2990 51.0 7.073 8.434
3000 51.0 7.079 8.438
3010 51.0 7.077 8.439
3020 51.0 7.081 8.433
3030 51.0 7.086 8.430
3040 51.0 7.093 8.432
3050 51.0 7.104 8.431
2860 52.0 8.090 8.840
2870 52.0 8.090 8.840
2880 52.0 8.090 8.840
2890 52.0 8.090 8.840
2900 52.0 8.090 8.840
2910 52.0 8.090 8.840
2920 52.0 8.090 8.840
2930 52.0 8.090 8.840
2940 52.0 8.095 8.840
2950 52.0 8.096 8.836
2960 52.0 8.102 8.835
2970 52.0 8.100 8.834
2980 52.0 8.103 8.833
2990 52.0 8.109 8.833
3000 52.0 8.113 8.829
3010 52.0 8.121 8.829
3020 52.0 8.128 8.826
3030 52.0 8.129 8.827
3040 52.0 8.132 8.822
3050 52.0 8.135 8.823
2860 56.0 12.320 3.350
2870 56.0 12.420 3.220
2880 56.0 12.490 3.210
2890 56.0 12.650 3.360
2900 56.0 12.790 3.450
2910 56.0 12.790 3.470
2920 56.0 12.790 3.380
2930 56.0 12.780 3.160
2940 56.0 12.778 3.165
2950 56.0 12.784 3.156
2960 56.0 12.785 3.152
2970 56.0 12.784 3.142
2980 56.0 12.788 3.136
2990 56.0 12.788 3.124
3000 56.0 12.786 3.123
3010 56.0 12.783 3.115
3020 56.0 12.789 3.114
3030 56.0 12.791 3.109
3040 56.0 12.788 3.102
3050 56.0 12.782 3.097
4330 79.0 -3.780 5.150
4340 79.0 -3.090 5.120
4350 79.0 -2.340 5.190
4360 79.0 -1.610 5.170
4370 79.0 -0.840 5.310
4380 79.0 -0.130 5.270
4390 79.0 0.610 5.360
4400 79.0 1.380 5.430
4410 79.0 1.380 5.430
4420 79.0 1.427 5.429
4430 79.0 1.471 5.426
4440 79.0 1.493 5.417
4450 79.0 1.495 5.416
4460 79.0 1.498 5.420
4470 79.0 1.506 5.412
4480 79.0 1.487 5.407
4490 79.0 1.470 5.396
4500 79.0 1.477 5.385
4510 79.0 1.462 5.377
4520 79.0 1.463 5.370
6420 126.0 -5.190 6.380
6430 126.0 -4.300 6.500
6440 126.0 -3.360 6.560
6450 126.0 -2.420 6.510
6460 126.0 -1.390 6.390
6470 126.0 -0.560 6.380
6480 126.0 0.260 6.180
6490 126.0 1.270 6.020
6500 126.0 1.249 6.020
6510 126.0 1.364 6.005
6520 126.0 1.499 5.986
6530 126.0 1.628 5.953
6540 126.0 1.814 5.917
6550 126.0 1.979 5.893
6560 126.0 2.230 5.845
6570 126.0 2.544 5.802
6580 126.0 2.896 5.762
6590 126.0 3.436 5.768
6600 126.0 4.173 5.726
6610 126.0 4.334 5.737
6420 127.0 -5.450 7.310
6430 127.0 -4.560 7.420
6440 127.0 -3.660 7.480
6450 127.0 -2.720 7.420
6460 127.0 -1.590 7.310
6470 127.0 -0.590 7.220
6480 127.0 0.360 7.140
6490 127.0 1.320 7.050
6500 127.0 1.308 7.036
6510 127.0 1.485 7.017
6520 127.0 1.653 7.020
6530 127.0 1.831 6.990
6540 127.0 2.052 6.962
6550 127.0 2.351 6.942
6560 127.0 2.743 6.920
6570 127.0 3.314 6.871
6580 127.0 3.735 6.845
6590 127.0 4.051 6.889
6600 127.0 4.360 6.923
6610 127.0 4.982 6.835
8120 171.0 -0.680 8.400
8130 171.0 -0.710 8.350
8140 171.0 -0.910 8.420
8150 171.0 -1.080 8.470
8160 171.0 -1.240 8.360
8170 171.0 -1.530 8.270
8180 171.0 -1.870 8.410
8190 171.0 -1.910 8.440
8200 171.0 -1.916 8.445
8210 171.0 -1.921 8.445
8220 171.0 -1.929 8.451
8230 171.0 -1.934 8.449
8240 171.0 -1.937 8.448
8250 171.0 -1.940 8.448
8260 171.0 -1.941 8.443
8270 171.0 -1.943 8.441
8280 171.0 -1.948 8.440
8290 171.0 -1.950 8.443
8300 171.0 -1.946 8.442
8310 171.0 -1.945 8.442
8890 195.0 12.710 4.950
8900 195.0 11.820 4.590
8910 195.0 10.960 4.340
8920 195.0 9.860 4.250
8930 195.0 9.110 4.130
8940 195.0 8.160 3.990
8950 195.0 7.270 3.930
8960 195.0 6.390 3.810
8970 195.0 6.431 3.832
8980 195.0 6.316 3.801
8990 195.0 6.171 3.758
9000 195.0 6.064 3.725
9010 195.0 5.928 3.687
9020 195.0 5.744 3.613
9030 195.0 5.558 3.586
9040 195.0 5.383 3.518
9050 195.0 5.116 3.437
9060 195.0 4.854 3.385
9070 195.0 4.540 3.328
9080 195.0 4.246 3.288
8900 196.0 13.430 5.210
8910 196.0 12.660 5.110
8920 196.0 11.820 4.850
8930 196.0 10.980 4.750
8940 196.0 10.180 4.550
8950 196.0 9.410 4.410
8960 196.0 8.720 4.260
8970 196.0 7.990 4.030
8980 196.0 8.020 4.034
8990 196.0 7.941 4.020
9000 196.0 7.859 3.999
9010 196.0 7.781 3.986
9020 196.0 7.745 3.976
9030 196.0 7.677 3.951
9040 196.0 7.611 3.933
9050 196.0 7.574 3.931
9060 196.0 7.490 3.914
9070 196.0 7.415 3.893
9080 196.0 7.369 3.883
9090 196.0 7.313 3.854
8910 197.0 12.430 6.040
8920 197.0 11.500 6.030
8930 197.0 10.810 5.800
8940 197.0 10.280 5.520
8950 197.0 9.800 5.220
8960 197.0 8.970 4.980
8970 197.0 8.180 4.880
8980 197.0 7.240 4.800
8990 197.0 7.276 4.829
9000 197.0 7.205 4.813
9010 197.0 7.138 4.785
9020 197.0 7.096 4.774
9030 197.0 7.060 4.761
9040 197.0 6.996 4.747
9050 197.0 6.953 4.737
9060 197.0 6.895 4.721
9070 197.0 6.852 4.704
9080 197.0 6.829 4.699
9090 197.0 6.772 4.682
9100 197.0 6.713 4.663
9300 216.0 -4.260 8.110
9310 216.0 -3.980 8.010
9320 216.0 -3.840 7.960
9330 216.0 -3.310 8.210
9340 216.0 -2.900 8.260
9350 216.0 -2.790 8.410
9360 216.0 -2.510 8.430
9370 216.0 -2.230 8.460
9380 216.0 -2.231 8.464
9390 216.0 -2.226 8.465
9400 216.0 -2.220 8.471
9410 216.0 -2.221 8.465
9420 216.0 -2.233 8.464
9430 216.0 -2.237 8.464
9440 216.0 -2.236 8.471
9450 216.0 -2.239 8.476
9460 216.0 -2.248 8.479
9470 216.0 -2.246 8.484
9480 216.0 -2.247 8.485
9490 216.0 -2.245 8.486
9680 230.0 -3.110 5.320
9690 230.0 -2.090 5.210
9700 230.0 -1.280 5.330
9710 230.0 -0.440 5.260
9720 230.0 0.450 5.280
9730 230.0 1.340 5.340
9740 230.0 2.280 5.270
9750 230.0 3.180 5.200
9760 230.0 3.149 5.187
9770 230.0 3.266 5.178
9780 230.0 3.378 5.161
9790 230.0 3.425 5.152
9800 230.0 3.540 5.133
9810 230.0 3.653 5.101
9820 230.0 3.787 5.065
9830 230.0 3.923 5.038
9840 230.0 4.128 5.017
9850 230.0 4.368 4.986
9860 230.0 4.681 4.990
9870 230.0 5.154 4.927
9680 231.0 -3.380 4.310
9690 231.0 -2.480 4.250
9700 231.0 -1.510 4.280
9710 231.0 -0.430 4.340
9720 231.0 0.480 4.390
9730 231.0 1.360 4.490
9740 231.0 2.240 4.500
9750 231.0 3.050 4.410
9760 231.0 3.050 4.408
9770 231.0 3.151 4.410
9780 231.0 3.253 4.397
9790 231.0 3.339 4.395
9800 231.0 3.449 4.398
9810 231.0 3.551 4.383
9820 231.0 3.715 4.386
9830 231.0 3.953 4.393
9840 231.0 4.319 4.407
9850 231.0 4.642 4.461
9860 231.0 5.043 4.509
9870 231.0 5.586 4.457
9920 238.0 -2.360 6.640
9930 238.0 -1.300 6.460
9940 238.0 -0.520 6.380
9950 238.0 0.430 6.410
9960 238.0 1.290 6.330
9970 238.0 2.260 6.480
9980 238.0 3.120 6.620
9990 238.0 4.010 6.580
10000 238.0 3.982 6.587
10010 238.0 4.093 6.594
10020 238.0 4.193 6.589
10030 238.0 4.300 6.582
10040 238.0 4.398 6.578
10050 238.0 4.511 6.585
10060 238.0 4.671 6.578
10070 238.0 4.881 6.551
10080 238.0 5.109 6.551
10090 238.0 5.467 6.546
10100 238.0 5.905 6.567
10110 238.0 6.284 6.572
9920 239.0 -1.570 5.570
9930 239.0 -0.740 5.530
9940 239.0 0.070 5.490
9950 239.0 1.010 5.490
9960 239.0 1.950 5.410
9970 239.0 2.870 5.330
9980 239.0 3.750 5.370
9990 239.0 4.620 5.470
10000 239.0 4.613 5.463
10010 239.0 4.725 5.469
10020 239.0 4.807 5.478
10030 239.0 4.882 5.471
10040 239.0 4.967 5.462
10050 239.0 5.044 5.449
10060 239.0 5.132 5.438
10070 239.0 5.236 5.418
10080 239.0 5.371 5.394
10090 239.0 5.573 5.371
10100 239.0 5.851 5.361
10110 239.0 6.177 5.346
10250 257.0 12.620 6.950
10260 257.0 11.680 7.090
10270 257.0 10.740 7.200
10280 257.0 9.720 7.100
10290 257.0 8.730 7.090
10300 257.0 7.740 6.970
10310 257.0 6.860 6.750
10320 257.0 6.040 6.450
10330 257.0 6.110 6.464
10340 257.0 6.007 6.464
10350 257.0 5.884 6.440
10360 257.0 5.770 6.433
10370 257.0 5.635 6.394
10380 257.0 5.521 6.397
10390 257.0 5.367 6.370
10400 257.0 5.197 6.345
10410 257.0 4.985 6.321
10420 257.0 4.743 6.322
10430 257.0 4.415 6.305
10440 257.0 4.014 6.330
10250 258.0 -1.720 7.410
10260 258.0 -0.770 7.300
10270 258.0 0.160 7.280
10280 258.0 1.050 7.190
10290 258.0 1.960 7.180
10300 258.0 2.910 7.260
10310 258.0 3.600 7.400
10320 258.0 4.430 7.610
10330 258.0 4.412 7.618
10340 258.0 4.507 7.620
10350 258.0 4.606 7.632
10360 258.0 4.682 7.644
10370 258.0 4.732 7.643
10380 258.0 4.796 7.633
10390 258.0 4.883 7.620
10400 258.0 4.982 7.622
10410 258.0 5.106 7.619
10420 258.0 5.302 7.632
10430 258.0 5.488 7.657
10440 258.0 5.821 7.696
10250 259.0 -2.220 6.660
10260 259.0 -1.220 6.450
10270 259.0 -0.170 6.320
10280 259.0 0.820 6.310
10290 259.0 1.740 6.310
10300 259.0 2.640 6.360
10310 259.0 3.460 6.610
10320 259.0 4.330 6.820
10330 259.0 4.329 6.822
10340 259.0 4.456 6.839
10350 259.0 4.553 6.842
10360 259.0 4.681 6.850
10370 259.0 4.829 6.848
10380 259.0 5.018 6.858
10390 259.0 5.220 6.876
10400 259.0 5.481 6.919
10410 259.0 5.829 6.992
10420 259.0 6.405 7.018
10430 259.0 6.987 7.058
10440 259.0 7.497 7.173
10260 260.0 12.230 6.630
10270 260.0 11.230 6.650
10280 260.0 10.060 6.750
10290 260.0 9.180 6.580
10300 260.0 8.130 6.480
10310 260.0 7.210 6.050
10320 260.0 6.240 5.750
10330 260.0 5.240 5.550
10340 260.0 5.368 5.592
10350 260.0 5.192 5.553
10360 260.0 5.035 5.515
10370 260.0 4.754 5.469
10380 260.0 4.558 5.423
10390 260.0 4.321 5.356
10400 260.0 3.927 5.238
10410 260.0 3.851 5.222
10420 260.0 3.397 5.173
10430 260.0 3.154 5.172
10440 260.0 2.543 5.109
10450 260.0 2.736 5.378
10280 261.0 12.700 7.000
10290 261.0 11.590 7.140
10300 261.0 10.830 7.500
10310 261.0 9.750 7.480
10320 261.0 8.720 7.310
10330 261.0 7.780 6.960
10340 261.0 6.790 6.600
10350 261.0 5.800 6.270
10360 261.0 5.919 6.293
10370 261.0 5.761 6.284
10380 261.0 5.586 6.271
10390 261.0 5.447 6.255
10400 261.0 5.250 6.229
10410 261.0 5.009 6.199
10420 261.0 4.790 6.166
10430 261.0 4.530 6.160
10440 261.0 4.039 6.091
10450 261.0 3.847 6.082
10460 261.0 3.280 6.067
10470 261.0 3.270 6.189
10300 263.0 -1.980 5.100
10310 263.0 -1.020 5.220
10320 263.0 -0.190 5.440
10330 263.0 0.700 5.760
10340 263.0 1.570 6.100
10350 263.0 2.590 6.400
10360 263.0 3.570 6.630
10370 263.0 4.400 6.800
10380 263.0 4.365 6.821
10390 263.0 4.524 6.881
10400 263.0 4.663 6.943
10410 263.0 4.902 7.024
10420 263.0 5.127 7.130
10430 263.0 5.332 7.204
10440 263.0 5.543 7.327
10450 263.0 5.704 7.375
10460 263.0 5.855 7.441
10470 263.0 6.021 7.400
10480 263.0 6.075 7.268
10490 263.0 6.923 7.390
10300 264.0 -2.160 5.980
10310 264.0 -1.260 5.980
10320 264.0 -0.390 6.180
10330 264.0 0.550 6.440
10340 264.0 1.420 6.730
10350 264.0 2.390 7.070
10360 264.0 3.330 7.350
10370 264.0 4.170 7.580
10380 264.0 4.153 7.591
10390 264.0 4.294 7.625
10400 264.0 4.453 7.670
10410 264.0 4.636 7.737
10420 264.0 4.826 7.807
10430 264.0 5.018 7.908
10440 264.0 5.296 8.011
10450 264.0 5.470 8.105
10460 264.0 5.699 8.177
10470 264.0 5.943 8.112
10480 264.0 6.476 8.245
10490 264.0 6.783 8.209
10300 265.0 -2.070 1.900
10310 265.0 -1.210 1.870
10320 265.0 -0.130 1.950
10330 265.0 0.940 2.130
10340 265.0 2.000 2.210
10350 265.0 3.000 2.250
10360 265.0 4.020 2.400
10370 265.0 4.970 2.580
10380 265.0 4.949 2.566
10390 265.0 5.134 2.591
10400 265.0 5.356 2.599
10410 265.0 5.631 2.624
10420 265.0 6.007 2.685
10430 265.0 6.429 2.740
10440 265.0 6.881 2.797
10450 265.0 7.235 2.789
10460 265.0 8.068 2.870
10470 265.0 7.454 2.820
10480 265.0 7.636 2.819
10490 265.0 8.112 2.559
10300 267.0 -2.000 3.250
10310 267.0 -1.080 3.390
10320 267.0 -0.200 3.410
10330 267.0 0.670 3.390
10340 267.0 1.680 3.380
10350 267.0 2.480 3.530
10360 267.0 3.430 3.690
10370 267.0 4.470 3.960
10380 267.0 4.435 3.951
10390 267.0 4.571 3.954
10400 267.0 4.744 3.961
10410 267.0 4.914 3.980
10420 267.0 5.060 3.984
10430 267.0 5.229 3.988
10440 267.0 5.560 4.027
10450 267.0 5.859 4.087
10460 267.0 6.199 4.131
10470 267.0 6.605 4.204
10480 267.0 7.143 4.202
10490 267.0 7.646 4.194
10300 268.0 -1.380 3.890
10310 268.0 -0.790 4.000
10320 268.0 0.370 4.030
10330 268.0 1.070 4.020
10340 268.0 1.940 3.850
10350 268.0 2.710 4.040
10360 268.0 3.560 4.440
10370 268.0 4.550 4.630
10380 268.0 4.508 4.621
10390 268.0 4.594 4.631
10400 268.0 4.701 4.642
10410 268.0 4.771 4.643
10420 268.0 4.832 4.650
10430 268.0 4.929 4.646
10440 268.0 5.028 4.662
10450 268.0 5.109 4.663
10460 268.0 5.217 4.695
10470 268.0 5.361 4.716
10480 268.0 5.550 4.751
10490 268.0 5.809 4.825
10690 303.0 12.900 6.160
10700 303.0 12.310 6.320
10710 303.0 11.610 6.670
10720 303.0 10.950 7.100
10730 303.0 10.280 7.370
10740 303.0 9.630 7.550
10750 303.0 8.910 7.660
10760 303.0 8.160 7.780
10770 303.0 8.149 7.789
10780 303.0 8.121 7.804
10790 303.0 8.073 7.815
10800 303.0 8.049 7.825
10810 303.0 8.037 7.828
10820 303.0 8.046 7.827
10830 303.0 8.042 7.826
10840 303.0 8.037 7.816
10850 303.0 8.050 7.815
10860 303.0 8.068 7.809
10870 303.0 8.084 7.804
10880 303.0 8.101 7.805
10850 316.0 -1.870 6.400
10860 316.0 -1.330 6.370
10870 316.0 -0.740 6.320
10880 316.0 -0.140 6.180
10890 316.0 0.480 6.050
10900 316.0 1.150 5.980
10910 316.0 1.810 5.910
10920 316.0 2.480 5.940
10930 316.0 2.488 5.947
10940 316.0 2.498 5.951
10950 316.0 2.512 5.953
10960 316.0 2.520 5.958
10970 316.0 2.505 5.968
10980 316.0 2.493 5.976
10990 316.0 2.487 5.976
11000 316.0 2.473 5.974
11010 316.0 2.468 5.974
11020 316.0 2.475 5.979
11030 316.0 2.467 5.988
11040 316.0 2.463 5.985
11210 320.0 12.000 4.350
11220 320.0 11.300 4.090
11230 320.0 10.610 3.980
11240 320.0 10.000 3.720
11250 320.0 9.230 3.660
11260 320.0 8.560 3.470
11270 320.0 7.980 3.270
11280 320.0 7.520 3.120
11290 320.0 7.513 3.120
11300 320.0 7.472 3.107
11310 320.0 7.415 3.084
11320 320.0 7.402 3.087
11330 320.0 7.390 3.093
11340 320.0 7.372 3.087
11350 320.0 7.369 3.076
11360 320.0 7.361 3.083
11370 320.0 7.358 3.084
11380 320.0 7.370 3.075
11390 320.0 7.386 3.075
11400 320.0 7.382 3.071
11280 327.0 -2.800 1.840
11290 327.0 -1.780 2.390
11300 327.0 -1.070 2.780
11310 327.0 -0.260 2.950
11320 327.0 0.540 3.130
11330 327.0 1.320 3.320
11340 327.0 2.040 3.540
11350 327.0 2.790 3.760
11360 327.0 2.760 3.719
11370 327.0 2.837 3.725
11380 327.0 2.953 3.748
11390 327.0 3.035 3.767
11400 327.0 3.158 3.801
11410 327.0 3.335 3.847
11420 327.0 3.438 3.894
11430 327.0 3.613 3.950
11440 327.0 3.764 4.016
11450 327.0 3.990 4.106
11460 327.0 4.151 4.194
11470 327.0 4.223 4.211
11280 328.0 -3.580 0.190
11290 328.0 -2.850 0.850
11300 328.0 -1.780 1.470
11310 328.0 -0.960 1.920
11320 328.0 -0.300 2.330
11330 328.0 0.250 2.670
11340 328.0 1.010 3.010
11350 328.0 1.810 3.280
11360 328.0 1.780 3.274
11370 328.0 1.911 3.362
11380 328.0 2.144 3.447
11390 328.0 2.293 3.547
11400 328.0 2.413 3.564
11410 328.0 2.804 3.820
11420 328.0 2.882 3.867
11430 328.0 2.990 3.986
11440 328.0 3.155 3.994
11450 328.0 3.393 4.089
11460 328.0 3.452 4.111
11470 328.0 3.668 4.527
11280 329.0 -2.760 -0.130
11290 329.0 -2.040 0.530
11300 329.0 -1.180 1.020
11310 329.0 -0.360 1.480
11320 329.0 0.340 1.920
11330 329.0 0.840 2.350
11340 329.0 1.590 2.640
11350 329.0 2.390 2.910
11360 329.0 2.325 2.902
11370 329.0 2.456 2.980
11380 329.0 2.668 3.062
11390 329.0 2.819 3.128
11400 329.0 3.106 3.303
11410 329.0 3.242 3.351
11420 329.0 3.400 3.408
11430 329.0 3.431 3.489
11440 329.0 3.555 3.493
11450 329.0 3.976 3.948
11460 329.0 3.945 3.804
11470 329.0 4.194 3.940
11310 331.0 -4.430 4.560
11320 331.0 -3.490 4.940
11330 331.0 -2.700 5.350
11340 331.0 -1.670 5.660
11350 331.0 -0.580 5.900
11360 331.0 0.400 6.200
11370 331.0 1.430 6.460
11380 331.0 2.430 6.600
11390 331.0 2.340 6.585
11400 331.0 2.546 6.629
11410 331.0 2.724 6.702
11420 331.0 3.027 6.822
11430 331.0 3.295 6.911
11440 331.0 3.524 7.003
11450 331.0 3.587 6.952
11460 331.0 4.166 7.052
11470 331.0 4.252 6.894
11480 331.0 4.823 6.828
11490 331.0 4.693 6.440
11500 331.0 4.621 6.907
11840 342.0 10.640 4.900
11850 342.0 9.730 4.760
11860 342.0 8.750 4.600
11870 342.0 7.840 4.560
11880 342.0 6.880 4.500
11890 342.0 5.990 4.480
11900 342.0 5.080 4.470
11910 342.0 4.170 4.430
11920 342.0 4.234 4.463
11930 342.0 4.111 4.457
11940 342.0 3.983 4.436
11950 342.0 3.857 4.421
11960 342.0 3.743 4.410
11970 342.0 3.615 4.407
11980 342.0 3.449 4.403
11990 342.0 3.321 4.410
12000 342.0 3.161 4.391
12010 342.0 2.964 4.378
12020 342.0 2.684 4.384
12030 342.0 2.436 4.419
11880 348.0 13.410 5.460
11890 348.0 12.400 5.010
11900 348.0 11.320 4.730
11910 348.0 10.240 4.560
11920 348.0 9.140 4.440
11930 348.0 8.100 4.530
11940 348.0 6.970 4.600
11950 348.0 5.710 4.730
11960 348.0 5.851 4.787
11970 348.0 5.663 4.778
11980 348.0 5.360 4.746
11990 348.0 5.022 4.737
12000 348.0 4.553 4.659
12010 348.0 4.424 4.744
12020 348.0 4.103 4.756
12030 348.0 3.961 4.878
12040 348.0 3.590 4.880
12050 348.0 3.299 4.758
12060 348.0 3.494 4.788
12070 348.0 3.212 4.664
11930 350.0 -4.990 5.190
11940 350.0 -3.910 5.180
11950 350.0 -3.050 5.230
11960 350.0 -2.120 5.270
11970 350.0 -0.940 5.310
11980 350.0 -0.260 5.570
11990 350.0 0.830 5.710
12000 350.0 1.830 5.830
12010 350.0 1.780 5.825
12020 350.0 1.955 5.835
12030 350.0 2.151 5.823
12040 350.0 2.355 5.848
12050 350.0 2.601 5.874
12060 350.0 2.939 5.900
12070 350.0 3.341 5.944
12080 350.0 3.874 5.985
12090 350.0 4.053 6.016
12100 350.0 4.344 6.041
12110 350.0 5.403 6.158
12120 350.0 5.902 6.149
11940 353.0 -4.790 -0.260
11950 353.0 -4.040 0.440
11960 353.0 -3.120 1.030
11970 353.0 -2.130 1.650
11980 353.0 -1.070 2.050
11990 353.0 -0.100 2.480
12000 353.0 0.910 2.960
12010 353.0 1.950 3.380
12020 353.0 1.667 3.256
12030 353.0 1.855 3.268
12040 353.0 2.094 3.390
12050 353.0 2.287 3.382
12060 353.0 2.432 3.508
12070 353.0 2.761 3.901
12080 353.0 2.670 3.841
12090 353.0 3.018 3.865
12100 353.0 2.751 3.921
12110 353.0 3.095 4.020
12120 353.0 3.175 3.619
12130 353.0 3.074 3.691
11970 355.0 -2.400 10.550
11980 355.0 -1.660 9.900
11990 355.0 -0.840 9.560
12000 355.0 -0.190 8.920
12010 355.0 0.510 8.540
12020 355.0 1.380 8.290
12030 355.0 2.200 8.090
12040 355.0 3.050 7.920
12050 355.0 3.054 7.929
12060 355.0 3.165 7.854
12070 355.0 3.390 7.761
12080 355.0 3.666 7.605
12090 355.0 3.899 7.430
12100 355.0 4.362 7.202
12110 355.0 4.513 7.143
12120 355.0 4.938 6.996
12130 355.0 5.292 7.033
12140 355.0 5.253 6.692
12150 355.0 4.884 7.128
12160 355.0 5.094 6.924
12020 357.0 -6.400 6.260
12030 357.0 -5.940 6.350
12040 357.0 -5.340 6.430
12050 357.0 -4.840 6.530
12060 357.0 -4.350 6.610
12070 357.0 -3.810 6.690
12080 357.0 -3.370 6.740
12090 357.0 -3.060 6.740
12100 357.0 -3.055 6.742
12110 357.0 -3.052 6.743
12120 357.0 -3.051 6.735
12130 357.0 -3.055 6.731
12140 357.0 -3.053 6.723
12150 357.0 -3.047 6.715
12160 357.0 -3.052 6.712
12170 357.0 -3.052 6.704
12180 357.0 -3.058 6.694
12190 357.0 -3.058 6.694
12200 357.0 -3.057 6.683
12210 357.0 -3.060 6.675
12020 358.0 -6.550 7.200
12030 358.0 -6.050 7.260
12040 358.0 -5.490 7.270
12050 358.0 -4.990 7.410
12060 358.0 -4.500 7.460
12070 358.0 -4.070 7.510
12080 358.0 -3.780 7.530
12090 358.0 -3.230 7.550
12100 358.0 -3.241 7.545
12110 358.0 -3.241 7.539
12120 358.0 -3.247 7.536
12130 358.0 -3.243 7.537
12140 358.0 -3.244 7.529
12150 358.0 -3.246 7.526
12160 358.0 -3.241 7.516
12170 358.0 -3.241 7.504
12180 358.0 -3.254 7.492
12190 358.0 -3.265 7.483
12200 358.0 -3.274 7.472
12210 358.0 -3.276 7.471
12020 359.0 -4.900 12.670
12030 359.0 -4.120 12.140
12040 359.0 -3.370 11.660
12050 359.0 -2.770 11.060
12060 359.0 -1.920 10.430
12070 359.0 -0.950 9.910
12080 359.0 -0.160 9.390
12090 359.0 0.740 8.910
12100 359.0 0.611 9.043
12110 359.0 0.781 8.912
12120 359.0 1.044 8.862
12130 359.0 1.365 8.682
12140 359.0 1.787 8.650
12150 359.0 1.984 8.495
12160 359.0 1.899 8.114
12170 359.0 2.124 8.458
12180 359.0 2.322 8.193
12190 359.0 1.853 8.076
12200 359.0 1.665 8.338
12210 359.0 1.663 8.669
