0 2.0 -7.929 -6.255
12 2.0 -7.866 -5.873
24 2.0 -8.201 -5.715
36 2.0 -8.968 -6.066
48 2.0 -9.054 -5.752
60 2.0 -9.462 -5.403
72 2.0 -9.786 -7.148
84 2.0 -10.036 -6.344
96 2.0 -8.468 -5.430
108 2.0 -7.468 -6.682
120 2.0 -8.054 -6.598
132 2.0 -7.367 -6.583
144 2.0 -9.335 -5.745
156 2.0 -9.645 -4.934
168 2.0 -8.272 -8.027
180 2.0 -8.251 -6.993
192 2.0 -8.288 -7.369
204 2.0 -9.026 -5.775
216 2.0 -8.062 -6.975
228 2.0 -7.832 -6.308
0 4.0 15.392 -7.837
12 4.0 15.982 -7.902
24 4.0 16.675 -7.915
36 4.0 16.946 -8.522
48 4.0 17.688 -8.732
60 4.0 17.670 -9.035
72 4.0 17.759 -8.985
84 4.0 18.528 -9.293
96 4.0 16.113 -7.008
108 4.0 14.961 -9.433
120 4.0 13.888 -7.561
132 4.0 15.665 -6.661
144 4.0 14.369 -9.461
156 4.0 15.917 -8.407
168 4.0 15.444 -8.654
180 4.0 14.199 -8.924
192 4.0 15.483 -6.985
204 4.0 16.001 -6.782
216 4.0 16.765 -7.510
228 4.0 13.521 -8.533
0 5.0 11.143 -6.884
12 5.0 10.923 -6.717
24 5.0 10.236 -6.511
36 5.0 10.500 -6.231
48 5.0 9.922 -6.158
60 5.0 10.005 -6.153
72 5.0 9.600 -5.962
84 5.0 9.695 -5.774
96 5.0 11.292 -7.566
108 5.0 11.076 -6.967
120 5.0 11.031 -6.349
132 5.0 11.090 -7.429
144 5.0 10.915 -5.602
156 5.0 10.787 -6.977
168 5.0 11.018 -6.852
180 5.0 11.571 -7.480
192 5.0 10.631 -6.323
204 5.0 11.407 -7.104
216 5.0 10.753 -7.142
228 5.0 9.698 -5.747
0 6.0 22.143 -13.784
12 6.0 22.201 -13.818
24 6.0 22.258 -13.695
36 6.0 22.215 -13.838
48 6.0 22.179 -13.794
60 6.0 22.173 -13.788
72 6.0 22.202 -13.790
84 6.0 22.126 -13.692
96 6.0 21.407 -16.480
108 6.0 21.943 -12.694
120 6.0 23.420 -12.800
132 6.0 20.704 -13.505
144 6.0 21.023 -14.212
156 6.0 20.581 -12.540
168 6.0 23.131 -14.017
180 6.0 22.618 -13.723
192 6.0 20.959 -14.429
204 6.0 22.046 -13.360
216 6.0 21.546 -12.792
228 6.0 22.035 -14.479
0 7.0 14.366 -23.677
12 7.0 13.486 -22.924
24 7.0 12.457 -21.999
36 7.0 11.508 -21.253
48 7.0 10.355 -20.178
60 7.0 9.241 -19.378
72 7.0 8.390 -18.969
84 7.0 7.107 -17.820
96 7.0 14.141 -24.561
108 7.0 12.519 -21.605
120 7.0 13.786 -23.212
132 7.0 13.978 -23.713
144 7.0 15.210 -26.173
156 7.0 13.164 -23.401
168 7.0 16.784 -22.840
180 7.0 14.664 -25.016
192 7.0 14.256 -23.724
204 7.0 15.661 -23.392
216 7.0 14.947 -24.240
228 7.0 14.430 -23.838
0 10.0 8.612 -6.269
12 10.0 8.396 -6.444
24 10.0 7.850 -6.937
36 10.0 7.732 -6.923
48 10.0 7.513 -7.228
60 10.0 7.433 -7.823
72 10.0 7.302 -7.765
84 10.0 7.196 -7.547
96 10.0 8.542 -4.912
108 10.0 8.801 -7.360
120 10.0 9.443 -5.060
132 10.0 9.827 -4.694
144 10.0 9.388 -5.902
156 10.0 8.393 -6.994
168 10.0 7.081 -6.277
180 10.0 7.792 -7.118
192 10.0 7.054 -6.699
204 10.0 9.376 -5.032
216 10.0 7.955 -5.968
228 10.0 7.802 -6.636
0 11.0 -15.309 -31.837
12 11.0 -15.071 -31.669
24 11.0 -14.428 -31.855
36 11.0 -13.914 -31.922
48 11.0 -13.410 -32.101
60 11.0 -12.902 -32.498
72 11.0 -12.973 -32.279
84 11.0 -12.923 -32.167
96 11.0 -16.218 -32.705
108 11.0 -15.095 -30.713
120 11.0 -16.502 -33.168
132 11.0 -16.871 -32.122
144 11.0 -16.523 -32.282
156 11.0 -14.710 -31.783
168 11.0 -15.422 -33.037
180 11.0 -15.051 -32.116
192 11.0 -15.121 -32.183
204 11.0 -15.708 -33.020
216 11.0 -16.615 -32.230
228 11.0 -15.508 -31.635
0 12.0 -16.666 -30.564
12 12.0 -16.603 -30.688
24 12.0 -16.185 -30.801
36 12.0 -15.729 -31.174
48 12.0 -15.573 -31.573
60 12.0 -15.157 -31.817
72 12.0 -14.870 -31.888
84 12.0 -14.624 -31.982
96 12.0 -16.497 -30.190
108 12.0 -16.243 -31.270
120 12.0 -16.520 -29.456
132 12.0 -15.935 -29.378
144 12.0 -16.180 -30.460
156 12.0 -17.394 -30.757
168 12.0 -15.571 -29.587
180 12.0 -17.920 -31.369
192 12.0 -16.375 -30.286
204 12.0 -17.160 -30.825
216 12.0 -16.196 -30.820
228 12.0 -16.363 -31.482
0 14.0 -22.441 -38.271
12 14.0 -22.357 -37.857
24 14.0 -21.934 -37.802
36 14.0 -21.674 -36.949
48 14.0 -21.554 -36.489
60 14.0 -21.165 -36.310
72 14.0 -20.801 -35.518
84 14.0 -20.625 -34.732
96 14.0 -21.728 -37.296
108 14.0 -24.668 -39.319
120 14.0 -23.151 -40.883
132 14.0 -22.643 -37.199
144 14.0 -23.405 -35.444
156 14.0 -22.149 -38.028
168 14.0 -22.902 -40.414
180 14.0 -23.497 -37.090
192 14.0 -21.738 -36.575
204 14.0 -21.458 -38.074
216 14.0 -23.055 -37.017
228 14.0 -23.259 -37.778
0 15.0 -15.605 -25.290
12 15.0 -17.164 -23.250
24 15.0 -18.352 -22.606
36 15.0 -19.635 -20.959
48 15.0 -20.556 -19.272
60 15.0 -22.004 -17.628
72 15.0 -22.810 -16.383
84 15.0 -24.632 -15.540
96 15.0 -15.348 -24.765
108 15.0 -16.155 -27.048
120 15.0 -15.119 -25.577
132 15.0 -15.849 -23.221
144 15.0 -14.811 -24.452
156 15.0 -16.020 -26.055
168 15.0 -16.018 -25.149
180 15.0 -15.064 -26.064
192 15.0 -15.006 -24.990
204 15.0 -16.092 -25.944
216 15.0 -15.197 -26.675
228 15.0 -17.356 -25.620
0 16.0 6.088 -36.216
12 16.0 5.836 -35.956
24 16.0 5.383 -35.617
36 16.0 5.021 -35.109
48 16.0 4.500 -35.037
60 16.0 4.142 -34.539
72 16.0 3.682 -34.245
84 16.0 3.062 -33.817
96 16.0 4.535 -35.978
108 16.0 7.266 -36.514
120 16.0 6.285 -35.603
132 16.0 5.884 -36.923
144 16.0 3.909 -36.117
156 16.0 5.084 -35.399
168 16.0 5.462 -36.233
180 16.0 6.479 -36.555
192 16.0 4.376 -36.791
204 16.0 5.927 -35.668
216 16.0 5.751 -36.001
228 16.0 5.761 -34.962
0 26.0 -19.794 -26.041
12 26.0 -19.754 -26.267
24 26.0 -19.168 -26.279
36 26.0 -18.851 -26.835
48 26.0 -18.757 -27.200
60 26.0 -18.573 -27.601
72 26.0 -18.200 -27.673
84 26.0 -17.653 -27.807
96 26.0 -18.613 -25.133
108 26.0 -18.825 -26.556
120 26.0 -19.446 -26.389
132 26.0 -20.196 -26.690
144 26.0 -19.127 -24.840
156 26.0 -20.704 -25.616
168 26.0 -19.018 -26.587
180 26.0 -19.798 -28.189
192 26.0 -20.398 -25.925
204 26.0 -18.163 -26.760
216 26.0 -20.302 -24.942
228 26.0 -19.940 -25.616
0 27.0 -19.565 -28.684
12 27.0 -19.518 -28.866
24 27.0 -19.117 -29.217
36 27.0 -19.097 -29.586
48 27.0 -18.744 -29.664
60 27.0 -18.826 -30.276
72 27.0 -18.406 -30.486
84 27.0 -18.278 -30.743
96 27.0 -19.799 -27.534
108 27.0 -19.408 -29.063
120 27.0 -20.284 -28.359
132 27.0 -19.977 -29.092
144 27.0 -19.981 -30.814
156 27.0 -19.437 -28.319
168 27.0 -19.903 -29.747
180 27.0 -18.916 -27.695
192 27.0 -21.378 -27.287
204 27.0 -19.578 -28.499
216 27.0 -19.667 -28.498
228 27.0 -19.643 -27.147
0 28.0 -18.172 -28.289
12 28.0 -17.682 -28.283
24 28.0 -17.599 -28.786
36 28.0 -17.494 -29.060
48 28.0 -17.268 -29.348
60 28.0 -16.684 -29.415
72 28.0 -16.131 -29.280
84 28.0 -15.420 -29.381
96 28.0 -19.247 -28.232
108 28.0 -19.417 -28.216
120 28.0 -18.111 -30.193
132 28.0 -17.517 -28.311
144 28.0 -19.145 -28.682
156 28.0 -18.359 -27.942
168 28.0 -19.101 -30.150
180 28.0 -18.024 -29.232
192 28.0 -18.898 -28.733
204 28.0 -18.645 -29.281
216 28.0 -17.598 -28.043
228 28.0 -17.472 -29.526
144 30.0 -21.389 -22.508
156 30.0 -20.795 -23.305
168 30.0 -20.573 -23.507
180 30.0 -20.129 -24.154
192 30.0 -19.841 -24.588
204 30.0 -19.568 -25.276
216 30.0 -19.095 -25.731
228 30.0 -18.525 -26.481
240 30.0 -21.687 -22.204
252 30.0 -22.584 -23.816
264 30.0 -21.883 -23.604
276 30.0 -20.778 -24.401
288 30.0 -21.165 -22.515
300 30.0 -21.042 -21.861
312 30.0 -20.409 -21.031
324 30.0 -21.331 -21.267
336 30.0 -21.646 -22.487
348 30.0 -22.038 -21.462
360 30.0 -22.329 -21.891
372 30.0 -19.208 -21.979
156 17.0 -9.406 -32.858
168 17.0 -9.544 -32.532
180 17.0 -9.794 -32.262
192 17.0 -9.458 -31.874
204 17.0 -9.161 -31.474
216 17.0 -9.087 -31.270
228 17.0 -9.050 -31.353
240 17.0 -9.238 -31.483
252 17.0 -8.988 -33.189
264 17.0 -9.564 -33.205
276 17.0 -9.209 -31.422
288 17.0 -9.244 -31.819
300 17.0 -8.019 -33.195
312 17.0 -9.507 -32.205
324 17.0 -8.339 -32.998
336 17.0 -9.938 -31.977
348 17.0 -9.188 -32.444
360 17.0 -9.188 -31.353
372 17.0 -8.258 -32.544
384 17.0 -10.797 -32.442
