0 0.0 2.096 15.052
12 0.0 2.068 15.504
24 0.0 2.118 15.973
36 0.0 1.909 16.246
48 0.0 1.963 16.676
60 0.0 1.841 17.111
72 0.0 1.943 17.415
84 0.0 1.911 17.798
96 0.0 2.258 15.290
108 0.0 1.755 14.068
120 0.0 3.302 16.893
132 0.0 3.542 15.236
144 0.0 3.071 15.365
156 0.0 1.418 15.212
168 0.0 2.031 16.658
180 0.0 1.765 13.055
192 0.0 1.236 13.935
204 0.0 2.034 15.269
216 0.0 2.925 15.069
228 0.0 1.799 15.080
0 8.0 4.316 -7.229
12 8.0 3.180 -8.181
24 8.0 1.769 -8.809
36 8.0 0.237 -9.624
48 8.0 -1.057 -10.437
60 8.0 -2.202 -11.265
72 8.0 -3.612 -12.317
84 8.0 -4.416 -13.363
96 8.0 4.757 -7.186
108 8.0 5.241 -8.213
120 8.0 4.097 -5.557
132 8.0 4.230 -7.539
144 8.0 3.556 -7.242
156 8.0 5.299 -6.657
168 8.0 5.496 -5.836
180 8.0 4.008 -7.562
192 8.0 4.173 -7.914
204 8.0 2.189 -9.275
216 8.0 6.121 -5.792
228 8.0 4.563 -6.689
0 46.0 -28.877 -12.885
12 46.0 -28.759 -13.091
24 46.0 -28.516 -13.290
36 46.0 -28.154 -13.533
48 46.0 -28.036 -13.620
60 46.0 -27.612 -13.795
72 46.0 -27.457 -14.007
84 46.0 -27.371 -13.834
96 46.0 -28.045 -11.817
108 46.0 -29.735 -12.518
120 46.0 -29.401 -12.331
132 46.0 -27.347 -13.054
144 46.0 -30.482 -13.142
156 46.0 -29.448 -14.618
168 46.0 -29.482 -12.061
180 46.0 -30.355 -13.751
192 46.0 -27.804 -14.153
204 46.0 -29.055 -13.914
216 46.0 -28.900 -14.089
228 46.0 -28.482 -11.621
0 26.0 -44.826 -25.534
12 26.0 -44.763 -25.708
24 26.0 -44.789 -25.774
36 26.0 -44.764 -25.747
48 26.0 -44.851 -25.516
60 26.0 -44.777 -25.717
72 26.0 -44.784 -25.765
84 26.0 -44.769 -25.678
96 26.0 -44.258 -25.248
108 26.0 -43.840 -25.482
120 26.0 -43.976 -25.868
132 26.0 -46.027 -24.667
144 26.0 -45.271 -25.507
156 26.0 -46.253 -26.848
168 26.0 -45.284 -25.281
180 26.0 -45.722 -25.091
192 26.0 -43.174 -24.419
204 26.0 -44.803 -24.741
216 26.0 -45.802 -25.090
228 26.0 -45.668 -24.190
72 35.0 13.408 -8.626
84 35.0 13.749 -9.824
96 35.0 14.147 -11.030
108 35.0 14.526 -12.220
120 35.0 14.712 -13.190
132 35.0 15.119 -14.271
144 35.0 15.480 -15.549
156 35.0 17.801 -19.182
168 35.0 11.334 -6.932
180 35.0 14.684 -9.617
192 35.0 12.702 -8.070
204 35.0 13.323 -8.743
216 35.0 12.736 -9.686
228 35.0 14.611 -7.322
240 35.0 14.614 -8.438
252 35.0 13.803 -8.712
264 35.0 12.722 -9.546
276 35.0 13.915 -9.820
288 35.0 13.409 -10.082
300 35.0 13.431 -9.526
216 52.0 -28.705 4.578
228 52.0 -28.937 5.108
240 52.0 -29.212 5.355
252 52.0 -29.315 6.130
264 52.0 -29.221 6.888
276 52.0 -29.804 7.472
288 52.0 -30.226 8.186
300 52.0 -30.268 8.267
312 52.0 -29.028 3.510
324 52.0 -27.974 5.287
336 52.0 -28.049 4.269
348 52.0 -28.495 4.281
360 52.0 -28.273 4.592
372 52.0 -28.725 5.175
384 52.0 -29.828 4.693
396 52.0 -27.598 5.195
408 52.0 -27.573 5.061
420 52.0 -29.936 4.041
432 52.0 -29.118 3.058
444 52.0 -28.759 6.549
