0 47.0 33.072 -30.745
12 47.0 33.672 -30.985
24 47.0 34.377 -31.438
36 47.0 35.048 -31.749
48 47.0 35.673 -32.103
60 47.0 36.190 -32.395
72 47.0 36.661 -32.515
84 47.0 36.996 -33.081
96 47.0 33.502 -30.921
108 47.0 33.679 -30.187
120 47.0 32.959 -30.668
132 47.0 32.920 -31.409
144 47.0 32.900 -30.084
156 47.0 33.762 -29.647
168 47.0 33.291 -31.040
180 47.0 32.323 -30.455
192 47.0 31.799 -31.632
204 47.0 33.939 -31.305
216 47.0 32.168 -30.786
228 47.0 31.399 -32.490
0 49.0 34.467 -32.701
12 49.0 33.852 -32.548
24 49.0 33.667 -32.145
36 49.0 33.092 -31.900
48 49.0 32.910 -31.685
60 49.0 32.516 -31.315
72 49.0 32.151 -31.312
84 49.0 31.472 -31.163
96 49.0 35.515 -34.398
108 49.0 33.045 -32.698
120 49.0 34.963 -32.600
132 49.0 33.584 -32.665
144 49.0 34.164 -32.201
156 49.0 34.400 -31.255
168 49.0 35.150 -33.647
180 49.0 34.570 -31.693
192 49.0 33.609 -32.502
204 49.0 35.642 -32.506
216 49.0 34.348 -33.724
228 49.0 34.421 -34.436
0 52.0 -3.001 -19.269
12 52.0 -3.546 -19.847
24 52.0 -4.184 -20.232
36 52.0 -4.501 -20.517
48 52.0 -4.887 -21.117
60 52.0 -5.265 -21.429
72 52.0 -5.992 -21.853
84 52.0 -6.602 -22.241
96 52.0 -3.585 -18.233
108 52.0 -3.395 -20.177
120 52.0 -4.326 -19.911
132 52.0 -3.037 -19.185
144 52.0 -2.506 -18.293
156 52.0 -3.287 -20.445
168 52.0 -0.191 -20.194
180 52.0 -2.547 -20.514
192 52.0 -2.587 -19.663
204 52.0 -2.596 -19.319
216 52.0 -2.717 -19.260
228 52.0 -3.216 -18.686
0 54.0 4.210 0.969
12 54.0 4.596 0.876
24 54.0 4.856 0.774
36 54.0 5.687 0.655
48 54.0 6.158 0.495
60 54.0 6.548 0.373
72 54.0 7.149 0.207
84 54.0 7.821 0.195
96 54.0 4.143 0.303
108 54.0 3.927 0.612
120 54.0 3.280 1.847
132 54.0 4.481 -0.658
144 54.0 3.370 0.362
156 54.0 4.570 2.022
168 54.0 4.002 0.624
180 54.0 2.412 0.626
192 54.0 3.628 0.254
204 54.0 4.922 1.441
216 54.0 4.329 1.664
228 54.0 3.794 1.140
0 56.0 13.404 1.650
12 56.0 13.883 1.360
24 56.0 14.477 1.122
36 56.0 14.742 0.915
48 56.0 15.403 0.594
60 56.0 15.905 0.520
72 56.0 16.017 0.058
84 56.0 16.821 -0.121
96 56.0 14.056 2.691
108 56.0 13.493 2.202
120 56.0 14.733 1.500
132 56.0 13.295 1.585
144 56.0 13.190 0.456
156 56.0 13.148 1.643
168 56.0 13.016 2.481
180 56.0 11.958 1.963
192 56.0 12.445 1.420
204 56.0 13.101 3.348
216 56.0 11.636 2.879
228 56.0 14.378 1.727
0 58.0 -18.338 -1.913
12 58.0 -18.500 -2.141
24 58.0 -18.883 -2.438
36 58.0 -18.944 -2.661
48 58.0 -19.088 -2.875
60 58.0 -19.429 -3.355
72 58.0 -19.751 -3.883
84 58.0 -19.909 -4.391
96 58.0 -18.681 -1.768
108 58.0 -17.444 -1.337
120 58.0 -20.486 -1.592
132 58.0 -18.484 -2.998
144 58.0 -18.230 -1.988
156 58.0 -17.857 -1.888
168 58.0 -18.142 -1.983
180 58.0 -19.816 -2.338
192 58.0 -19.051 -1.973
204 58.0 -19.190 -2.353
216 58.0 -18.128 -2.921
228 58.0 -18.869 -1.900
0 91.0 3.193 -8.240
12 91.0 2.940 -8.911
24 91.0 2.684 -9.366
36 91.0 2.283 -9.870
48 91.0 1.946 -10.511
60 91.0 1.687 -11.197
72 91.0 1.369 -11.596
84 91.0 1.128 -12.237
96 91.0 2.691 -9.183
108 91.0 2.876 -9.028
120 91.0 2.752 -7.019
132 91.0 2.374 -8.769
144 91.0 4.352 -7.446
156 91.0 4.151 -7.109
168 91.0 3.415 -8.370
180 91.0 3.437 -8.079
192 91.0 2.804 -8.805
204 91.0 3.327 -9.238
216 91.0 2.020 -9.257
228 91.0 2.737 -8.444
96 51.0 47.791 -40.959
108 51.0 46.871 -39.804
120 51.0 46.212 -39.462
132 51.0 45.861 -39.100
144 51.0 45.294 -38.548
156 51.0 44.707 -38.324
168 51.0 44.047 -38.149
180 51.0 43.357 -37.946
192 51.0 48.312 -41.840
204 51.0 47.437 -39.421
216 51.0 46.526 -41.780
228 51.0 47.232 -39.939
240 51.0 47.119 -42.024
252 51.0 47.768 -41.310
264 51.0 46.322 -42.277
276 51.0 48.071 -40.494
288 51.0 48.225 -42.186
300 51.0 48.590 -41.804
312 51.0 48.238 -40.510
324 51.0 46.815 -40.952
240 48.0 44.195 -37.498
252 48.0 44.976 -37.665
264 48.0 45.547 -37.674
276 48.0 45.988 -38.117
288 48.0 46.344 -38.168
300 48.0 46.866 -39.158
312 48.0 47.209 -38.830
324 48.0 47.531 -39.232
336 48.0 45.680 -38.329
348 48.0 44.211 -37.687
360 48.0 44.185 -38.023
372 48.0 43.924 -38.600
384 48.0 44.205 -38.508
396 48.0 44.847 -36.777
408 48.0 45.139 -36.038
420 48.0 43.986 -37.403
432 48.0 44.029 -38.565
444 48.0 44.045 -37.302
456 48.0 44.376 -39.820
468 48.0 42.533 -37.748
240 50.0 29.437 -29.881
252 50.0 29.532 -29.800
264 50.0 29.585 -29.815
276 50.0 29.460 -29.726
288 50.0 29.467 -29.638
300 50.0 29.446 -29.858
312 50.0 29.562 -29.821
324 50.0 29.587 -29.870
336 50.0 28.686 -29.892
348 50.0 29.691 -30.750
360 50.0 30.925 -31.127
372 50.0 30.309 -30.350
384 50.0 30.100 -30.803
396 50.0 28.823 -29.526
408 50.0 29.409 -31.812
420 50.0 29.303 -29.585
432 50.0 30.226 -30.040
444 50.0 30.257 -30.582
456 50.0 28.786 -30.710
468 50.0 29.586 -29.992
240 53.0 -9.805 -24.349
252 53.0 -9.983 -24.627
264 53.0 -9.867 -24.674
276 53.0 -9.816 -24.658
288 53.0 -9.430 -24.674
300 53.0 -9.715 -24.465
312 53.0 -9.830 -24.349
324 53.0 -9.794 -24.367
336 53.0 -10.356 -23.140
348 53.0 -10.412 -22.327
360 53.0 -9.577 -24.651
372 53.0 -9.718 -25.355
384 53.0 -9.771 -24.065
396 53.0 -8.436 -24.117
408 53.0 -9.296 -22.986
420 53.0 -11.612 -26.024
432 53.0 -9.679 -22.760
444 53.0 -9.263 -25.732
456 53.0 -10.329 -24.403
468 53.0 -10.129 -23.904
240 55.0 15.965 -1.033
252 55.0 16.504 -1.132
264 55.0 17.164 -1.036
276 55.0 17.974 -1.314
288 55.0 18.726 -1.427
300 55.0 19.274 -1.670
312 55.0 19.684 -1.909
324 55.0 20.410 -2.210
336 55.0 14.933 -0.665
348 55.0 15.865 -0.839
360 55.0 16.037 -1.533
372 55.0 15.982 -0.485
384 55.0 15.733 -1.507
396 55.0 15.909 -1.198
408 55.0 16.618 -1.016
420 55.0 16.657 -1.431
432 55.0 15.793 -2.000
444 55.0 16.172 -1.705
456 55.0 16.386 -0.178
468 55.0 15.768 -2.073
240 57.0 24.029 -2.812
252 57.0 24.247 -3.337
264 57.0 24.812 -3.441
276 57.0 25.280 -3.793
288 57.0 25.850 -4.184
300 57.0 26.563 -4.661
312 57.0 26.893 -4.806
324 57.0 27.363 -5.277
336 57.0 23.438 -3.219
348 57.0 24.425 -2.070
360 57.0 24.116 -4.175
372 57.0 23.587 -3.265
384 57.0 25.501 -3.450
396 57.0 22.379 -4.118
408 57.0 25.240 -2.323
420 57.0 23.664 -4.107
432 57.0 24.293 -3.263
444 57.0 25.049 -1.727
456 57.0 25.065 -2.022
468 57.0 23.574 -1.469
240 59.0 -23.868 -10.697
252 59.0 -23.442 -11.366
264 59.0 -23.376 -10.959
276 59.0 -23.430 -11.019
288 59.0 -23.522 -11.517
300 59.0 -23.418 -11.239
312 59.0 -23.578 -11.437
324 59.0 -23.523 -11.645
336 59.0 -23.654 -11.404
348 59.0 -23.392 -11.469
360 59.0 -24.037 -10.997
372 59.0 -25.294 -10.795
384 59.0 -23.682 -10.468
396 59.0 -24.205 -9.254
408 59.0 -23.484 -10.089
420 59.0 -25.218 -10.877
432 59.0 -24.744 -11.392
444 59.0 -23.571 -11.750
456 59.0 -24.717 -10.864
468 59.0 -23.179 -11.608
240 92.0 -0.173 -18.439
252 92.0 -0.253 -18.842
264 92.0 -0.572 -19.300
276 92.0 -0.480 -19.828
288 92.0 -0.896 -20.402
300 92.0 -1.217 -20.486
312 92.0 -1.580 -21.227
324 92.0 -1.374 -21.669
336 92.0 -0.069 -18.231
348 92.0 0.829 -19.344
360 92.0 -0.549 -19.305
372 92.0 -1.257 -18.425
384 92.0 0.710 -18.899
396 92.0 0.968 -17.375
408 92.0 -0.920 -18.250
420 92.0 0.288 -18.303
432 92.0 0.830 -18.911
444 92.0 -0.019 -18.774
456 92.0 0.078 -18.808
468 92.0 0.814 -17.792
264 27.0 -24.100 3.819
276 27.0 -23.643 3.664
288 27.0 -23.303 3.237
300 27.0 -23.047 3.189
312 27.0 -22.608 2.901
324 27.0 -22.307 2.903
336 27.0 -22.170 2.451
348 27.0 -21.788 2.358
360 27.0 -24.163 4.338
372 27.0 -24.215 5.965
384 27.0 -23.299 4.230
396 27.0 -23.580 4.567
408 27.0 -25.072 4.537
420 27.0 -24.058 3.065
432 27.0 -24.128 3.483
444 27.0 -24.359 5.150
456 27.0 -22.788 4.556
468 27.0 -25.767 3.409
480 27.0 -22.596 4.530
492 27.0 -23.904 3.393
504 10.0 28.510 -17.401
516 10.0 28.418 -17.463
528 10.0 28.431 -17.867
540 10.0 28.121 -17.773
552 10.0 28.491 -17.711
564 10.0 28.186 -17.791
576 10.0 28.261 -17.892
588 10.0 28.197 -17.845
600 10.0 28.028 -17.810
612 10.0 28.942 -18.594
624 10.0 27.615 -16.440
636 10.0 28.104 -17.589
648 10.0 28.871 -17.350
660 10.0 29.764 -16.923
672 10.0 27.682 -17.306
684 10.0 29.050 -16.173
696 10.0 28.086 -18.400
708 10.0 28.471 -17.308
720 10.0 27.966 -17.816
732 10.0 29.510 -16.153
504 28.0 -16.234 -1.078
516 28.0 -15.705 -1.391
528 28.0 -15.050 -1.672
540 28.0 -14.778 -1.978
552 28.0 -14.323 -2.189
564 28.0 -13.702 -2.534
576 28.0 -13.249 -2.838
588 28.0 -12.823 -3.084
600 28.0 -17.865 -1.667
612 28.0 -13.857 -0.284
624 28.0 -15.173 -1.338
636 28.0 -15.406 -0.145
648 28.0 -15.658 -2.039
660 28.0 -15.641 -1.483
672 28.0 -16.662 -1.216
684 28.0 -14.568 -2.194
696 28.0 -16.895 -1.773
708 28.0 -16.639 -2.245
720 28.0 -15.928 -0.115
732 28.0 -16.515 -0.076
504 37.0 -8.244 -30.504
516 37.0 -8.240 -30.503
528 37.0 -8.264 -30.505
540 37.0 -8.218 -30.551
552 37.0 -8.399 -30.577
564 37.0 -8.217 -30.567
576 37.0 -8.263 -30.550
588 37.0 -8.301 -30.634
600 37.0 -7.320 -30.469
612 37.0 -6.968 -31.999
624 37.0 -6.777 -30.465
636 37.0 -8.205 -30.844
648 37.0 -8.544 -31.568
660 37.0 -6.845 -30.381
672 37.0 -6.447 -30.583
684 37.0 -7.662 -30.375
696 37.0 -8.489 -32.437
708 37.0 -8.183 -31.040
720 37.0 -8.033 -30.876
732 37.0 -8.573 -30.784
504 95.0 34.607 -21.079
516 95.0 34.594 -21.234
528 95.0 34.803 -21.242
540 95.0 34.879 -21.337
552 95.0 34.961 -21.316
564 95.0 35.051 -21.375
576 95.0 35.224 -21.416
588 95.0 35.307 -21.431
600 95.0 33.882 -20.775
612 95.0 35.110 -21.384
624 95.0 35.966 -20.355
636 95.0 35.788 -21.425
648 95.0 35.597 -20.103
660 95.0 34.514 -21.225
672 95.0 35.151 -22.190
684 95.0 33.919 -21.388
696 95.0 35.093 -21.311
708 95.0 34.059 -20.913
720 95.0 35.779 -20.914
732 95.0 32.040 -21.040
504 97.0 -7.185 -30.209
516 97.0 -7.475 -30.292
528 97.0 -7.463 -30.320
540 97.0 -7.181 -30.119
552 97.0 -7.208 -30.402
564 97.0 -7.400 -30.323
576 97.0 -7.356 -30.258
588 97.0 -7.101 -30.287
600 97.0 -4.857 -28.788
612 97.0 -7.396 -30.357
624 97.0 -8.706 -30.268
636 97.0 -7.541 -29.818
648 97.0 -8.856 -30.998
660 97.0 -7.541 -31.241
672 97.0 -6.782 -30.269
684 97.0 -6.707 -31.206
696 97.0 -7.135 -31.000
708 97.0 -7.980 -30.188
720 97.0 -7.960 -31.936
732 97.0 -7.295 -31.035
504 99.0 -8.477 -30.989
516 99.0 -8.605 -31.257
528 99.0 -8.534 -30.840
540 99.0 -8.285 -31.108
552 99.0 -8.567 -31.081
564 99.0 -8.551 -30.742
576 99.0 -8.461 -31.017
588 99.0 -8.572 -30.913
600 99.0 -7.895 -31.996
612 99.0 -9.088 -30.020
624 99.0 -9.431 -29.883
636 99.0 -8.633 -31.378
648 99.0 -9.699 -32.702
660 99.0 -8.392 -30.412
672 99.0 -9.706 -31.621
684 99.0 -7.272 -29.726
696 99.0 -7.952 -32.210
708 99.0 -9.507 -31.305
720 99.0 -9.374 -30.740
732 99.0 -9.149 -30.959
564 89.0 33.616 -14.833
576 89.0 34.464 -15.624
588 89.0 35.615 -16.133
600 89.0 35.382 -16.673
612 89.0 35.623 -17.103
624 89.0 36.044 -17.508
636 89.0 36.460 -18.173
648 89.0 36.767 -18.739
660 89.0 34.434 -15.619
672 89.0 35.076 -15.117
684 89.0 32.645 -14.559
696 89.0 32.554 -14.156
708 89.0 34.751 -13.839
720 89.0 32.545 -15.467
732 89.0 33.094 -15.219
744 89.0 32.740 -14.616
756 89.0 34.053 -14.115
768 89.0 33.087 -14.630
780 89.0 32.391 -14.699
792 89.0 33.505 -17.741
636 90.0 33.464 -14.675
648 90.0 33.463 -14.893
660 90.0 33.987 -15.530
672 90.0 34.868 -16.141
684 90.0 35.613 -16.527
696 90.0 35.691 -17.246
708 90.0 35.252 -17.661
720 90.0 35.789 -18.165
732 90.0 33.407 -14.038
744 90.0 33.671 -15.884
756 90.0 33.249 -16.364
768 90.0 33.521 -15.008
780 90.0 33.259 -14.307
792 90.0 31.432 -16.078
804 90.0 33.845 -13.976
816 90.0 34.353 -16.312
828 90.0 34.613 -12.562
840 90.0 33.722 -13.798
852 90.0 33.797 -15.238
864 90.0 32.720 -12.936
648 96.0 10.324 -28.855
660 96.0 9.662 -28.744
672 96.0 8.744 -28.614
684 96.0 8.111 -28.641
696 96.0 7.099 -28.248
708 96.0 6.638 -28.093
720 96.0 5.844 -28.048
732 96.0 5.337 -28.098
744 96.0 11.729 -30.099
756 96.0 10.904 -28.903
768 96.0 10.853 -29.595
780 96.0 10.482 -28.022
792 96.0 9.731 -27.185
804 96.0 9.893 -29.684
816 96.0 10.416 -27.160
828 96.0 10.072 -27.882
840 96.0 8.996 -29.220
852 96.0 8.834 -29.775
864 96.0 10.976 -29.551
876 96.0 10.015 -27.321
744 11.0 28.417 -19.176
756 11.0 28.691 -19.206
768 11.0 28.858 -19.268
780 11.0 29.084 -19.320
792 11.0 29.255 -19.280
804 11.0 29.447 -19.224
816 11.0 29.727 -19.328
828 11.0 29.771 -19.192
840 11.0 29.705 -20.099
852 11.0 27.136 -18.458
864 11.0 27.785 -19.151
876 11.0 28.474 -19.668
888 11.0 28.125 -18.402
900 11.0 28.257 -19.228
912 11.0 27.997 -19.583
924 11.0 27.755 -19.084
936 11.0 30.083 -19.875
948 11.0 26.755 -19.800
960 11.0 28.204 -18.447
972 11.0 28.129 -20.394
744 29.0 -7.370 -6.462
756 29.0 -7.169 -6.804
768 29.0 -6.830 -7.068
780 29.0 -6.345 -7.472
792 29.0 -5.790 -7.831
804 29.0 -5.377 -8.101
816 29.0 -5.079 -8.303
828 29.0 -4.621 -8.705
840 29.0 -6.626 -5.561
852 29.0 -7.363 -6.697
864 29.0 -6.802 -5.391
876 29.0 -8.362 -7.233
888 29.0 -7.474 -5.941
900 29.0 -8.444 -6.847
912 29.0 -8.243 -8.383
924 29.0 -6.471 -7.934
936 29.0 -8.163 -6.262
948 29.0 -5.770 -6.729
960 29.0 -7.830 -7.464
972 29.0 -8.612 -7.581
744 38.0 -8.287 -30.658
756 38.0 -8.212 -30.442
768 38.0 -8.140 -30.356
780 38.0 -8.252 -30.591
792 38.0 -8.338 -30.288
804 38.0 -8.268 -30.541
816 38.0 -8.247 -30.635
828 38.0 -8.089 -30.619
840 38.0 -8.404 -30.059
852 38.0 -7.932 -31.529
864 38.0 -7.005 -30.192
876 38.0 -9.764 -32.104
888 38.0 -8.648 -30.348
900 38.0 -7.729 -30.407
912 38.0 -6.907 -31.265
924 38.0 -8.323 -29.274
936 38.0 -9.601 -30.744
948 38.0 -8.202 -31.095
960 38.0 -8.452 -30.834
972 38.0 -7.268 -31.455
744 98.0 -6.822 -30.637
756 98.0 -6.852 -30.528
768 98.0 -6.656 -30.645
780 98.0 -6.601 -30.726
792 98.0 -6.719 -30.698
804 98.0 -6.465 -30.654
816 98.0 -6.441 -30.718
828 98.0 -6.269 -31.034
840 98.0 -5.688 -31.072
852 98.0 -7.526 -31.483
864 98.0 -6.648 -30.194
876 98.0 -8.267 -33.061
888 98.0 -7.960 -30.839
900 98.0 -7.001 -30.845
912 98.0 -7.471 -29.957
924 98.0 -6.466 -30.957
936 98.0 -6.120 -29.529
948 98.0 -5.374 -30.891
960 98.0 -7.379 -33.320
972 98.0 -6.738 -32.700
744 100.0 -8.310 -30.876
756 100.0 -8.459 -30.898
768 100.0 -8.532 -30.954
780 100.0 -8.503 -31.009
792 100.0 -8.429 -30.920
804 100.0 -8.481 -30.983
816 100.0 -8.552 -30.966
828 100.0 -8.477 -31.034
840 100.0 -8.349 -29.670
852 100.0 -7.568 -30.786
864 100.0 -7.995 -31.813
876 100.0 -7.861 -30.572
888 100.0 -8.827 -31.492
900 100.0 -9.861 -31.603
912 100.0 -6.888 -31.937
924 100.0 -8.069 -30.659
936 100.0 -8.867 -28.810
948 100.0 -6.952 -29.409
960 100.0 -6.935 -29.815
972 100.0 -8.541 -31.993
828 5.0 9.928 -28.866
840 5.0 9.124 -28.684
852 5.0 8.588 -28.671
864 5.0 8.019 -28.761
876 5.0 7.598 -28.775
888 5.0 7.089 -28.724
900 5.0 6.542 -28.752
912 5.0 6.155 -28.741
924 5.0 9.385 -28.398
936 5.0 9.773 -30.857
948 5.0 10.477 -30.277
960 5.0 10.871 -28.058
972 5.0 10.970 -28.709
984 5.0 9.586 -29.512
996 5.0 11.119 -29.010
1008 5.0 9.987 -27.971
1020 5.0 8.557 -29.165
1032 5.0 10.037 -28.236
1044 5.0 10.773 -28.016
1056 5.0 10.132 -27.590
852 21.0 -3.718 -33.175
864 21.0 -3.827 -32.713
876 21.0 -3.616 -32.697
888 21.0 -2.840 -32.214
900 21.0 -2.492 -31.571
912 21.0 -3.129 -31.282
924 21.0 -2.971 -30.633
936 21.0 -2.624 -30.418
948 21.0 -3.650 -34.243
960 21.0 -5.064 -34.356
972 21.0 -4.069 -33.349
984 21.0 -5.388 -34.296
996 21.0 -3.196 -32.560
1008 21.0 -3.190 -33.445
1020 21.0 -3.098 -33.495
1032 21.0 -3.240 -34.233
1044 21.0 -5.180 -33.128
1056 21.0 -4.983 -32.423
1068 21.0 -4.112 -33.368
1080 21.0 -4.646 -32.711
900 19.0 47.946 -39.098
912 19.0 47.580 -39.122
924 19.0 47.433 -38.974
936 19.0 47.226 -38.992
948 19.0 47.152 -39.063
960 19.0 46.526 -38.687
972 19.0 46.114 -38.514
984 19.0 45.526 -38.389
996 19.0 48.243 -38.706
1008 19.0 49.663 -37.667
1020 19.0 49.516 -39.166
1032 19.0 48.850 -39.432
1044 19.0 47.883 -40.065
1056 19.0 47.224 -40.373
1068 19.0 46.518 -39.261
1080 19.0 48.341 -38.088
1092 19.0 50.117 -37.859
1104 19.0 48.061 -38.038
1116 19.0 48.554 -38.820
1128 19.0 46.136 -39.293
936 43.0 -8.079 -23.801
948 43.0 -7.209 -23.483
960 43.0 -6.872 -23.454
972 43.0 -6.190 -22.992
984 43.0 -5.776 -22.993
996 43.0 -5.466 -22.930
1008 43.0 -5.769 -22.693
1020 43.0 -5.595 -22.596
1032 43.0 -8.573 -24.022
1044 43.0 -8.834 -24.448
1056 43.0 -9.565 -24.586
1068 43.0 -7.662 -24.890
1080 43.0 -8.351 -24.351
1092 43.0 -8.620 -23.777
1104 43.0 -6.739 -23.631
1116 43.0 -9.215 -24.125
1128 43.0 -8.734 -23.605
1140 43.0 -9.935 -23.960
1152 43.0 -8.750 -24.393
1164 43.0 -7.492 -23.713
960 17.0 -18.810 11.537
972 17.0 -18.599 12.069
984 17.0 -18.375 12.556
996 17.0 -18.116 12.762
1008 17.0 -17.791 12.691
1020 17.0 -17.429 12.503
1032 17.0 -17.198 12.606
1044 17.0 -16.978 12.399
1056 17.0 -18.846 12.374
1068 17.0 -19.758 12.261
1080 17.0 -18.918 11.450
1092 17.0 -19.136 11.977
1104 17.0 -19.195 10.583
1116 17.0 -18.704 10.221
1128 17.0 -18.525 12.868
1140 17.0 -18.731 11.715
1152 17.0 -19.023 10.534
1164 17.0 -18.980 12.670
1176 17.0 -19.429 10.857
1188 17.0 -19.225 11.554
984 12.0 36.750 -20.704
996 12.0 37.301 -21.013
1008 12.0 37.794 -21.392
1020 12.0 38.061 -21.532
1032 12.0 38.465 -21.769
1044 12.0 38.738 -22.111
1056 12.0 39.178 -22.540
1068 12.0 39.611 -23.035
1080 12.0 35.789 -20.883
1092 12.0 37.192 -21.160
1104 12.0 36.544 -20.377
1116 12.0 35.651 -18.453
1128 12.0 37.113 -19.928
1140 12.0 36.031 -21.512
1152 12.0 35.634 -21.289
1164 12.0 37.128 -20.523
1176 12.0 37.032 -19.799
1188 12.0 36.266 -20.001
1200 12.0 36.980 -20.545
1212 12.0 37.006 -21.275
984 30.0 -0.056 -13.173
996 30.0 0.267 -13.480
1008 30.0 1.263 -14.673
1020 30.0 1.098 -14.914
1032 30.0 1.558 -15.312
1044 30.0 1.439 -16.011
1056 30.0 1.571 -16.504
1068 30.0 1.964 -16.946
1080 30.0 0.334 -11.729
1092 30.0 -0.504 -14.349
1104 30.0 1.433 -13.802
1116 30.0 0.588 -13.609
1128 30.0 0.384 -13.582
1140 30.0 0.014 -13.257
1152 30.0 -0.473 -11.897
1164 30.0 -0.595 -13.577
1176 30.0 -0.179 -13.577
1188 30.0 1.185 -12.789
1200 30.0 0.717 -13.690
1212 30.0 0.629 -12.277
984 39.0 -8.306 -30.624
996 39.0 -8.104 -30.494
1008 39.0 -8.304 -30.436
1020 39.0 -8.374 -30.474
1032 39.0 -8.258 -30.549
1044 39.0 -8.243 -30.515
1056 39.0 -8.394 -30.534
1068 39.0 -8.164 -30.437
1080 39.0 -7.331 -30.199
1092 39.0 -8.288 -30.846
1104 39.0 -8.209 -31.293
1116 39.0 -9.081 -31.567
1128 39.0 -8.394 -29.188
1140 39.0 -8.258 -30.248
1152 39.0 -8.932 -31.062
1164 39.0 -8.457 -31.324
1176 39.0 -8.055 -32.844
1188 39.0 -7.233 -31.325
1200 39.0 -8.394 -30.518
1212 39.0 -7.994 -29.225
996 8.0 -4.164 -18.614
1008 8.0 -3.917 -18.416
1020 8.0 -4.000 -18.581
1032 8.0 -4.045 -18.712
1044 8.0 -4.098 -18.546
1056 8.0 -4.003 -18.540
1068 8.0 -4.031 -18.613
1080 8.0 -4.312 -18.520
1092 8.0 -5.475 -18.129
1104 8.0 -4.996 -18.803
1116 8.0 -5.152 -19.114
1128 8.0 -4.020 -19.874
1140 8.0 -4.169 -19.198
1152 8.0 -3.994 -19.229
1164 8.0 -4.084 -19.673
1176 8.0 -3.832 -18.405
1188 8.0 -3.922 -18.692
1200 8.0 -3.944 -18.012
1212 8.0 -4.434 -18.683
1224 8.0 -3.742 -17.224
996 13.0 2.753 -34.711
1008 13.0 3.559 -33.055
1020 13.0 4.194 -32.024
1032 13.0 4.960 -30.969
1044 13.0 5.780 -29.963
1056 13.0 6.818 -28.522
1068 13.0 7.577 -27.825
1080 13.0 8.719 -27.108
1092 13.0 3.090 -35.120
1104 13.0 2.535 -35.448
1116 13.0 1.402 -34.887
1128 13.0 1.859 -34.838
1140 13.0 3.388 -33.650
1152 13.0 2.525 -36.760
1164 13.0 2.465 -34.852
1176 13.0 3.594 -35.258
1188 13.0 1.646 -35.461
1200 13.0 1.139 -32.942
1212 13.0 2.469 -34.903
1224 13.0 1.266 -35.589
996 15.0 7.671 -38.095
1008 15.0 7.528 -37.048
1020 15.0 7.876 -36.260
1032 15.0 7.987 -35.755
1044 15.0 8.386 -35.106
1056 15.0 8.628 -34.556
1068 15.0 9.542 -33.067
1080 15.0 10.091 -32.169
1092 15.0 8.481 -39.654
1104 15.0 7.614 -37.070
1116 15.0 8.832 -36.758
1128 15.0 7.972 -37.898
1140 15.0 8.094 -37.790
1152 15.0 8.662 -38.224
1164 15.0 7.756 -38.150
1176 15.0 6.138 -38.435
1188 15.0 7.494 -38.300
1200 15.0 6.580 -39.291
1212 15.0 9.116 -37.283
1224 15.0 7.125 -38.176
1068 6.0 -2.974 -27.988
1080 6.0 -4.049 -27.807
1092 6.0 -4.589 -27.659
1104 6.0 -5.136 -27.597
1116 6.0 -5.654 -27.593
1128 6.0 -6.262 -27.342
1140 6.0 -6.812 -27.578
1152 6.0 -7.194 -27.356
1164 6.0 -1.768 -29.926
1176 6.0 -3.382 -27.226
1188 6.0 -2.544 -27.127
1200 6.0 -2.644 -29.474
1212 6.0 -3.689 -28.259
1224 6.0 -3.252 -28.866
1236 6.0 -0.158 -26.161
1248 6.0 -4.106 -27.092
1260 6.0 -3.764 -27.856
1272 6.0 -2.703 -27.453
1284 6.0 -4.284 -26.969
1296 6.0 -2.737 -28.845
1092 22.0 0.051 -23.652
1104 22.0 0.282 -23.416
1116 22.0 0.071 -23.013
1128 22.0 0.298 -22.618
1140 22.0 0.148 -22.428
1152 22.0 0.175 -22.154
1164 22.0 0.276 -22.218
1176 22.0 0.281 -21.277
1188 22.0 -1.115 -24.812
1200 22.0 -0.859 -23.327
1212 22.0 1.036 -25.321
1224 22.0 -1.138 -25.059
1236 22.0 0.301 -24.960
1248 22.0 -0.507 -24.906
1260 22.0 -0.528 -24.301
1272 22.0 -1.362 -23.436
1284 22.0 -2.403 -23.448
1296 22.0 -1.600 -24.433
1308 22.0 -0.024 -23.752
1320 22.0 -0.251 -23.307
1140 20.0 37.569 -34.069
1152 20.0 37.260 -33.974
1164 20.0 36.642 -33.577
1176 20.0 36.125 -33.350
1188 20.0 36.142 -33.120
1200 20.0 35.369 -32.994
1212 20.0 34.906 -32.657
1224 20.0 34.737 -32.756
1236 20.0 37.553 -35.142
1248 20.0 36.133 -35.684
1260 20.0 37.011 -33.208
1272 20.0 36.392 -34.824
1284 20.0 39.320 -33.814
1296 20.0 37.574 -35.157
1308 20.0 37.509 -33.115
1320 20.0 37.429 -34.987
1332 20.0 37.535 -35.075
1344 20.0 37.947 -34.552
1356 20.0 37.632 -33.808
1368 20.0 38.370 -34.767
1176 44.0 -0.528 -18.694
1188 44.0 -0.391 -18.500
1200 44.0 -0.735 -17.571
1212 44.0 -0.792 -17.487
1224 44.0 -1.065 -16.582
1236 44.0 -1.561 -16.010
1248 44.0 -1.275 -15.563
1260 44.0 -1.179 -15.147
1272 44.0 -1.678 -18.739
1284 44.0 -0.056 -19.912
1296 44.0 -0.863 -19.712
1308 44.0 0.443 -17.936
1320 44.0 1.433 -18.697
1332 44.0 -1.570 -19.037
1344 44.0 -2.036 -19.577
1356 44.0 -0.634 -18.250
1368 44.0 -1.231 -17.675
1380 44.0 1.521 -20.152
1392 44.0 0.736 -18.726
1404 44.0 -0.895 -18.848
1200 18.0 -13.707 17.408
1212 18.0 -13.439 17.917
1224 18.0 -13.248 18.306
1236 18.0 -12.926 18.712
1248 18.0 -12.757 19.240
1260 18.0 -12.407 19.702
1272 18.0 -12.218 20.057
1284 18.0 -11.861 20.478
1296 18.0 -14.770 16.674
1308 18.0 -13.648 16.072
1320 18.0 -12.973 16.417
1332 18.0 -13.558 16.894
1344 18.0 -14.673 17.200
1356 18.0 -12.642 19.588
1368 18.0 -14.943 16.101
1380 18.0 -13.038 17.144
1392 18.0 -14.067 15.903
1404 18.0 -13.997 18.047
1416 18.0 -13.849 16.466
1428 18.0 -12.547 15.745
1224 31.0 3.822 -22.987
1236 31.0 4.026 -23.377
1248 31.0 4.162 -23.643
1260 31.0 4.235 -23.934
1272 31.0 4.560 -24.706
1284 31.0 4.804 -25.171
1296 31.0 4.666 -25.572
1308 31.0 4.570 -25.968
1320 31.0 5.448 -23.811
1332 31.0 4.155 -22.955
1344 31.0 3.762 -23.126
1356 31.0 3.187 -22.335
1368 31.0 5.058 -24.352
1380 31.0 3.378 -21.490
1392 31.0 4.385 -22.593
1404 31.0 4.221 -23.594
1416 31.0 4.718 -21.913
1428 31.0 4.024 -22.491
1440 31.0 4.627 -22.350
1452 31.0 4.268 -23.048
1224 40.0 -8.362 -30.346
1236 40.0 -8.200 -30.529
1248 40.0 -8.170 -30.474
1260 40.0 -8.291 -30.498
1272 40.0 -8.215 -30.538
1284 40.0 -8.277 -30.721
1296 40.0 -8.076 -30.411
1308 40.0 -8.056 -30.718
1320 40.0 -5.793 -31.112
1332 40.0 -7.720 -31.295
1344 40.0 -7.464 -30.278
1356 40.0 -9.030 -29.735
1368 40.0 -7.623 -31.596
1380 40.0 -7.549 -31.016
1392 40.0 -10.536 -30.804
1404 40.0 -7.898 -30.732
1416 40.0 -9.192 -30.074
1428 40.0 -9.432 -31.719
1440 40.0 -8.218 -29.714
1452 40.0 -7.108 -29.021
1236 9.0 -4.069 -18.614
1248 9.0 -4.385 -18.609
1260 9.0 -4.076 -18.549
1272 9.0 -4.237 -18.739
1284 9.0 -4.127 -18.283
1296 9.0 -4.153 -18.477
1308 9.0 -4.114 -18.849
1320 9.0 -4.172 -18.371
1332 9.0 -2.486 -19.244
1344 9.0 -3.892 -19.587
1356 9.0 -3.477 -20.154
1368 9.0 -3.454 -18.351
1380 9.0 -3.298 -18.977
1392 9.0 -3.848 -18.621
1404 9.0 -3.659 -18.018
1416 9.0 -4.804 -18.517
1428 9.0 -4.326 -16.697
1440 9.0 -3.020 -19.345
1452 9.0 -4.948 -19.450
1464 9.0 -5.342 -20.096
1236 14.0 21.159 -19.388
1248 14.0 22.878 -19.720
1260 14.0 24.175 -19.785
1272 14.0 25.761 -20.262
1284 14.0 27.357 -20.755
1296 14.0 28.119 -20.522
1308 14.0 28.696 -20.579
1320 14.0 29.768 -21.166
1332 14.0 21.145 -19.519
1344 14.0 22.219 -18.080
1356 14.0 21.326 -20.318
1368 14.0 21.510 -19.304
1380 14.0 20.595 -19.662
1392 14.0 19.554 -19.860
1404 14.0 20.395 -19.155
1416 14.0 21.782 -19.622
1428 14.0 20.629 -18.303
1440 14.0 20.423 -21.091
1452 14.0 21.547 -17.995
1464 14.0 22.035 -17.503
1236 16.0 20.903 -21.744
1248 16.0 21.951 -21.460
1260 16.0 22.997 -21.602
1272 16.0 23.939 -21.647
1284 16.0 26.292 -23.076
1296 16.0 26.792 -22.492
1308 16.0 27.660 -22.580
1320 16.0 28.864 -22.990
1332 16.0 21.602 -23.638
1344 16.0 21.595 -20.859
1356 16.0 19.742 -23.162
1368 16.0 22.496 -20.329
1380 16.0 21.755 -24.202
1392 16.0 20.080 -21.349
1404 16.0 20.712 -21.375
1416 16.0 22.613 -20.018
1428 16.0 20.993 -22.038
1440 16.0 20.201 -22.606
1452 16.0 21.462 -20.796
1464 16.0 20.006 -22.591
1308 7.0 -9.923 -26.173
1320 7.0 -10.132 -25.843
1332 7.0 -10.019 -25.756
1344 7.0 -10.077 -25.656
1356 7.0 -10.333 -25.952
1368 7.0 -10.473 -25.653
1380 7.0 -10.477 -25.693
1392 7.0 -10.565 -25.748
1404 7.0 -9.133 -24.307
1416 7.0 -10.748 -25.346
1428 7.0 -9.524 -27.063
1440 7.0 -9.162 -25.498
1452 7.0 -9.562 -27.066
1464 7.0 -10.434 -27.368
1476 7.0 -10.275 -26.543
1488 7.0 -10.521 -26.806
1500 7.0 -11.270 -26.450
1512 7.0 -9.688 -27.125
1524 7.0 -8.717 -25.979
1536 7.0 -9.702 -26.164
1332 23.0 2.461 -14.400
1344 23.0 2.229 -13.456
1356 23.0 2.226 -13.025
1368 23.0 2.645 -12.708
1380 23.0 2.551 -12.249
1392 23.0 3.029 -11.229
1404 23.0 3.207 -10.565
1416 23.0 3.207 -9.261
1428 23.0 2.945 -14.849
1440 23.0 2.892 -17.032
1452 23.0 4.108 -14.451
1464 23.0 3.332 -14.007
1476 23.0 3.544 -14.113
1488 23.0 2.168 -15.099
1500 23.0 1.343 -13.520
1512 23.0 2.428 -15.744
1524 23.0 1.066 -14.433
1536 23.0 1.998 -14.492
1548 23.0 3.952 -14.538
1560 23.0 1.567 -13.128
1416 45.0 -1.211 -7.877
1428 45.0 -1.310 -7.356
1440 45.0 -1.393 -6.785
1452 45.0 -1.658 -5.863
1464 45.0 -1.875 -5.182
1476 45.0 -2.066 -4.805
1488 45.0 -2.240 -4.054
1500 45.0 -2.216 -3.463
1512 45.0 -1.953 -7.525
1524 45.0 -1.981 -8.240
1536 45.0 -1.540 -6.555
1548 45.0 -1.509 -6.611
1560 45.0 -3.671 -9.788
1572 45.0 -1.091 -8.702
1584 45.0 -0.353 -7.647
1596 45.0 -0.819 -8.001
1608 45.0 -1.779 -7.742
1620 45.0 -0.692 -8.068
1632 45.0 0.053 -7.569
1644 45.0 -0.411 -7.680
1464 41.0 -8.156 -30.619
1476 41.0 -8.103 -30.482
1488 41.0 -7.983 -30.564
1500 41.0 -8.177 -30.498
1512 41.0 -8.290 -30.377
1524 41.0 -8.366 -30.383
1536 41.0 -8.343 -30.403
1548 41.0 -8.261 -30.395
1560 41.0 -8.383 -31.155
1572 41.0 -8.341 -31.403
1584 41.0 -7.938 -30.340
1596 41.0 -7.591 -30.642
1608 41.0 -7.899 -30.865
1620 41.0 -7.990 -29.251
1632 41.0 -7.800 -29.980
1644 41.0 -8.785 -30.941
1656 41.0 -8.516 -31.847
1668 41.0 -9.270 -31.167
1680 41.0 -7.373 -31.869
1692 41.0 -7.877 -31.106
1500 25.0 -3.341 -3.440
1512 25.0 -3.294 -2.943
1524 25.0 -3.784 -2.434
1536 25.0 -3.740 -1.806
1548 25.0 -4.033 -1.093
1560 25.0 -3.926 -0.568
1572 25.0 -4.070 -0.076
1584 25.0 -4.252 0.491
1596 25.0 -3.798 -3.398
1608 25.0 -3.153 -5.035
1620 25.0 -3.365 -3.093
1632 25.0 -2.278 -3.356
1644 25.0 -2.620 -2.902
1656 25.0 -3.912 -4.269
1668 25.0 -3.703 -3.464
1680 25.0 -2.988 -3.534
1692 25.0 -4.777 -2.732
1704 25.0 -3.029 -4.210
1716 25.0 -3.266 -3.890
1728 25.0 -4.272 -4.140
1500 33.0 -7.589 -31.323
1512 33.0 -7.561 -31.377
1524 33.0 -7.641 -31.372
1536 33.0 -7.538 -31.236
1548 33.0 -7.551 -31.254
1560 33.0 -7.464 -31.252
1572 33.0 -7.590 -31.367
1584 33.0 -7.714 -31.289
1596 33.0 -8.918 -30.094
1608 33.0 -6.580 -33.217
1620 33.0 -7.015 -30.930
1632 33.0 -6.594 -30.846
1644 33.0 -7.574 -30.553
1656 33.0 -8.308 -32.285
1668 33.0 -6.164 -30.625
1680 33.0 -6.131 -28.721
1692 33.0 -7.958 -31.454
1704 33.0 -8.266 -31.447
1716 33.0 -7.175 -30.384
1728 33.0 -6.441 -31.447
1500 35.0 -8.144 -29.664
1512 35.0 -8.103 -29.682
1524 35.0 -8.087 -29.747
1536 35.0 -8.075 -29.610
1548 35.0 -8.025 -29.715
1560 35.0 -8.023 -29.650
1572 35.0 -8.057 -29.734
1584 35.0 -8.034 -29.677
1596 35.0 -9.244 -31.495
1608 35.0 -8.839 -31.698
1620 35.0 -9.667 -28.701
1632 35.0 -8.638 -30.393
1644 35.0 -9.446 -30.975
1656 35.0 -8.494 -29.744
1668 35.0 -7.270 -29.680
1680 35.0 -7.870 -28.596
1692 35.0 -5.850 -29.036
1704 35.0 -7.371 -30.905
1716 35.0 -8.868 -27.923
1728 35.0 -9.092 -29.518
1500 77.0 7.407 -32.857
1512 77.0 7.345 -32.938
1524 77.0 7.289 -32.751
1536 77.0 7.251 -32.836
1548 77.0 7.193 -32.819
1560 77.0 7.302 -32.922
1572 77.0 7.239 -32.830
1584 77.0 7.368 -32.906
1596 77.0 8.795 -33.903
1608 77.0 6.855 -31.945
1620 77.0 6.754 -34.732
1632 77.0 6.672 -32.368
1644 77.0 7.706 -31.358
1656 77.0 8.324 -32.373
1668 77.0 6.547 -33.475
1680 77.0 6.314 -33.580
1692 77.0 6.583 -32.988
1704 77.0 6.119 -31.816
1716 77.0 8.372 -34.626
1728 77.0 8.653 -33.256
1560 69.0 -25.303 -3.143
1572 69.0 -24.799 -3.190
1584 69.0 -24.658 -3.581
1596 69.0 -24.249 -3.731
1608 69.0 -23.938 -3.652
1620 69.0 -23.597 -4.107
1632 69.0 -23.069 -4.355
1644 69.0 -22.792 -4.192
1656 69.0 -24.509 -2.257
1668 69.0 -25.801 -5.089
1680 69.0 -24.669 -2.972
1692 69.0 -24.881 -2.531
1704 69.0 -23.769 -2.476
1716 69.0 -26.635 -3.349
1728 69.0 -25.484 -3.359
1740 69.0 -24.369 -2.612
1752 69.0 -22.991 -2.028
1764 69.0 -25.124 -3.393
1776 69.0 -26.783 -3.116
1788 69.0 -24.519 -2.966
1572 24.0 7.985 -2.820
1584 24.0 8.223 -2.243
1596 24.0 9.056 -2.097
1608 24.0 9.478 -1.601
1620 24.0 10.088 -1.483
1632 24.0 10.677 -1.071
1644 24.0 11.074 -0.921
1656 24.0 11.715 -0.437
1668 24.0 7.425 -2.058
1680 24.0 7.193 -2.104
1692 24.0 8.523 -3.154
1704 24.0 7.562 -3.625
1716 24.0 7.310 -3.271
1728 24.0 6.013 -2.113
1740 24.0 8.039 -1.993
1752 24.0 8.974 -3.237
1764 24.0 8.035 -2.373
1776 24.0 8.818 -2.166
1788 24.0 7.161 -5.215
1800 24.0 7.315 -2.653
1584 32.0 -24.588 2.756
1596 32.0 -24.139 2.661
1608 32.0 -23.661 2.411
1620 32.0 -23.280 2.248
1632 32.0 -22.828 1.979
1644 32.0 -22.823 2.030
1656 32.0 -22.672 1.652
1668 32.0 -21.990 1.184
1680 32.0 -24.315 2.502
1692 32.0 -23.856 3.076
1704 32.0 -23.461 2.572
1716 32.0 -25.259 1.251
1728 32.0 -23.739 2.707
1740 32.0 -24.777 3.736
1752 32.0 -24.429 3.618
1764 32.0 -23.937 3.261
1776 32.0 -25.276 3.338
1788 32.0 -24.703 2.783
1800 32.0 -24.115 1.218
1812 32.0 -23.728 2.561
1656 46.0 -4.712 3.839
1668 46.0 -5.077 4.379
1680 46.0 -5.305 4.905
1692 46.0 -5.721 5.236
1704 46.0 -6.168 6.106
1716 46.0 -6.688 6.244
1728 46.0 -6.874 6.584
1740 46.0 -7.325 6.647
1752 46.0 -4.769 5.034
1764 46.0 -4.895 4.809
1776 46.0 -4.767 2.436
1788 46.0 -3.724 3.812
1800 46.0 -4.910 3.559
1812 46.0 -3.673 2.626
1824 46.0 -5.785 3.827
1836 46.0 -4.843 2.671
1848 46.0 -3.557 3.003
1860 46.0 -2.923 2.284
1872 46.0 -3.125 3.918
1884 46.0 -3.799 5.673
1656 72.0 48.248 -39.508
1668 72.0 48.192 -39.525
1680 72.0 47.602 -39.234
1692 72.0 46.960 -38.915
1704 72.0 46.825 -38.827
1716 72.0 46.020 -38.474
1728 72.0 45.476 -38.103
1740 72.0 44.589 -37.553
1752 72.0 46.324 -39.592
1764 72.0 46.984 -39.066
1776 72.0 48.186 -37.947
1788 72.0 48.276 -39.413
1800 72.0 47.962 -38.826
1812 72.0 49.588 -40.316
1824 72.0 48.721 -37.971
1836 72.0 48.121 -39.810
1848 72.0 47.777 -39.033
1860 72.0 48.218 -40.430
1872 72.0 47.988 -40.762
1884 72.0 48.362 -39.384
1704 42.0 -8.551 -30.341
1716 42.0 -8.638 -30.322
1728 42.0 -8.645 -30.218
1740 42.0 -8.593 -30.362
1752 42.0 -8.477 -30.344
1764 42.0 -8.519 -30.322
1776 42.0 -8.660 -30.273
1788 42.0 -8.615 -30.586
1800 42.0 -10.588 -30.462
1812 42.0 -9.070 -29.891
1824 42.0 -10.208 -30.767
1836 42.0 -6.937 -30.869
1848 42.0 -9.380 -29.822
1860 42.0 -7.390 -30.178
1872 42.0 -9.250 -31.275
1884 42.0 -8.211 -30.904
1896 42.0 -9.910 -30.179
1908 42.0 -10.153 -30.160
1920 42.0 -9.282 -30.948
1932 42.0 -8.164 -31.180
1740 26.0 -8.163 5.978
1752 26.0 -8.552 6.481
1764 26.0 -9.087 6.830
1776 26.0 -9.624 7.249
1788 26.0 -10.101 7.440
1800 26.0 -10.647 7.707
1812 26.0 -11.095 8.010
1824 26.0 -11.436 8.204
1836 26.0 -8.693 6.858
1848 26.0 -9.026 4.968
1860 26.0 -10.617 6.471
1872 26.0 -6.814 4.971
1884 26.0 -8.306 6.147
1896 26.0 -7.841 5.914
1908 26.0 -9.496 7.062
1920 26.0 -8.014 6.869
1932 26.0 -7.373 6.064
1944 26.0 -9.348 4.155
1956 26.0 -7.880 5.837
1968 26.0 -8.433 4.901
1740 34.0 -7.520 -31.387
1752 34.0 -7.655 -31.232
1764 34.0 -7.654 -31.264
1776 34.0 -7.771 -31.193
1788 34.0 -7.608 -31.303
1800 34.0 -7.678 -31.333
1812 34.0 -7.556 -31.249
1824 34.0 -7.511 -31.221
1836 34.0 -7.703 -33.675
1848 34.0 -9.674 -32.245
1860 34.0 -5.229 -32.306
1872 34.0 -7.402 -32.853
1884 34.0 -6.034 -31.042
1896 34.0 -6.454 -31.565
1908 34.0 -7.005 -31.680
1920 34.0 -9.141 -31.894
1932 34.0 -7.496 -32.063
1944 34.0 -6.306 -32.139
1956 34.0 -7.188 -32.196
1968 34.0 -8.444 -32.928
1740 36.0 -7.978 -29.744
1752 36.0 -8.050 -29.661
1764 36.0 -8.177 -29.634
1776 36.0 -8.041 -29.618
1788 36.0 -8.100 -29.648
1800 36.0 -8.016 -29.616
1812 36.0 -8.128 -29.630
1824 36.0 -8.014 -29.713
1836 36.0 -7.791 -30.709
1848 36.0 -9.699 -29.584
1860 36.0 -7.729 -31.616
1872 36.0 -8.260 -30.759
1884 36.0 -7.241 -29.049
1896 36.0 -9.053 -30.824
1908 36.0 -8.274 -30.339
1920 36.0 -8.348 -29.651
1932 36.0 -7.605 -29.375
1944 36.0 -9.578 -29.880
1956 36.0 -6.104 -29.212
1968 36.0 -8.319 -27.896
1740 74.0 48.097 -40.077
1752 74.0 47.396 -39.420
1764 74.0 47.031 -39.045
1776 74.0 46.595 -39.002
1788 74.0 45.698 -38.422
1800 74.0 45.431 -38.071
1812 74.0 44.864 -37.782
1824 74.0 44.273 -37.454
1836 74.0 46.385 -39.666
1848 74.0 49.250 -39.638
1860 74.0 47.935 -39.809
1872 74.0 48.981 -39.685
1884 74.0 46.996 -40.068
1896 74.0 48.713 -40.661
1908 74.0 48.522 -40.310
1920 74.0 47.869 -37.976
1932 74.0 47.751 -39.606
1944 74.0 47.997 -38.249
1956 74.0 47.801 -39.082
1968 74.0 48.591 -39.855
1740 78.0 7.288 -32.926
1752 78.0 7.155 -32.766
1764 78.0 7.191 -32.965
1776 78.0 7.187 -32.866
1788 78.0 7.237 -32.877
1800 78.0 7.111 -32.892
1812 78.0 7.206 -32.726
1824 78.0 7.317 -32.775
1836 78.0 7.800 -31.906
1848 78.0 7.160 -31.922
1860 78.0 5.624 -31.488
1872 78.0 7.314 -34.370
1884 78.0 7.679 -32.564
1896 78.0 6.860 -32.264
1908 78.0 8.280 -33.296
1920 78.0 6.793 -33.965
1932 78.0 6.244 -32.562
1944 78.0 7.184 -32.835
1956 78.0 7.150 -33.807
1968 78.0 6.106 -32.866
1788 75.0 41.419 -37.528
1800 75.0 41.176 -37.270
1812 75.0 40.727 -36.825
1824 75.0 40.334 -36.431
1836 75.0 39.694 -36.032
1848 75.0 39.223 -35.647
1860 75.0 38.718 -35.264
1872 75.0 38.155 -34.966
1884 75.0 41.093 -37.234
1896 75.0 41.922 -37.655
1908 75.0 41.456 -37.783
1920 75.0 42.062 -37.661
1932 75.0 40.432 -37.693
1944 75.0 41.775 -37.669
1956 75.0 42.552 -36.689
1968 75.0 40.986 -36.457
1980 75.0 40.841 -38.753
1992 75.0 40.192 -37.580
2004 75.0 40.979 -38.443
2016 75.0 40.306 -37.609
1800 70.0 -16.406 -4.992
1812 70.0 -15.532 -4.970
1824 70.0 -15.236 -4.916
1836 70.0 -14.783 -4.585
1848 70.0 -14.472 -4.470
1860 70.0 -13.611 -4.484
1872 70.0 -13.175 -4.196
1884 70.0 -12.912 -4.774
1896 70.0 -14.791 -5.423
1908 70.0 -15.645 -5.174
1920 70.0 -17.146 -6.523
1932 70.0 -15.688 -4.158
1944 70.0 -16.811 -4.678
1956 70.0 -15.952 -5.342
1968 70.0 -15.964 -6.443
1980 70.0 -17.456 -4.022
1992 70.0 -16.669 -3.099
2004 70.0 -15.695 -5.321
2016 70.0 -16.773 -5.100
2028 70.0 -17.190 -5.128
1896 73.0 38.104 -33.778
1908 73.0 36.960 -32.712
1920 73.0 36.864 -33.151
1932 73.0 37.129 -33.046
1944 73.0 35.534 -32.320
1956 73.0 36.106 -31.922
1968 73.0 34.932 -31.571
1980 73.0 34.367 -31.012
1992 73.0 38.146 -32.916
2004 73.0 38.695 -33.506
2016 73.0 37.139 -33.666
2028 73.0 36.825 -34.118
2040 73.0 38.750 -33.397
2052 73.0 37.955 -33.830
2064 73.0 38.833 -33.943
2076 73.0 39.433 -34.951
2088 73.0 38.070 -36.020
2100 73.0 36.901 -33.175
2112 73.0 38.012 -35.236
2124 73.0 38.773 -34.678
