0 109.0 -15.184 -16.425
12 109.0 -14.290 -16.487
24 109.0 -13.889 -17.020
36 109.0 -13.393 -17.270
48 109.0 -13.078 -17.346
60 109.0 -12.623 -17.445
72 109.0 -12.100 -18.165
84 109.0 -11.935 -18.059
96 109.0 -15.445 -15.602
108 109.0 -15.343 -16.753
120 109.0 -14.690 -16.155
132 109.0 -16.587 -15.960
144 109.0 -15.849 -16.574
156 109.0 -15.059 -17.778
168 109.0 -15.156 -16.525
180 109.0 -15.778 -17.217
192 109.0 -16.815 -16.069
204 109.0 -14.662 -15.763
216 109.0 -16.427 -17.449
228 109.0 -15.223 -17.758
0 116.0 -15.699 -5.510
12 116.0 -15.649 -4.983
24 116.0 -15.518 -4.442
36 116.0 -15.881 -3.984
48 116.0 -15.878 -3.394
60 116.0 -15.892 -2.909
72 116.0 -15.890 -2.417
84 116.0 -16.111 -1.717
96 116.0 -15.805 -4.796
108 116.0 -15.197 -7.212
120 116.0 -17.263 -5.094
132 116.0 -18.424 -4.318
144 116.0 -14.056 -4.899
156 116.0 -15.164 -4.173
168 116.0 -16.163 -6.851
180 116.0 -15.065 -6.389
192 116.0 -16.230 -5.996
204 116.0 -15.479 -4.726
216 116.0 -15.364 -6.142
228 116.0 -15.394 -4.090
48 17.0 -8.694 22.952
60 17.0 -8.327 22.347
72 17.0 -8.212 21.764
84 17.0 -8.259 21.140
96 17.0 -8.194 20.798
108 17.0 -8.247 20.139
120 17.0 -8.095 19.671
132 17.0 -8.368 19.094
144 17.0 -7.523 23.021
156 17.0 -8.851 23.457
168 17.0 -7.265 23.014
180 17.0 -10.020 23.419
192 17.0 -7.050 21.998
204 17.0 -8.796 21.879
216 17.0 -11.125 21.683
228 17.0 -9.086 20.855
240 17.0 -9.272 22.971
252 17.0 -8.592 23.815
264 17.0 -10.046 22.946
276 17.0 -8.489 23.460
156 111.0 -24.666 20.138
168 111.0 -24.097 20.193
180 111.0 -23.655 20.436
192 111.0 -23.142 20.360
204 111.0 -22.626 20.599
216 111.0 -22.045 20.654
228 111.0 -21.823 20.915
240 111.0 -21.104 21.166
252 111.0 -24.803 19.290
264 111.0 -25.330 19.893
276 111.0 -23.757 22.357
288 111.0 -24.109 21.187
300 111.0 -26.456 19.502
312 111.0 -25.214 20.129
324 111.0 -26.560 20.613
336 111.0 -25.198 19.972
348 111.0 -25.313 18.778
360 111.0 -24.551 19.184
372 111.0 -24.561 19.663
384 111.0 -24.053 19.043
240 110.0 -7.005 -20.232
252 110.0 -6.949 -19.924
264 110.0 -7.126 -20.097
276 110.0 -7.029 -20.029
288 110.0 -6.880 -20.045
300 110.0 -7.064 -19.663
312 110.0 -6.886 -20.070
324 110.0 -6.979 -20.112
336 110.0 -6.144 -19.501
348 110.0 -6.103 -22.202
360 110.0 -6.208 -19.374
372 110.0 -8.594 -19.486
384 110.0 -6.646 -19.459
396 110.0 -7.174 -21.077
408 110.0 -7.921 -19.815
420 110.0 -5.272 -20.242
432 110.0 -5.845 -19.796
444 110.0 -6.923 -19.926
456 110.0 -7.807 -20.611
468 110.0 -7.283 -18.858
240 117.0 -17.035 5.207
252 117.0 -17.231 6.048
264 117.0 -17.213 6.785
276 117.0 -17.173 7.377
288 117.0 -17.299 7.674
300 117.0 -17.436 8.256
312 117.0 -17.502 9.035
324 117.0 -17.521 9.335
336 117.0 -17.413 3.292
348 117.0 -16.576 4.693
360 117.0 -17.003 4.558
372 117.0 -15.896 3.704
384 117.0 -17.877 5.999
396 117.0 -17.185 5.243
408 117.0 -17.704 5.278
420 117.0 -16.378 3.904
432 117.0 -17.379 6.150
444 117.0 -18.366 6.176
456 117.0 -16.206 4.810
468 117.0 -15.860 4.297
264 114.0 -9.731 -27.588
276 114.0 -9.748 -26.896
288 114.0 -9.935 -26.272
300 114.0 -9.848 -25.497
312 114.0 -9.964 -25.335
324 114.0 -9.895 -24.764
336 114.0 -10.111 -24.158
348 114.0 -10.107 -23.802
360 114.0 -9.519 -27.667
372 114.0 -10.418 -28.527
384 114.0 -8.557 -27.000
396 114.0 -8.426 -27.671
408 114.0 -9.791 -26.094
420 114.0 -9.752 -27.952
432 114.0 -10.941 -29.322
444 114.0 -8.361 -26.768
456 114.0 -8.517 -26.975
468 114.0 -9.227 -27.346
480 114.0 -9.554 -28.718
492 114.0 -10.187 -29.198
288 18.0 -7.870 12.082
300 18.0 -7.958 11.729
312 18.0 -7.855 11.083
324 18.0 -8.034 10.516
336 18.0 -7.838 9.889
348 18.0 -7.862 9.346
360 18.0 -7.881 8.839
372 18.0 -7.960 8.241
384 18.0 -7.991 12.743
396 18.0 -7.400 12.126
408 18.0 -7.245 10.481
420 18.0 -7.216 13.320
432 18.0 -7.244 11.479
444 18.0 -9.001 13.051
456 18.0 -7.928 13.087
468 18.0 -7.884 11.072
480 18.0 -9.480 12.195
492 18.0 -6.818 12.566
504 18.0 -7.040 11.258
516 18.0 -9.475 11.339
312 8.0 -8.263 23.152
324 8.0 -8.400 22.450
336 8.0 -8.378 21.931
348 8.0 -8.313 21.315
360 8.0 -8.444 20.959
372 8.0 -8.261 20.206
384 8.0 -8.352 19.754
396 8.0 -8.420 19.149
408 8.0 -8.349 23.012
420 8.0 -8.058 22.853
432 8.0 -7.834 23.799
444 8.0 -7.618 25.043
456 8.0 -8.993 24.629
468 8.0 -6.990 23.275
480 8.0 -7.020 23.854
492 8.0 -8.024 21.732
504 8.0 -8.573 23.709
516 8.0 -8.982 22.656
528 8.0 -7.951 22.323
540 8.0 -7.458 24.629
504 115.0 -10.178 -16.825
516 115.0 -9.973 -16.423
528 115.0 -9.969 -15.878
540 115.0 -9.823 -15.523
552 115.0 -9.716 -15.046
564 115.0 -9.650 -14.510
576 115.0 -9.413 -14.060
588 115.0 -9.245 -13.605
600 115.0 -11.312 -16.766
612 115.0 -12.396 -17.660
624 115.0 -9.908 -17.340
636 115.0 -10.586 -17.102
648 115.0 -9.667 -16.698
660 115.0 -10.483 -17.929
672 115.0 -8.959 -16.162
684 115.0 -10.069 -16.067
696 115.0 -10.236 -17.783
708 115.0 -8.871 -14.819
720 115.0 -9.552 -15.711
732 115.0 -11.077 -17.016
516 118.0 -18.908 23.785
528 118.0 -18.276 22.150
540 118.0 -17.858 20.944
552 118.0 -17.928 19.256
564 118.0 -17.837 18.077
576 118.0 -18.189 16.763
588 118.0 -17.839 15.408
600 118.0 -17.855 14.206
612 118.0 -18.653 24.740
624 118.0 -19.833 24.999
636 118.0 -18.256 23.805
648 118.0 -18.300 25.465
660 118.0 -19.159 24.448
672 118.0 -18.347 23.063
684 118.0 -18.224 23.294
696 118.0 -18.137 24.157
708 118.0 -18.848 24.514
720 118.0 -19.299 22.950
732 118.0 -19.857 23.128
744 118.0 -21.702 22.468
528 19.0 -7.797 0.857
540 19.0 -8.034 0.053
552 19.0 -8.146 -0.279
564 19.0 -8.224 -0.778
576 19.0 -8.341 -1.563
588 19.0 -8.338 -2.216
600 19.0 -8.699 -2.503
612 19.0 -8.483 -3.390
624 19.0 -9.165 1.559
636 19.0 -8.263 0.191
648 19.0 -8.474 1.000
660 19.0 -7.759 0.118
672 19.0 -6.127 0.666
684 19.0 -6.458 0.732
696 19.0 -6.748 0.168
708 19.0 -8.350 0.650
720 19.0 -7.794 0.588
732 19.0 -7.154 0.318
744 19.0 -8.239 0.462
756 19.0 -8.604 0.463
552 9.0 -8.419 11.456
564 9.0 -8.070 10.967
576 9.0 -8.084 10.245
588 9.0 -8.273 9.975
600 9.0 -8.283 9.138
612 9.0 -8.619 8.568
624 9.0 -8.416 7.800
636 9.0 -8.422 7.021
648 9.0 -8.406 11.026
660 9.0 -6.685 11.300
672 9.0 -8.295 12.025
684 9.0 -10.056 12.419
696 9.0 -8.501 13.725
708 9.0 -7.857 10.418
720 9.0 -8.200 10.287
732 9.0 -8.813 11.657
744 9.0 -8.507 11.555
756 9.0 -9.797 10.920
768 9.0 -7.847 10.723
780 9.0 -8.605 11.684
720 12.0 -9.991 -27.636
732 12.0 -10.100 -27.057
744 12.0 -10.406 -27.100
756 12.0 -10.831 -26.329
768 12.0 -11.327 -25.913
780 12.0 -11.815 -25.457
792 12.0 -12.050 -25.435
804 12.0 -12.040 -24.477
816 12.0 -10.404 -27.460
828 12.0 -9.244 -28.052
840 12.0 -9.913 -26.957
852 12.0 -11.083 -29.201
864 12.0 -10.174 -27.434
876 12.0 -9.922 -26.085
888 12.0 -10.347 -28.330
900 12.0 -11.894 -26.548
912 12.0 -9.242 -27.220
924 12.0 -10.806 -27.214
936 12.0 -12.244 -28.395
948 12.0 -10.308 -26.940
768 20.0 -9.568 -10.560
780 20.0 -9.834 -11.157
792 20.0 -9.866 -11.409
804 20.0 -10.030 -12.283
816 20.0 -9.819 -12.929
828 20.0 -9.884 -13.420
840 20.0 -9.990 -13.884
852 20.0 -10.052 -14.514
864 20.0 -10.046 -10.234
876 20.0 -10.856 -9.088
888 20.0 -10.082 -10.725
900 20.0 -10.085 -10.472
912 20.0 -7.735 -10.677
924 20.0 -8.911 -11.704
936 20.0 -10.603 -9.911
948 20.0 -9.452 -10.638
960 20.0 -7.940 -10.860
972 20.0 -8.540 -10.169
984 20.0 -10.231 -10.442
996 20.0 -8.517 -10.672
792 10.0 -8.084 -0.073
804 10.0 -8.307 -0.769
816 10.0 -8.207 -1.396
828 10.0 -8.087 -1.822
840 10.0 -8.069 -2.482
852 10.0 -7.975 -3.141
864 10.0 -8.119 -3.689
876 10.0 -8.176 -4.195
888 10.0 -9.278 0.286
900 10.0 -6.927 0.037
912 10.0 -8.075 -0.235
924 10.0 -7.938 0.264
936 10.0 -9.053 -0.868
948 10.0 -8.221 -0.011
960 10.0 -7.981 0.104
972 10.0 -7.716 -0.120
984 10.0 -8.168 -1.561
996 10.0 -7.785 -1.343
1008 10.0 -8.040 0.263
1020 10.0 -8.112 -1.186
792 14.0 -11.203 -27.876
804 14.0 -11.111 -27.307
816 14.0 -11.294 -26.814
828 14.0 -11.451 -26.335
840 14.0 -11.613 -26.057
852 14.0 -11.563 -25.396
864 14.0 -11.582 -24.975
876 14.0 -11.919 -24.306
888 14.0 -11.551 -28.770
900 14.0 -11.143 -27.157
912 14.0 -11.852 -28.109
924 14.0 -13.757 -27.767
936 14.0 -10.767 -30.139
948 14.0 -11.677 -27.448
960 14.0 -10.803 -27.510
972 14.0 -10.437 -27.770
984 14.0 -12.296 -28.099
996 14.0 -10.874 -30.341
1008 14.0 -11.985 -28.222
1020 14.0 -10.379 -27.700
960 13.0 -12.484 -18.181
972 13.0 -12.716 -17.643
984 13.0 -12.827 -17.115
996 13.0 -12.615 -16.591
1008 13.0 -12.722 -16.097
1020 13.0 -12.458 -15.617
1032 13.0 -12.466 -14.871
1044 13.0 -12.377 -14.453
1056 13.0 -10.543 -18.217
1068 13.0 -12.228 -18.711
1080 13.0 -12.676 -18.446
1092 13.0 -13.103 -18.482
1104 13.0 -11.911 -17.789
1116 13.0 -10.949 -18.903
1128 13.0 -13.358 -16.737
1140 13.0 -13.281 -18.446
1152 13.0 -14.110 -17.920
1164 13.0 -11.545 -20.024
1176 13.0 -12.103 -18.322
1188 13.0 -11.550 -18.792
996 21.0 -24.320 -6.638
1008 21.0 -24.327 -7.088
1020 21.0 -24.309 -7.496
1032 21.0 -24.340 -7.947
1044 21.0 -24.328 -8.385
1056 21.0 -24.331 -8.793
1068 21.0 -24.359 -9.385
1080 21.0 -24.558 -10.050
1092 21.0 -24.602 -6.927
1104 21.0 -25.093 -6.995
1116 21.0 -24.686 -5.531
1128 21.0 -25.218 -7.586
1140 21.0 -23.146 -6.827
1152 21.0 -24.182 -6.812
1164 21.0 -24.445 -8.158
1176 21.0 -24.771 -7.145
1188 21.0 -25.659 -6.950
1200 21.0 -25.406 -7.509
1212 21.0 -25.809 -7.246
1224 21.0 -25.801 -7.548
996 22.0 -25.460 -8.709
1008 22.0 -25.677 -8.353
1020 22.0 -25.626 -7.938
1032 22.0 -25.336 -7.517
1044 22.0 -25.765 -7.064
1056 22.0 -25.569 -6.332
1068 22.0 -25.699 -5.729
1080 22.0 -25.660 -5.204
1092 22.0 -25.911 -7.577
1104 22.0 -26.206 -10.831
1116 22.0 -24.888 -9.740
1128 22.0 -25.609 -9.083
1140 22.0 -25.652 -7.903
1152 22.0 -25.628 -8.789
1164 22.0 -24.486 -8.325
1176 22.0 -25.081 -9.684
1188 22.0 -25.955 -8.419
1200 22.0 -24.178 -9.604
1212 22.0 -24.960 -9.469
1224 22.0 -26.414 -7.862
1032 11.0 -8.622 -11.591
1044 11.0 -8.674 -12.468
1056 11.0 -9.085 -12.886
1068 11.0 -9.237 -13.362
1080 11.0 -9.378 -14.204
1092 11.0 -9.733 -14.801
1104 11.0 -9.672 -15.157
1116 11.0 -10.101 -15.632
1128 11.0 -8.095 -10.554
1140 11.0 -9.716 -11.602
1152 11.0 -8.883 -11.316
1164 11.0 -8.674 -12.378
1176 11.0 -9.832 -11.463
1188 11.0 -6.166 -12.029
1200 11.0 -8.141 -13.184
1212 11.0 -7.660 -11.229
1224 11.0 -10.723 -11.923
1236 11.0 -8.436 -11.375
1248 11.0 -8.126 -12.282
1260 11.0 -8.233 -11.410
1032 15.0 -12.572 -17.947
1044 15.0 -12.649 -17.788
1056 15.0 -12.852 -17.338
1068 15.0 -13.087 -16.846
1080 15.0 -13.087 -16.058
1092 15.0 -13.157 -16.039
1104 15.0 -13.106 -15.594
1116 15.0 -12.935 -14.719
1128 15.0 -13.994 -18.936
1140 15.0 -10.435 -16.414
1152 15.0 -12.214 -16.389
1164 15.0 -12.221 -19.572
1176 15.0 -13.201 -17.926
1188 15.0 -12.590 -16.866
1200 15.0 -12.799 -18.178
1212 15.0 -11.179 -16.938
1224 15.0 -12.035 -17.431
1236 15.0 -12.558 -17.400
1248 15.0 -14.038 -17.525
1260 15.0 -12.555 -17.825
1116 99.0 2.337 12.788
1128 99.0 2.029 12.620
1140 99.0 1.758 12.268
1152 99.0 1.522 12.113
1164 99.0 0.988 11.941
1176 99.0 0.683 11.575
1188 99.0 0.469 11.195
1200 99.0 0.323 10.458
1212 99.0 0.076 12.283
1224 99.0 2.713 12.768
1236 99.0 3.279 12.748
1248 99.0 1.977 13.124
1260 99.0 2.658 12.043
1272 99.0 1.867 12.278
1284 99.0 1.986 13.053
1296 99.0 2.009 11.949
1308 99.0 3.011 12.848
1320 99.0 1.417 13.501
1332 99.0 3.732 12.895
1344 99.0 1.890 11.589
1236 23.0 -24.422 1.996
1248 23.0 -24.360 2.586
1260 23.0 -24.503 3.007
1272 23.0 -24.444 3.679
1284 23.0 -24.445 4.101
1296 23.0 -24.434 4.582
1308 23.0 -24.428 5.161
1320 23.0 -24.507 5.633
1332 23.0 -25.701 1.911
1344 23.0 -24.531 0.294
1356 23.0 -24.519 0.915
1368 23.0 -24.820 1.551
1380 23.0 -24.600 2.365
1392 23.0 -26.075 2.004
1404 23.0 -25.053 3.202
1416 23.0 -25.485 0.453
1428 23.0 -24.387 0.453
1440 23.0 -24.879 1.189
1452 23.0 -24.379 1.891
1464 23.0 -23.835 2.991
1272 16.0 -13.137 -8.271
1284 16.0 -13.072 -7.756
1296 16.0 -13.071 -7.242
1308 16.0 -13.074 -6.695
1320 16.0 -12.995 -6.239
1332 16.0 -13.146 -5.781
1344 16.0 -13.069 -5.078
1356 16.0 -13.105 -4.691
1368 16.0 -13.070 -7.002
1380 16.0 -12.149 -8.755
1392 16.0 -15.027 -9.717
1404 16.0 -12.979 -8.620
1416 16.0 -12.945 -8.804
1428 16.0 -13.854 -7.934
1440 16.0 -13.665 -11.141
1452 16.0 -12.698 -8.295
1464 16.0 -12.011 -8.772
1476 16.0 -14.291 -8.451
1488 16.0 -12.707 -9.458
1500 16.0 -13.759 -8.745
1560 30.0 -4.409 -5.271
1572 30.0 -4.920 -5.888
1584 30.0 -5.095 -6.436
1596 30.0 -5.370 -6.810
1608 30.0 -5.587 -7.412
1620 30.0 -5.990 -7.936
1632 30.0 -6.220 -8.363
1644 30.0 -6.558 -8.789
1656 30.0 -3.631 -5.545
1668 30.0 -4.587 -5.476
1680 30.0 -5.446 -5.760
1692 30.0 -4.432 -5.245
1704 30.0 -5.458 -5.082
1716 30.0 -3.879 -6.116
1728 30.0 -4.499 -5.708
1740 30.0 -5.068 -3.429
1752 30.0 -5.944 -4.790
1764 30.0 -4.465 -4.640
1776 30.0 -5.460 -6.763
1788 30.0 -3.261 -5.141
1608 86.0 -13.502 5.176
1620 86.0 -13.091 5.556
1632 86.0 -13.194 6.089
1644 86.0 -12.829 6.446
1656 86.0 -12.474 6.915
1668 86.0 -12.344 7.342
1680 86.0 -12.269 7.712
1692 86.0 -12.035 8.248
1704 86.0 -13.603 6.058
1716 86.0 -14.071 4.689
1728 86.0 -13.783 5.295
1740 86.0 -14.595 4.631
1752 86.0 -14.752 5.067
1764 86.0 -13.474 6.411
1776 86.0 -13.789 4.834
1788 86.0 -13.470 5.231
1800 86.0 -13.219 5.949
1812 86.0 -15.232 3.579
1824 86.0 -11.374 5.541
1836 86.0 -14.221 5.949
1800 31.0 -5.687 -11.897
1812 31.0 -5.634 -11.876
1824 31.0 -5.683 -11.905
1836 31.0 -5.720 -11.933
1848 31.0 -5.609 -11.888
1860 31.0 -5.611 -11.925
1872 31.0 -5.645 -11.833
1884 31.0 -5.494 -12.004
1896 31.0 -4.884 -11.993
1908 31.0 -6.525 -11.623
1920 31.0 -5.757 -11.695
1932 31.0 -5.851 -11.693
1944 31.0 -6.224 -11.905
1956 31.0 -4.973 -12.259
1968 31.0 -4.759 -12.170
1980 31.0 -6.649 -11.638
1992 31.0 -5.294 -13.168
2004 31.0 -5.819 -11.442
2016 31.0 -4.921 -12.303
2028 31.0 -6.608 -11.862
1848 87.0 -10.114 14.058
1860 87.0 -9.798 14.575
1872 87.0 -9.903 15.111
1884 87.0 -9.873 15.440
1896 87.0 -9.675 16.018
1908 87.0 -9.666 16.567
1920 87.0 -9.612 17.012
1932 87.0 -9.401 17.554
1944 87.0 -10.210 13.382
1956 87.0 -9.962 14.870
1968 87.0 -9.988 14.109
1980 87.0 -11.175 14.037
1992 87.0 -10.414 13.262
2004 87.0 -9.908 12.526
2016 87.0 -8.017 13.692
2028 87.0 -8.541 11.830
2040 87.0 -10.092 12.742
2052 87.0 -10.052 14.416
2064 87.0 -10.933 14.138
2076 87.0 -10.435 12.622
2004 38.0 -11.736 -21.592
2016 38.0 -11.802 -20.958
2028 38.0 -11.448 -20.518
2040 38.0 -11.640 -20.037
2052 38.0 -11.236 -19.563
2064 38.0 -11.457 -18.909
2076 38.0 -11.202 -18.354
2088 38.0 -11.222 -17.949
2100 38.0 -13.326 -22.226
2112 38.0 -11.043 -22.976
2124 38.0 -10.105 -22.793
2136 38.0 -11.022 -21.848
2148 38.0 -12.778 -23.327
2160 38.0 -11.870 -22.296
2172 38.0 -10.980 -21.138
2184 38.0 -10.949 -23.187
2196 38.0 -10.231 -20.734
2208 38.0 -10.638 -20.722
2220 38.0 -11.439 -22.566
2232 38.0 -12.049 -20.151
2028 26.0 -24.272 -12.113
2040 26.0 -24.701 -11.916
2052 26.0 -25.168 -11.849
2064 26.0 -25.582 -11.678
2076 26.0 -26.224 -11.579
2088 26.0 -26.529 -11.401
2100 26.0 -26.870 -11.206
2112 26.0 -27.425 -11.113
2124 26.0 -24.762 -13.474
2136 26.0 -22.819 -11.839
2148 26.0 -24.772 -14.358
2160 26.0 -25.325 -11.416
2172 26.0 -24.613 -9.513
2184 26.0 -25.104 -11.899
2196 26.0 -24.813 -12.011
2208 26.0 -23.596 -12.885
2220 26.0 -25.936 -12.835
2232 26.0 -24.302 -11.495
2244 26.0 -24.289 -12.043
2256 26.0 -25.141 -12.023
2040 24.0 -23.655 -27.400
2052 24.0 -23.606 -26.858
2064 24.0 -23.694 -26.171
2076 24.0 -23.564 -25.574
2088 24.0 -23.818 -25.080
2100 24.0 -23.671 -24.194
2112 24.0 -23.609 -23.781
2124 24.0 -24.059 -23.096
2136 24.0 -23.033 -27.108
2148 24.0 -24.306 -27.541
2160 24.0 -23.910 -25.891
2172 24.0 -23.153 -26.407
2184 24.0 -24.299 -26.564
2196 24.0 -24.158 -27.366
2208 24.0 -25.491 -28.911
2220 24.0 -22.497 -27.241
2232 24.0 -23.049 -28.750
2244 24.0 -23.787 -26.805
2256 24.0 -23.144 -26.524
2268 24.0 -23.216 -28.037
2040 32.0 -5.446 -12.033
2052 32.0 -5.688 -12.020
2064 32.0 -5.848 -11.901
2076 32.0 -5.868 -12.035
2088 32.0 -5.493 -12.148
2100 32.0 -5.802 -12.010
2112 32.0 -5.713 -12.228
2124 32.0 -5.590 -12.065
2136 32.0 -5.280 -12.586
2148 32.0 -6.232 -12.075
2160 32.0 -6.792 -11.121
2172 32.0 -5.825 -12.732
2184 32.0 -5.360 -12.435
2196 32.0 -5.869 -12.544
2208 32.0 -6.429 -11.303
2220 32.0 -5.471 -12.777
2232 32.0 -6.333 -12.507
2244 32.0 -5.557 -10.134
2256 32.0 -4.831 -10.822
2268 32.0 -4.616 -12.570
2088 88.0 -9.399 22.948
2100 88.0 -9.473 22.845
2112 88.0 -9.497 22.974
2124 88.0 -9.409 23.075
2136 88.0 -9.364 22.922
2148 88.0 -9.358 22.883
2160 88.0 -9.389 22.956
2172 88.0 -9.421 22.872
2184 88.0 -9.383 22.419
2196 88.0 -11.469 21.191
2208 88.0 -8.918 21.998
2220 88.0 -9.102 22.467
2232 88.0 -8.111 23.807
2244 88.0 -9.992 23.487
2256 88.0 -9.162 23.234
2268 88.0 -9.379 23.644
2280 88.0 -9.132 22.341
2292 88.0 -7.932 22.112
2304 88.0 -9.641 22.467
2316 88.0 -10.384 22.948
2244 39.0 -10.377 -10.790
2256 39.0 -10.375 -10.181
2268 39.0 -10.406 -9.556
2280 39.0 -10.480 -9.153
2292 39.0 -10.303 -8.482
2304 39.0 -10.270 -7.977
2316 39.0 -10.143 -7.395
2328 39.0 -10.072 -6.655
2340 39.0 -8.825 -11.879
2352 39.0 -9.892 -11.926
2364 39.0 -10.946 -11.202
2376 39.0 -9.819 -10.875
2388 39.0 -10.932 -11.499
2400 39.0 -12.431 -8.975
2412 39.0 -11.252 -10.967
2424 39.0 -9.779 -11.047
2436 39.0 -10.909 -10.936
2448 39.0 -11.006 -10.902
2460 39.0 -10.477 -10.696
2472 39.0 -9.325 -10.908
2268 27.0 -28.977 -10.337
2280 27.0 -29.336 -10.462
2292 27.0 -29.201 -10.426
2304 27.0 -29.334 -10.166
2316 27.0 -29.156 -10.416
2328 27.0 -29.113 -10.331
2340 27.0 -29.022 -10.438
2352 27.0 -29.329 -10.454
2364 27.0 -29.348 -11.318
2376 27.0 -29.470 -9.861
2388 27.0 -29.456 -11.724
2400 27.0 -28.083 -9.071
2412 27.0 -28.802 -9.351
2424 27.0 -28.203 -9.182
2436 27.0 -28.496 -11.045
2448 27.0 -29.978 -10.013
2460 27.0 -27.706 -10.238
2472 27.0 -28.748 -9.309
2484 27.0 -29.316 -9.670
2496 27.0 -27.809 -9.269
2280 25.0 -24.965 -16.200
2292 25.0 -25.337 -15.527
2304 25.0 -25.120 -14.743
2316 25.0 -25.041 -14.149
2328 25.0 -25.012 -13.340
2340 25.0 -24.912 -12.890
2352 25.0 -24.848 -11.769
2364 25.0 -24.670 -10.966
2376 25.0 -24.806 -16.625
2388 25.0 -25.268 -16.605
2400 25.0 -24.697 -17.359
2412 25.0 -24.657 -16.472
2424 25.0 -25.273 -15.278
2436 25.0 -25.882 -16.836
2448 25.0 -25.036 -15.930
2460 25.0 -24.587 -16.432
2472 25.0 -23.607 -15.784
2484 25.0 -24.797 -17.648
2496 25.0 -25.147 -16.312
2508 25.0 -25.223 -16.606
2280 33.0 -5.547 -12.234
2292 33.0 -5.635 -12.246
2304 33.0 -5.587 -12.223
2316 33.0 -5.582 -12.205
2328 33.0 -5.609 -12.252
2340 33.0 -5.474 -12.243
2352 33.0 -5.506 -12.255
2364 33.0 -5.499 -12.276
2376 33.0 -5.324 -10.693
2388 33.0 -5.790 -14.007
2400 33.0 -6.352 -12.207
2412 33.0 -5.910 -12.703
2424 33.0 -6.238 -12.110
2436 33.0 -4.803 -10.995
2448 33.0 -6.621 -12.495
2460 33.0 -5.288 -12.560
2472 33.0 -4.304 -10.698
2484 33.0 -4.141 -12.869
2496 33.0 -7.074 -13.360
2508 33.0 -4.321 -11.298
2328 89.0 -9.131 23.263
2340 89.0 -9.427 23.253
2352 89.0 -9.066 23.379
2364 89.0 -9.091 23.249
2376 89.0 -9.025 23.112
2388 89.0 -9.068 23.196
2400 89.0 -9.332 22.957
2412 89.0 -9.143 23.237
2424 89.0 -8.478 23.412
2436 89.0 -9.563 23.998
2448 89.0 -9.150 22.887
2460 89.0 -8.955 22.992
2472 89.0 -8.803 23.492
2484 89.0 -10.314 22.878
2496 89.0 -10.796 22.048
2508 89.0 -9.735 22.250
2520 89.0 -9.909 23.445
2532 89.0 -9.666 23.586
2544 89.0 -7.311 21.836
2556 89.0 -8.882 22.981
2484 40.0 -8.678 0.182
2496 40.0 -8.735 0.766
2508 40.0 -8.483 1.371
2520 40.0 -8.569 1.856
2532 40.0 -8.730 2.415
2544 40.0 -8.927 3.100
2556 40.0 -8.825 3.542
2568 40.0 -8.907 3.958
2580 40.0 -8.464 0.527
2592 40.0 -7.757 -0.912
2604 40.0 -6.805 1.373
2616 40.0 -10.072 0.138
2628 40.0 -8.347 1.016
2640 40.0 -7.999 0.315
2652 40.0 -9.032 0.079
2664 40.0 -10.445 0.443
2676 40.0 -8.197 -0.251
2688 40.0 -9.766 0.003
2700 40.0 -8.370 0.682
2712 40.0 -7.108 0.438
2496 36.0 -23.611 -11.438
2508 36.0 -22.275 -11.984
2520 36.0 -21.317 -12.197
2532 36.0 -20.467 -12.381
2544 36.0 -19.533 -12.569
2556 36.0 -18.885 -12.723
2568 36.0 -17.704 -13.036
2580 36.0 -16.983 -13.131
2592 36.0 -23.454 -11.894
2604 36.0 -25.281 -10.434
2616 36.0 -24.171 -11.253
2628 36.0 -21.535 -11.583
2640 36.0 -23.196 -10.822
2652 36.0 -24.950 -11.542
2664 36.0 -25.040 -12.091
2676 36.0 -23.770 -10.593
2688 36.0 -25.312 -10.883
2700 36.0 -23.322 -10.604
2712 36.0 -24.169 -9.378
2724 36.0 -23.413 -11.030
2520 34.0 -7.327 -6.983
2532 34.0 -7.571 -6.244
2544 34.0 -7.573 -5.807
2556 34.0 -7.752 -4.987
2568 34.0 -7.777 -4.256
2580 34.0 -7.966 -3.684
2592 34.0 -8.052 -2.942
2604 34.0 -8.021 -2.252
2616 34.0 -5.860 -10.008
2628 34.0 -8.358 -7.214
2640 34.0 -8.167 -7.221
2652 34.0 -6.826 -6.071
2664 34.0 -8.792 -6.033
2676 34.0 -6.513 -8.092
2688 34.0 -6.191 -6.848
2700 34.0 -7.910 -8.467
2712 34.0 -7.634 -8.512
2724 34.0 -5.869 -7.901
2736 34.0 -8.548 -5.465
2748 34.0 -7.644 -5.730
2568 90.0 -8.989 23.370
2580 90.0 -9.174 22.957
2592 90.0 -8.969 22.945
2604 90.0 -9.020 23.186
2616 90.0 -9.011 23.350
2628 90.0 -9.152 23.224
2640 90.0 -8.809 23.447
2652 90.0 -8.956 23.439
2664 90.0 -8.759 23.089
2676 90.0 -9.212 23.655
2688 90.0 -8.137 24.052
2700 90.0 -8.612 23.262
2712 90.0 -7.836 23.890
2724 90.0 -7.906 22.552
2736 90.0 -8.400 23.665
2748 90.0 -9.186 25.338
2760 90.0 -8.286 23.988
2772 90.0 -8.360 25.326
2784 90.0 -8.786 22.742
2796 90.0 -9.085 22.836
2724 41.0 -9.271 11.149
2736 41.0 -9.275 11.674
2748 41.0 -9.172 12.150
2760 41.0 -9.211 12.733
2772 41.0 -9.199 13.201
2784 41.0 -9.185 13.661
2796 41.0 -9.199 14.227
2808 41.0 -9.251 14.865
2820 41.0 -8.855 11.382
2832 41.0 -9.632 9.857
2844 41.0 -9.537 9.207
2856 41.0 -9.335 11.078
2868 41.0 -9.136 11.473
2880 41.0 -9.977 11.254
2892 41.0 -9.339 10.257
2904 41.0 -11.139 12.110
2916 41.0 -9.759 9.679
2928 41.0 -10.607 10.958
2940 41.0 -9.561 9.812
2952 41.0 -9.361 11.419
2736 37.0 -8.735 -18.168
2748 37.0 -8.108 -18.461
2760 37.0 -7.335 -18.881
2772 37.0 -6.469 -19.057
2784 37.0 -5.009 -19.496
2796 37.0 -4.486 -19.634
2808 37.0 -4.488 -19.614
2820 37.0 -4.439 -19.689
2832 37.0 -9.570 -18.789
2844 37.0 -7.580 -19.063
2856 37.0 -7.595 -18.135
2868 37.0 -8.245 -19.679
2880 37.0 -9.529 -17.245
2892 37.0 -9.846 -17.670
2904 37.0 -10.294 -17.295
2916 37.0 -9.241 -17.171
2928 37.0 -6.703 -17.271
2940 37.0 -9.620 -17.506
2952 37.0 -9.790 -17.729
2964 37.0 -9.085 -19.945
2760 35.0 -5.587 3.491
2772 35.0 -5.896 3.240
2784 35.0 -5.694 3.587
2796 35.0 -5.942 3.383
2808 35.0 -5.520 3.441
2820 35.0 -5.849 3.228
2832 35.0 -5.660 3.445
2844 35.0 -5.887 3.760
2856 35.0 -6.190 2.043
2868 35.0 -5.628 3.807
2880 35.0 -3.984 4.372
2892 35.0 -7.015 3.878
2904 35.0 -6.771 2.229
2916 35.0 -6.900 2.028
2928 35.0 -5.193 3.644
2940 35.0 -6.970 3.628
2952 35.0 -6.287 2.428
2964 35.0 -4.346 3.557
2976 35.0 -6.140 3.511
2988 35.0 -4.366 3.426
2772 42.0 -29.886 15.009
2784 42.0 -30.207 14.993
2796 42.0 -30.423 15.168
2808 42.0 -30.629 14.824
2820 42.0 -31.170 14.790
2832 42.0 -31.512 14.922
2844 42.0 -31.982 15.000
2856 42.0 -32.325 14.886
2868 42.0 -30.806 13.417
2880 42.0 -29.377 13.414
2892 42.0 -31.003 15.097
2904 42.0 -29.000 14.436
2916 42.0 -30.174 15.727
2928 42.0 -29.635 14.312
2940 42.0 -30.981 15.900
2952 42.0 -29.580 16.531
2964 42.0 -28.421 15.731
2976 42.0 -30.434 14.720
2988 42.0 -29.517 13.305
3000 42.0 -28.704 14.311
2808 91.0 -8.598 23.465
2820 91.0 -8.830 23.452
2832 91.0 -8.930 23.352
2844 91.0 -8.824 23.580
2856 91.0 -8.872 23.687
2868 91.0 -8.653 23.365
2880 91.0 -8.623 23.482
2892 91.0 -8.675 23.515
2904 91.0 -8.712 23.708
2916 91.0 -8.434 23.259
2928 91.0 -7.871 24.106
2940 91.0 -9.039 23.168
2952 91.0 -9.243 21.681
2964 91.0 -9.380 24.440
2976 91.0 -9.237 22.160
2988 91.0 -9.229 22.298
3000 91.0 -6.088 22.209
3012 91.0 -8.908 23.449
3024 91.0 -8.627 22.574
3036 91.0 -10.846 23.032
3048 92.0 -8.281 18.121
3060 92.0 -8.576 17.567
3072 92.0 -8.531 17.195
3084 92.0 -8.460 16.676
3096 92.0 -8.538 16.227
3108 92.0 -8.565 15.683
3120 92.0 -8.584 15.175
3132 92.0 -8.563 14.926
3144 92.0 -8.438 19.494
3156 92.0 -7.204 17.572
3168 92.0 -8.784 17.306
3180 92.0 -8.904 18.054
3192 92.0 -9.176 18.175
3204 92.0 -6.894 17.599
3216 92.0 -9.631 17.942
3228 92.0 -8.824 18.011
3240 92.0 -9.043 18.552
3252 92.0 -7.617 17.797
3264 92.0 -7.854 18.112
3276 92.0 -7.428 18.891
3108 96.0 -9.330 22.910
3120 96.0 -9.393 22.512
3132 96.0 -9.344 21.885
3144 96.0 -9.391 21.497
3156 96.0 -9.309 20.773
3168 96.0 -9.426 20.332
3180 96.0 -9.280 19.728
3192 96.0 -9.211 19.065
3204 96.0 -8.396 22.450
3216 96.0 -9.558 22.954
3228 96.0 -9.643 24.139
3240 96.0 -9.472 22.513
3252 96.0 -10.169 22.652
3264 96.0 -10.954 23.398
3276 96.0 -9.605 22.017
3288 96.0 -9.015 23.108
3300 96.0 -9.737 22.401
3312 96.0 -9.382 22.841
3324 96.0 -9.791 22.476
3336 96.0 -10.090 22.810
3168 100.0 -10.759 -27.098
3180 100.0 -10.919 -26.839
3192 100.0 -10.743 -26.421
3204 100.0 -10.921 -25.913
3216 100.0 -11.389 -25.297
3228 100.0 -11.143 -24.812
3240 100.0 -11.000 -24.276
3252 100.0 -11.514 -23.751
3264 100.0 -11.586 -26.805
3276 100.0 -11.569 -27.830
3288 100.0 -11.032 -26.422
3300 100.0 -11.111 -26.805
3312 100.0 -11.677 -25.614
3324 100.0 -10.298 -28.604
3336 100.0 -11.857 -28.840
3348 100.0 -10.300 -26.880
3360 100.0 -12.675 -26.245
3372 100.0 -9.576 -27.682
3384 100.0 -11.584 -27.513
3396 100.0 -12.352 -27.346
3288 93.0 -8.681 8.448
3300 93.0 -8.503 8.120
3312 93.0 -8.401 7.422
3324 93.0 -8.641 6.831
3336 93.0 -8.328 6.135
3348 93.0 -8.458 5.721
3360 93.0 -8.424 5.185
3372 93.0 -8.404 4.704
3384 93.0 -9.445 8.121
3396 93.0 -10.223 7.890
3408 93.0 -9.037 10.283
3420 93.0 -8.745 7.408
3432 93.0 -10.251 7.443
3444 93.0 -8.849 9.146
3456 93.0 -7.538 7.624
3468 93.0 -9.613 6.770
3480 93.0 -9.473 7.754
3492 93.0 -7.550 8.197
3504 93.0 -10.116 8.832
3516 93.0 -9.162 8.424
3348 97.0 -9.055 12.253
3360 97.0 -9.159 11.702
3372 97.0 -8.851 11.114
3384 97.0 -8.696 10.639
3396 97.0 -8.657 10.209
3408 97.0 -8.716 9.479
3420 97.0 -8.493 8.974
3432 97.0 -8.600 8.530
3444 97.0 -10.035 13.094
3456 97.0 -9.521 11.660
3468 97.0 -9.525 12.059
3480 97.0 -9.533 11.218
3492 97.0 -7.787 12.510
3504 97.0 -7.187 11.644
3516 97.0 -6.999 11.691
3528 97.0 -9.273 11.907
3540 97.0 -8.123 11.373
3552 97.0 -8.869 12.261
3564 97.0 -8.222 12.052
3576 97.0 -8.911 12.922
3408 101.0 -11.803 -17.296
3420 101.0 -11.874 -16.790
3432 101.0 -11.835 -16.232
3444 101.0 -11.929 -15.782
3456 101.0 -11.933 -15.211
3468 101.0 -11.877 -14.998
3480 101.0 -11.916 -14.324
3492 101.0 -11.887 -13.611
3504 101.0 -11.364 -18.050
3516 101.0 -12.605 -17.207
3528 101.0 -11.924 -17.086
3540 101.0 -12.101 -18.411
3552 101.0 -12.172 -16.684
3564 101.0 -10.517 -16.443
3576 101.0 -11.152 -18.039
3588 101.0 -12.107 -18.303
3600 101.0 -12.740 -17.638
3612 101.0 -10.984 -17.728
3624 101.0 -11.191 -17.498
3636 101.0 -10.382 -18.378
3528 94.0 -8.425 -1.798
3540 94.0 -8.657 -2.259
3552 94.0 -8.771 -2.764
3564 94.0 -8.667 -3.126
3576 94.0 -8.828 -3.704
3588 94.0 -9.009 -4.059
3600 94.0 -9.030 -4.611
3612 94.0 -9.168 -5.045
3624 94.0 -7.300 -1.363
3636 94.0 -8.987 -0.768
3648 94.0 -8.841 -2.860
3660 94.0 -10.101 -3.367
3672 94.0 -10.000 -1.861
3684 94.0 -7.693 -1.633
3696 94.0 -6.698 -2.124
3708 94.0 -8.528 -0.380
3720 94.0 -8.312 -0.923
3732 94.0 -8.843 -2.077
3744 94.0 -9.079 -2.550
3756 94.0 -8.865 -2.016
3588 98.0 -8.223 1.329
3600 98.0 -8.156 0.789
3612 98.0 -8.309 0.143
3624 98.0 -8.315 -0.375
3636 98.0 -8.460 -0.815
3648 98.0 -8.206 -1.368
3660 98.0 -8.232 -1.804
3672 98.0 -8.403 -2.621
3684 98.0 -8.589 2.089
3696 98.0 -6.876 2.297
3708 98.0 -9.372 2.515
3720 98.0 -7.219 1.780
3732 98.0 -8.403 2.672
3744 98.0 -7.372 2.866
3756 98.0 -6.492 0.661
3768 98.0 -8.819 1.014
3780 98.0 -7.713 1.312
3792 98.0 -6.837 1.167
3804 98.0 -8.320 0.813
3816 98.0 -8.244 1.521
3624 64.0 -8.059 22.649
3636 64.0 -8.059 22.107
3648 64.0 -8.238 21.559
3660 64.0 -8.263 21.254
3672 64.0 -8.127 20.758
3684 64.0 -8.247 20.147
3696 64.0 -8.100 19.787
3708 64.0 -8.088 19.204
3720 64.0 -7.003 25.198
3732 64.0 -8.659 23.442
3744 64.0 -8.316 21.324
3756 64.0 -6.666 22.578
3768 64.0 -7.004 22.888
3780 64.0 -6.970 23.555
3792 64.0 -8.084 22.664
3804 64.0 -6.834 22.863
3816 64.0 -7.798 23.115
3828 64.0 -6.859 23.029
3840 64.0 -9.418 23.808
3852 64.0 -7.815 23.700
3648 102.0 -12.482 -6.874
3660 102.0 -12.630 -6.408
3672 102.0 -12.389 -5.699
3684 102.0 -12.693 -5.031
3696 102.0 -12.496 -4.540
3708 102.0 -12.815 -4.185
3720 102.0 -12.994 -3.817
3732 102.0 -12.981 -3.274
3744 102.0 -13.604 -5.345
3756 102.0 -11.566 -7.497
3768 102.0 -11.151 -6.625
3780 102.0 -12.364 -8.186
3792 102.0 -14.063 -6.564
3804 102.0 -14.237 -7.260
3816 102.0 -12.750 -8.042
3828 102.0 -12.940 -6.880
3840 102.0 -13.017 -5.986
3852 102.0 -12.845 -7.515
3864 102.0 -10.849 -6.243
3876 102.0 -12.701 -9.162
3768 95.0 -10.199 -11.099
3780 95.0 -10.273 -11.642
3792 95.0 -10.189 -12.225
3804 95.0 -10.247 -12.586
3816 95.0 -10.180 -13.106
3828 95.0 -10.283 -13.550
3840 95.0 -10.418 -14.103
3852 95.0 -10.331 -14.661
3864 95.0 -7.896 -10.730
3876 95.0 -9.800 -10.651
3888 95.0 -9.876 -11.014
3900 95.0 -9.864 -11.622
3912 95.0 -10.319 -10.098
3924 95.0 -11.582 -10.709
3936 95.0 -9.028 -11.049
3948 95.0 -9.509 -12.718
3960 95.0 -9.829 -10.887
3972 95.0 -9.867 -11.522
3984 95.0 -9.060 -10.859
3996 95.0 -10.209 -9.967
3864 65.0 -7.957 12.552
3876 65.0 -7.876 12.091
3888 65.0 -7.746 11.512
3900 65.0 -7.684 11.046
3912 65.0 -7.662 10.672
3924 65.0 -7.718 9.972
3936 65.0 -7.590 9.500
3948 65.0 -7.509 8.976
3960 65.0 -9.885 11.779
3972 65.0 -9.101 12.783
3984 65.0 -6.197 13.762
3996 65.0 -8.321 14.026
4008 65.0 -8.796 13.594
4020 65.0 -7.653 13.769
4032 65.0 -8.618 12.190
4044 65.0 -9.032 10.995
4056 65.0 -6.546 10.997
4068 65.0 -7.389 10.770
4080 65.0 -7.455 13.094
4092 65.0 -7.991 13.022
3888 103.0 -13.054 3.540
3900 103.0 -12.933 4.080
3912 103.0 -12.903 4.491
3924 103.0 -12.771 4.975
3936 103.0 -12.497 5.489
3948 103.0 -12.390 6.074
3960 103.0 -12.124 6.469
3972 103.0 -11.947 6.838
3984 103.0 -12.556 3.209
3996 103.0 -14.590 4.545
4008 103.0 -12.777 1.294
4020 103.0 -12.150 4.886
4032 103.0 -12.786 2.302
4044 103.0 -11.285 3.216
4056 103.0 -13.028 2.945
4068 103.0 -13.498 4.896
4080 103.0 -12.539 2.363
4092 103.0 -13.922 4.080
4104 103.0 -13.956 4.274
4116 103.0 -12.693 3.592
4104 66.0 -6.976 2.408
4116 66.0 -7.098 1.684
4128 66.0 -6.635 1.414
4140 66.0 -6.591 0.596
4152 66.0 -5.693 0.024
4164 66.0 -6.358 -0.192
4176 66.0 -7.001 -0.600
4188 66.0 -7.325 -1.138
4200 66.0 -8.081 2.200
4212 66.0 -7.558 1.145
4224 66.0 -4.508 2.358
4236 66.0 -7.185 3.307
4248 66.0 -8.239 2.506
4260 66.0 -5.974 1.340
4272 66.0 -5.591 2.163
4284 66.0 -6.022 0.595
4296 66.0 -7.545 1.659
4308 66.0 -7.589 3.199
4320 66.0 -6.413 1.684
4332 66.0 -8.087 0.159
4116 69.0 -8.329 23.259
4128 69.0 -7.890 22.486
4140 69.0 -7.657 21.819
4152 69.0 -7.771 21.220
4164 69.0 -7.504 20.423
4176 69.0 -7.307 19.562
4188 69.0 -7.295 18.870
4200 69.0 -7.000 18.405
4212 69.0 -8.181 24.102
4224 69.0 -8.421 22.330
4236 69.0 -8.230 24.341
4248 69.0 -7.682 24.130
4260 69.0 -8.849 23.122
4272 69.0 -6.835 24.192
4284 69.0 -8.127 22.313
4296 69.0 -9.425 23.203
4308 69.0 -8.953 21.874
4320 69.0 -8.185 24.017
4332 69.0 -8.662 22.743
4344 69.0 -7.489 23.319
4128 104.0 -10.422 13.220
4140 104.0 -10.259 13.747
4152 104.0 -9.997 14.302
4164 104.0 -9.896 14.672
4176 104.0 -9.814 15.331
4188 104.0 -9.663 16.005
4200 104.0 -9.455 16.316
4212 104.0 -9.219 16.765
4224 104.0 -9.684 12.920
4236 104.0 -10.151 12.554
4248 104.0 -9.757 13.117
4260 104.0 -9.561 12.840
4272 104.0 -13.033 13.080
4284 104.0 -9.445 12.337
4296 104.0 -9.043 13.253
4308 104.0 -10.017 12.566
4320 104.0 -10.463 13.731
4332 104.0 -11.378 13.078
4344 104.0 -11.534 12.524
4356 104.0 -12.130 13.121
4344 67.0 -9.603 -7.478
4356 67.0 -9.636 -8.049
4368 67.0 -9.521 -8.432
4380 67.0 -9.826 -9.101
4392 67.0 -9.793 -9.691
4404 67.0 -10.017 -10.303
4416 67.0 -10.255 -10.656
4428 67.0 -10.151 -11.191
4440 67.0 -10.191 -6.807
4452 67.0 -10.996 -8.950
4464 67.0 -9.086 -9.217
4476 67.0 -9.638 -8.895
4488 67.0 -10.618 -7.345
4500 67.0 -9.628 -7.052
4512 67.0 -8.575 -5.810
4524 67.0 -10.450 -8.222
4536 67.0 -12.152 -8.156
4548 67.0 -8.450 -7.640
4560 67.0 -8.726 -7.160
4572 67.0 -10.127 -7.499
4356 70.0 -7.566 8.857
4368 70.0 -7.369 8.346
4380 70.0 -7.212 7.682
4392 70.0 -7.437 6.728
4404 70.0 -7.372 6.081
4416 70.0 -7.501 5.430
4428 70.0 -7.378 4.536
4440 70.0 -7.409 3.740
4452 70.0 -6.537 9.109
4464 70.0 -7.720 9.957
4476 70.0 -5.522 9.443
4488 70.0 -7.651 9.569
4500 70.0 -8.326 7.845
4512 70.0 -7.566 7.974
4524 70.0 -7.297 7.816
4536 70.0 -8.007 7.450
4548 70.0 -7.123 9.102
4560 70.0 -7.279 7.418
4572 70.0 -7.604 8.349
4584 70.0 -7.035 10.514
4440 105.0 -7.836 23.204
4452 105.0 -7.693 22.452
4464 105.0 -7.507 22.082
4476 105.0 -7.409 21.612
4488 105.0 -7.331 20.927
4500 105.0 -7.165 20.372
4512 105.0 -7.472 19.855
4524 105.0 -7.546 19.294
4536 105.0 -7.393 22.287
4548 105.0 -8.127 23.030
4560 105.0 -8.357 23.460
4572 105.0 -6.989 23.802
4584 105.0 -8.114 22.429
4596 105.0 -8.497 23.536
4608 105.0 -7.172 23.224
4620 105.0 -6.527 24.305
4632 105.0 -8.801 22.251
4644 105.0 -8.139 22.105
4656 105.0 -9.267 22.237
4668 105.0 -5.962 25.463
4584 68.0 -11.467 -18.035
4596 68.0 -11.794 -18.454
4608 68.0 -11.765 -19.069
4620 68.0 -11.780 -19.732
4632 68.0 -11.803 -20.223
4644 68.0 -11.904 -20.661
4656 68.0 -11.666 -21.166
4668 68.0 -11.665 -21.654
4680 68.0 -11.304 -17.782
4692 68.0 -9.481 -16.341
4704 68.0 -12.015 -17.990
4716 68.0 -12.185 -17.164
4728 68.0 -10.313 -17.588
4740 68.0 -10.267 -17.921
4752 68.0 -11.833 -17.723
4764 68.0 -10.723 -19.066
4776 68.0 -10.779 -17.895
4788 68.0 -12.307 -19.343
4800 68.0 -10.474 -17.970
4812 68.0 -12.047 -18.586
4596 71.0 -9.038 -5.381
4608 71.0 -9.124 -6.097
4620 71.0 -9.274 -6.756
4632 71.0 -9.451 -7.493
4644 71.0 -9.469 -8.173
4656 71.0 -9.674 -8.918
4668 71.0 -9.903 -9.638
4680 71.0 -9.837 -10.348
4692 71.0 -7.078 -4.536
4704 71.0 -8.839 -5.713
4716 71.0 -11.552 -6.156
4728 71.0 -7.434 -5.425
4740 71.0 -9.634 -6.474
4752 71.0 -7.647 -5.447
4764 71.0 -10.157 -5.087
4776 71.0 -9.606 -4.472
4788 71.0 -8.659 -6.223
4800 71.0 -8.654 -6.279
4812 71.0 -8.300 -5.024
4824 71.0 -8.569 -5.329
4680 106.0 -7.635 11.725
4692 106.0 -7.798 10.987
4704 106.0 -7.832 10.520
4716 106.0 -7.592 9.913
4728 106.0 -7.747 9.749
4740 106.0 -7.553 9.271
4752 106.0 -7.590 8.549
4764 106.0 -7.548 8.052
4776 106.0 -9.665 12.231
4788 106.0 -8.020 11.728
4800 106.0 -6.931 10.886
4812 106.0 -5.931 11.343
4824 106.0 -7.915 11.860
4836 106.0 -7.989 12.065
4848 106.0 -7.243 11.544
4860 106.0 -7.992 11.082
4872 106.0 -8.112 10.789
4884 106.0 -6.319 11.605
4896 106.0 -7.426 11.596
4908 106.0 -6.163 11.212
4920 107.0 -7.391 1.121
4932 107.0 -7.439 0.625
4944 107.0 -7.454 -0.078
4956 107.0 -7.435 -0.700
4968 107.0 -7.474 -1.198
4980 107.0 -7.452 -1.800
4992 107.0 -7.318 -2.432
5004 107.0 -7.428 -2.902
5016 107.0 -7.257 1.424
5028 107.0 -6.709 1.065
5040 107.0 -6.034 1.881
5052 107.0 -5.435 0.973
5064 107.0 -9.031 -1.818
5076 107.0 -7.802 2.356
5088 107.0 -8.928 1.828
5100 107.0 -6.655 0.775
5112 107.0 -7.639 1.418
5124 107.0 -7.402 0.596
5136 107.0 -6.505 0.665
5148 107.0 -7.528 1.461
5160 108.0 -9.445 -9.505
5172 108.0 -9.503 -10.156
5184 108.0 -9.651 -10.689
5196 108.0 -9.732 -11.203
5208 108.0 -9.636 -11.843
5220 108.0 -9.783 -12.440
5232 108.0 -9.934 -12.882
5244 108.0 -9.845 -13.447
5256 108.0 -8.588 -10.400
5268 108.0 -9.431 -8.783
5280 108.0 -11.173 -9.462
5292 108.0 -9.146 -9.655
5304 108.0 -8.605 -8.556
5316 108.0 -10.841 -10.940
5328 108.0 -12.408 -10.606
5340 108.0 -9.100 -8.782
5352 108.0 -9.115 -9.594
5364 108.0 -9.402 -8.810
5376 108.0 -8.742 -8.830
5388 108.0 -10.221 -9.399
6012 112.0 -24.987 -27.295
6024 112.0 -25.115 -26.755
6036 112.0 -25.229 -26.002
6048 112.0 -24.970 -24.983
6060 112.0 -25.013 -24.636
6072 112.0 -25.016 -23.617
6084 112.0 -25.173 -22.869
6096 112.0 -25.145 -22.187
6108 112.0 -24.683 -27.655
6120 112.0 -25.226 -29.220
6132 112.0 -25.192 -26.831
6144 112.0 -24.704 -28.176
6156 112.0 -24.826 -25.670
6168 112.0 -23.733 -26.448
6180 112.0 -23.726 -26.770
6192 112.0 -24.402 -26.062
6204 112.0 -24.583 -25.930
6216 112.0 -25.995 -27.709
6228 112.0 -24.049 -26.465
6240 112.0 -26.178 -28.533
6252 113.0 -25.015 -12.944
6264 113.0 -24.998 -12.246
6276 113.0 -25.004 -11.506
6288 113.0 -24.971 -10.704
6300 113.0 -25.256 -9.875
6312 113.0 -24.976 -9.273
6324 113.0 -25.104 -8.450
6336 113.0 -24.977 -7.955
6348 113.0 -24.426 -12.583
6360 113.0 -24.919 -12.742
6372 113.0 -23.535 -13.774
6384 113.0 -24.052 -11.363
6396 113.0 -26.109 -16.389
6408 113.0 -24.359 -11.980
6420 113.0 -24.792 -13.642
6432 113.0 -24.169 -13.295
6444 113.0 -24.645 -14.104
6456 113.0 -25.208 -13.257
6468 113.0 -25.563 -11.884
6480 113.0 -26.310 -13.356
6288 55.0 -5.551 -12.466
6300 55.0 -5.813 -12.575
6312 55.0 -6.060 -12.193
6324 55.0 -6.326 -11.759
6336 55.0 -6.760 -11.561
6348 55.0 -6.868 -11.356
6360 55.0 -7.276 -10.967
6372 55.0 -7.416 -10.838
6384 55.0 -5.631 -12.589
6396 55.0 -6.272 -11.998
6408 55.0 -4.901 -12.725
6420 55.0 -7.749 -12.308
6432 55.0 -5.264 -11.747
6444 55.0 -5.492 -13.363
6456 55.0 -5.489 -11.898
6468 55.0 -5.829 -13.129
6480 55.0 -5.326 -12.930
6492 55.0 -5.714 -11.889
6504 55.0 -4.326 -12.526
6516 55.0 -5.122 -14.307
6528 56.0 -10.652 -7.139
6540 56.0 -11.064 -6.697
6552 56.0 -11.042 -6.247
6564 56.0 -11.385 -5.945
6576 56.0 -11.623 -5.519
6588 56.0 -11.729 -5.240
6600 56.0 -12.045 -4.757
6612 56.0 -12.292 -4.397
6624 56.0 -10.916 -4.468
6636 56.0 -10.409 -7.681
6648 56.0 -11.417 -8.522
6660 56.0 -9.418 -7.400
6672 56.0 -10.141 -8.033
6684 56.0 -11.267 -6.706
6696 56.0 -10.518 -8.042
6708 56.0 -12.839 -6.908
6720 56.0 -10.362 -6.717
6732 56.0 -10.256 -8.407
6744 56.0 -11.214 -7.904
6756 56.0 -11.355 -6.247
6768 57.0 -11.627 -1.420
6780 57.0 -11.248 -1.048
6792 57.0 -11.024 -0.807
6804 57.0 -11.182 -1.053
6816 57.0 -10.685 -1.020
6828 57.0 -10.465 -1.283
6840 57.0 -10.142 -0.995
6852 57.0 -10.327 -1.110
6864 57.0 -11.986 -2.208
6876 57.0 -11.740 -1.784
6888 57.0 -12.651 -1.004
6900 57.0 -11.149 -1.280
6912 57.0 -12.544 -0.987
6924 57.0 -10.879 -2.018
6936 57.0 -11.553 -0.492
6948 57.0 -11.474 -2.724
6960 57.0 -12.106 -1.072
6972 57.0 -11.424 -1.974
6984 57.0 -10.956 -1.638
6996 57.0 -11.836 0.374
7008 58.0 -7.676 -3.644
7020 58.0 -7.689 -3.881
7032 58.0 -7.384 -4.352
7044 58.0 -7.321 -4.651
7056 58.0 -7.152 -5.180
7068 58.0 -7.121 -5.659
7080 58.0 -7.064 -5.747
7092 58.0 -6.637 -6.335
7104 58.0 -8.049 -6.036
7116 58.0 -7.784 -3.956
7128 58.0 -7.190 -4.255
7140 58.0 -7.813 -2.793
7152 58.0 -8.810 -4.655
7164 58.0 -7.924 -5.643
7176 58.0 -8.393 -3.555
7188 58.0 -6.186 -4.871
7200 58.0 -8.316 -3.725
7212 58.0 -6.324 -3.167
7224 58.0 -8.119 -4.289
7236 58.0 -8.985 -3.753
7116 43.0 -8.477 23.194
7128 43.0 -8.138 22.385
7140 43.0 -8.060 21.760
7152 43.0 -7.897 21.076
7164 43.0 -8.079 20.383
7176 43.0 -7.972 19.741
7188 43.0 -8.144 19.047
7200 43.0 -8.037 18.383
7212 43.0 -8.908 24.551
7224 43.0 -10.303 22.218
7236 43.0 -9.723 22.085
7248 43.0 -9.635 24.312
7260 43.0 -8.317 23.222
7272 43.0 -8.364 22.531
7284 43.0 -9.369 23.852
7296 43.0 -8.887 23.310
7308 43.0 -8.014 23.305
7320 43.0 -9.633 21.783
7332 43.0 -8.239 22.020
7344 43.0 -9.084 23.792
7212 47.0 -16.938 22.917
7224 47.0 -17.050 22.348
7236 47.0 -16.814 21.815
7248 47.0 -16.777 21.148
7260 47.0 -16.757 20.687
7272 47.0 -16.709 20.179
7284 47.0 -16.725 19.545
7296 47.0 -16.831 19.052
7308 47.0 -18.882 22.907
7320 47.0 -15.901 23.563
7332 47.0 -17.567 25.138
7344 47.0 -17.475 24.521
7356 47.0 -16.585 23.971
7368 47.0 -18.111 23.972
7380 47.0 -17.183 21.886
7392 47.0 -17.270 21.767
7404 47.0 -18.166 22.856
7416 47.0 -17.190 25.050
7428 47.0 -17.093 23.879
7440 47.0 -17.403 21.999
7248 59.0 -6.011 -9.330
7260 59.0 -5.826 -9.452
7272 59.0 -5.737 -9.674
7284 59.0 -5.792 -10.011
7296 59.0 -5.701 -10.465
7308 59.0 -5.757 -10.772
7320 59.0 -5.927 -11.038
7332 59.0 -5.771 -11.382
7344 59.0 -4.882 -8.317
7356 59.0 -6.677 -10.489
7368 59.0 -7.070 -9.790
7380 59.0 -5.841 -10.053
7392 59.0 -6.042 -10.546
7404 59.0 -7.923 -9.942
7416 59.0 -6.212 -9.273
7428 59.0 -6.413 -11.286
7440 59.0 -4.404 -10.426
7452 59.0 -7.431 -7.786
7464 59.0 -7.808 -9.356
7476 59.0 -5.737 -7.669
7272 72.0 -19.634 12.109
7284 72.0 -19.059 11.363
7296 72.0 -18.724 10.753
7308 72.0 -18.350 10.186
7320 72.0 -18.038 9.564
7332 72.0 -17.728 9.071
7344 72.0 -17.140 8.428
7356 72.0 -16.551 7.823
7368 72.0 -19.560 12.503
7380 72.0 -19.374 11.661
7392 72.0 -21.408 13.111
7404 72.0 -19.389 11.265
7416 72.0 -19.394 11.065
7428 72.0 -20.508 11.860
7440 72.0 -17.602 12.457
7452 72.0 -18.271 12.302
7464 72.0 -18.588 13.285
7476 72.0 -19.598 11.678
7488 72.0 -19.106 10.601
7500 72.0 -20.495 12.520
7344 52.0 -23.366 14.065
7356 52.0 -23.597 13.638
7368 52.0 -23.520 13.057
7380 52.0 -23.597 12.135
7392 52.0 -23.806 11.381
7404 52.0 -23.589 10.600
7416 52.0 -23.475 9.874
7428 52.0 -23.471 9.171
7440 52.0 -23.643 11.910
7452 52.0 -23.068 13.077
7464 52.0 -21.521 14.384
7476 52.0 -23.819 13.590
7488 52.0 -23.838 14.228
7500 52.0 -23.945 14.248
7512 52.0 -23.016 15.115
7524 52.0 -23.330 15.715
7536 52.0 -22.049 13.076
7548 52.0 -23.271 14.192
7560 52.0 -23.911 12.257
7572 52.0 -24.787 13.716
7356 44.0 -8.177 9.983
7368 44.0 -7.905 9.143
7380 44.0 -7.647 8.230
7392 44.0 -7.635 7.406
7404 44.0 -7.631 7.027
7416 44.0 -7.930 5.886
7428 44.0 -8.449 5.298
7440 44.0 -8.151 4.674
7452 44.0 -7.706 9.969
7464 44.0 -8.618 9.065
7476 44.0 -9.232 10.014
7488 44.0 -6.593 10.615
7500 44.0 -6.839 9.151
7512 44.0 -6.440 10.027
7524 44.0 -8.764 9.380
7536 44.0 -5.521 9.442
7548 44.0 -7.836 8.871
7560 44.0 -7.434 8.647
7572 44.0 -7.855 10.122
7584 44.0 -8.503 10.129
7452 48.0 -17.384 16.958
7464 48.0 -17.488 16.885
7476 48.0 -17.338 16.904
7488 48.0 -17.483 16.921
7500 48.0 -17.322 16.899
7512 48.0 -17.240 16.956
7524 48.0 -17.324 16.937
7536 48.0 -17.247 17.057
7548 48.0 -18.888 17.198
7560 48.0 -16.036 17.118
7572 48.0 -15.999 17.988
7584 48.0 -16.101 18.740
7596 48.0 -17.733 15.469
7608 48.0 -16.222 15.791
7620 48.0 -15.587 17.464
7632 48.0 -18.467 17.284
7644 48.0 -17.796 18.407
7656 48.0 -16.905 17.822
7668 48.0 -16.602 16.814
7680 48.0 -16.528 18.195
7488 60.0 -6.149 -15.962
7500 60.0 -6.287 -16.298
7512 60.0 -6.071 -16.800
7524 60.0 -6.234 -17.327
7536 60.0 -6.049 -17.639
7548 60.0 -6.126 -17.997
7560 60.0 -5.874 -18.489
7572 60.0 -5.854 -18.879
7584 60.0 -5.894 -17.159
7596 60.0 -7.038 -16.172
7608 60.0 -6.235 -14.938
7620 60.0 -6.061 -16.292
7632 60.0 -4.593 -17.779
7644 60.0 -4.923 -15.500
7656 60.0 -6.877 -15.866
7668 60.0 -7.177 -14.507
7680 60.0 -5.784 -15.264
7692 60.0 -5.652 -15.746
7704 60.0 -6.323 -17.477
7716 60.0 -6.344 -15.462
7500 28.0 -21.690 2.819
7512 28.0 -20.853 2.210
7524 28.0 -20.766 1.655
7536 28.0 -19.898 1.035
7548 28.0 -19.585 0.410
7560 28.0 -18.750 -0.217
7572 28.0 -18.104 -0.606
7584 28.0 -17.672 -1.112
7596 28.0 -23.574 3.169
7608 28.0 -23.687 2.976
7620 28.0 -23.066 2.717
7632 28.0 -22.579 1.850
7644 28.0 -20.681 2.033
7656 28.0 -21.445 2.457
7668 28.0 -21.383 2.065
7680 28.0 -20.586 4.064
7692 28.0 -20.867 2.463
7704 28.0 -22.618 3.114
7716 28.0 -22.801 3.934
7728 28.0 -21.911 3.070
7512 73.0 -13.383 -0.826
7524 73.0 -13.254 -1.282
7536 73.0 -12.905 -2.016
7548 73.0 -12.685 -2.956
7560 73.0 -12.752 -3.353
7572 73.0 -12.999 -3.622
7584 73.0 -12.692 -4.173
7596 73.0 -12.084 -5.231
7608 73.0 -13.155 0.094
7620 73.0 -14.004 0.998
7632 73.0 -13.455 -0.785
7644 73.0 -15.208 -1.645
7656 73.0 -14.612 -1.310
7668 73.0 -12.652 -1.546
7680 73.0 -12.574 -1.699
7692 73.0 -13.243 -0.395
7704 73.0 -14.078 0.020
7716 73.0 -14.079 -1.394
7728 73.0 -14.137 -1.588
7740 73.0 -13.974 -3.189
7584 53.0 -19.134 1.403
7596 53.0 -18.474 0.650
7608 53.0 -18.456 -0.140
7620 53.0 -17.764 -0.528
7632 53.0 -17.370 -1.138
7644 53.0 -17.372 -1.599
7656 53.0 -16.667 -2.127
7668 53.0 -16.467 -2.671
7680 53.0 -19.535 -0.060
7692 53.0 -17.665 1.930
7704 53.0 -19.093 0.786
7716 53.0 -18.809 0.503
7728 53.0 -18.371 1.187
7740 53.0 -18.302 0.552
7752 53.0 -18.367 2.057
7764 53.0 -19.389 0.668
7776 53.0 -18.887 1.558
7788 53.0 -18.501 -0.292
7800 53.0 -19.231 0.974
7812 53.0 -17.455 2.242
7596 45.0 -8.395 -4.292
7608 45.0 -8.313 -4.873
7620 45.0 -8.554 -5.430
7632 45.0 -8.799 -6.319
7644 45.0 -8.729 -6.752
7656 45.0 -8.985 -7.496
7668 45.0 -8.801 -7.968
7680 45.0 -9.211 -8.830
7692 45.0 -9.143 -4.860
7704 45.0 -8.909 -4.147
7716 45.0 -8.120 -4.468
7728 45.0 -9.671 -4.022
7740 45.0 -8.482 -3.575
7752 45.0 -8.292 -5.623
7764 45.0 -8.058 -4.772
7776 45.0 -10.511 -3.313
7788 45.0 -9.071 -5.610
7800 45.0 -7.967 -3.660
7812 45.0 -8.972 -3.217
7824 45.0 -7.996 -4.455
7596 77.0 -14.990 -26.945
7608 77.0 -15.049 -26.298
7620 77.0 -14.910 -25.961
7632 77.0 -14.711 -25.399
7644 77.0 -14.592 -25.063
7656 77.0 -14.412 -24.337
7668 77.0 -14.150 -23.677
7680 77.0 -14.154 -23.225
7692 77.0 -15.014 -27.922
7704 77.0 -14.307 -27.473
7716 77.0 -15.718 -26.293
7728 77.0 -14.672 -27.371
7740 77.0 -14.341 -27.071
7752 77.0 -17.128 -26.995
7764 77.0 -13.890 -26.982
7776 77.0 -14.389 -25.414
7788 77.0 -13.823 -26.885
7800 77.0 -15.477 -28.147
7812 77.0 -15.148 -26.962
7824 77.0 -15.305 -25.704
7692 49.0 -17.350 17.532
7704 49.0 -17.531 17.672
7716 49.0 -17.365 17.679
7728 49.0 -17.607 17.793
7740 49.0 -17.560 17.683
7752 49.0 -17.521 17.782
7764 49.0 -17.757 17.760
7776 49.0 -17.516 17.997
7788 49.0 -16.841 16.869
7800 49.0 -17.530 15.697
7812 49.0 -17.222 19.026
7824 49.0 -16.095 15.710
7836 49.0 -17.451 17.172
7848 49.0 -17.021 17.583
7860 49.0 -18.159 16.848
7872 49.0 -17.142 18.051
7884 49.0 -17.630 16.135
7896 49.0 -17.166 18.328
7908 49.0 -18.449 18.913
7920 49.0 -17.321 17.705
7704 46.0 -15.133 23.224
7716 46.0 -15.053 22.557
7728 46.0 -15.326 22.065
7740 46.0 -15.471 21.910
7752 46.0 -15.734 21.386
7764 46.0 -15.766 20.861
7776 46.0 -16.080 20.473
7788 46.0 -16.259 20.277
7800 46.0 -15.214 22.873
7812 46.0 -16.467 23.973
7824 46.0 -15.032 22.462
7836 46.0 -15.654 23.019
7848 46.0 -14.758 23.205
7860 46.0 -14.480 22.695
7872 46.0 -16.266 23.072
7884 46.0 -14.280 24.093
7896 46.0 -13.664 23.009
7908 46.0 -14.901 23.669
7920 46.0 -14.719 24.305
7932 46.0 -15.470 22.892
7728 61.0 -5.809 -23.168
7740 61.0 -5.665 -23.551
7752 61.0 -5.821 -23.701
7764 61.0 -6.114 -24.029
7776 61.0 -6.117 -24.274
7788 61.0 -6.010 -24.289
7800 61.0 -6.265 -24.384
7812 61.0 -5.821 -24.786
7824 61.0 -6.327 -21.930
7836 61.0 -5.856 -24.500
7848 61.0 -5.899 -24.296
7860 61.0 -4.347 -22.815
7872 61.0 -5.958 -21.760
7884 61.0 -4.736 -25.793
7896 61.0 -5.440 -23.600
7908 61.0 -5.315 -21.341
7920 61.0 -5.161 -22.965
7932 61.0 -4.728 -22.370
7944 61.0 -6.533 -23.011
7956 61.0 -5.577 -22.099
7740 29.0 -12.710 -8.908
7752 29.0 -12.610 -9.679
7764 29.0 -12.530 -10.316
7776 29.0 -12.311 -10.935
7788 29.0 -12.177 -11.715
7800 29.0 -11.987 -12.608
7812 29.0 -11.864 -13.467
7824 29.0 -11.767 -14.225
7836 29.0 -12.746 -7.985
7848 29.0 -13.987 -7.535
7860 29.0 -13.688 -8.421
7872 29.0 -12.573 -8.321
7884 29.0 -13.302 -7.600
7896 29.0 -12.751 -11.213
7908 29.0 -13.714 -8.639
7920 29.0 -12.127 -7.754
7932 29.0 -12.772 -8.127
7944 29.0 -12.094 -9.704
7956 29.0 -12.864 -8.096
7968 29.0 -12.879 -9.494
7752 74.0 -11.214 -13.951
7764 74.0 -11.482 -14.889
7776 74.0 -11.657 -15.522
7788 74.0 -11.709 -16.435
7800 74.0 -11.939 -17.168
7812 74.0 -11.723 -18.016
7824 74.0 -11.982 -18.557
7836 74.0 -12.131 -19.355
7848 74.0 -11.686 -13.991
7860 74.0 -12.170 -15.263
7872 74.0 -11.908 -13.564
7884 74.0 -11.684 -11.107
7896 74.0 -11.710 -14.671
7908 74.0 -12.961 -15.525
7920 74.0 -12.267 -13.637
7932 74.0 -11.486 -13.250
7944 74.0 -12.414 -14.038
7956 74.0 -11.062 -14.252
7968 74.0 -12.768 -15.338
7980 74.0 -11.010 -13.813
7824 54.0 -13.352 -11.183
7836 54.0 -13.095 -11.995
7848 54.0 -13.048 -12.563
7860 54.0 -12.892 -13.300
7872 54.0 -12.957 -13.977
7884 54.0 -12.670 -14.568
7896 54.0 -12.451 -15.641
7908 54.0 -12.467 -16.162
7920 54.0 -12.988 -12.348
7932 54.0 -12.235 -10.616
7944 54.0 -13.796 -11.997
7956 54.0 -12.940 -12.543
7968 54.0 -14.403 -11.573
7980 54.0 -14.346 -11.090
7992 54.0 -12.646 -12.289
8004 54.0 -12.762 -11.288
8016 54.0 -13.673 -11.315
8028 54.0 -11.753 -12.293
8040 54.0 -14.312 -11.555
8052 54.0 -12.265 -11.714
7836 78.0 -13.418 -15.828
7848 78.0 -13.370 -15.250
7860 78.0 -13.456 -14.808
7872 78.0 -13.408 -14.122
7884 78.0 -13.379 -13.357
7896 78.0 -13.535 -13.040
7908 78.0 -13.485 -12.493
7920 78.0 -13.569 -11.910
7932 78.0 -13.927 -15.743
7944 78.0 -14.514 -15.926
7956 78.0 -14.038 -16.429
7968 78.0 -14.318 -16.044
7980 78.0 -12.928 -14.789
7992 78.0 -13.059 -15.157
8004 78.0 -12.883 -16.207
8016 78.0 -13.444 -16.838
8028 78.0 -14.279 -15.410
8040 78.0 -14.825 -16.928
8052 78.0 -12.113 -14.098
8064 78.0 -13.028 -14.751
7932 50.0 -18.107 17.953
7944 50.0 -18.145 18.077
7956 50.0 -17.995 17.922
7968 50.0 -18.108 18.021
7980 50.0 -18.054 17.887
7992 50.0 -18.020 17.867
8004 50.0 -17.994 17.890
8016 50.0 -17.822 17.874
8028 50.0 -18.234 17.857
8040 50.0 -18.429 18.114
8052 50.0 -18.223 17.195
8064 50.0 -18.718 16.540
8076 50.0 -18.161 17.646
8088 50.0 -16.772 18.732
8100 50.0 -16.401 17.877
8112 50.0 -19.435 18.052
8124 50.0 -18.455 16.971
8136 50.0 -17.849 18.635
8148 50.0 -18.097 19.770
8160 50.0 -16.191 16.861
7992 75.0 -12.588 -27.596
8004 75.0 -12.433 -27.569
8016 75.0 -12.796 -27.406
8028 75.0 -12.722 -27.576
8040 75.0 -12.719 -27.551
8052 75.0 -12.877 -27.415
8064 75.0 -12.870 -27.469
8076 75.0 -13.028 -27.425
8088 75.0 -13.118 -28.552
8100 75.0 -12.972 -28.183
8112 75.0 -12.217 -28.718
8124 75.0 -11.104 -28.060
8136 75.0 -11.568 -29.272
8148 75.0 -12.785 -28.211
8160 75.0 -13.155 -28.390
8172 75.0 -12.471 -26.224
8184 75.0 -12.503 -28.935
8196 75.0 -11.924 -28.979
8208 75.0 -12.567 -28.056
8220 75.0 -11.956 -27.001
8076 79.0 -12.896 -4.048
8088 79.0 -12.847 -3.344
8100 79.0 -12.885 -2.951
8112 79.0 -12.881 -2.612
8124 79.0 -12.953 -2.079
8136 79.0 -12.901 -1.513
8148 79.0 -12.834 -0.643
8160 79.0 -12.868 -0.096
8172 79.0 -13.979 -4.148
8184 79.0 -12.387 -3.532
8196 79.0 -13.041 -4.253
8208 79.0 -14.144 -1.530
8220 79.0 -13.012 -2.427
8232 79.0 -13.268 -3.972
8244 79.0 -14.675 -4.716
8256 79.0 -12.271 -3.655
8268 79.0 -12.899 -2.339
8280 79.0 -13.347 -2.460
8292 79.0 -11.817 -3.057
8304 79.0 -12.891 -4.702
8172 51.0 -18.025 17.880
8184 51.0 -17.820 17.943
8196 51.0 -17.923 17.929
8208 51.0 -17.923 17.885
8220 51.0 -18.034 17.881
8232 51.0 -17.907 17.875
8244 51.0 -18.139 18.025
8256 51.0 -17.972 17.923
8268 51.0 -16.816 18.376
8280 51.0 -18.437 17.604
8292 51.0 -17.736 18.144
8304 51.0 -16.431 16.978
8316 51.0 -18.805 17.130
8328 51.0 -17.913 17.307
8340 51.0 -17.466 17.701
8352 51.0 -16.502 18.786
8364 51.0 -20.417 16.958
8376 51.0 -17.293 19.413
8388 51.0 -18.592 15.667
8400 51.0 -18.919 16.375
8232 76.0 -14.040 -27.401
8244 76.0 -13.888 -27.283
8256 76.0 -14.207 -27.287
8268 76.0 -14.129 -27.155
8280 76.0 -14.241 -27.205
8292 76.0 -14.302 -27.305
8304 76.0 -14.369 -27.203
8316 76.0 -14.354 -27.385
8328 76.0 -14.801 -28.866
8340 76.0 -14.497 -28.120
8352 76.0 -14.477 -28.228
8364 76.0 -15.238 -27.527
8376 76.0 -14.233 -26.998
8388 76.0 -15.210 -27.925
8400 76.0 -14.997 -28.031
8412 76.0 -13.299 -27.707
8424 76.0 -13.732 -27.983
8436 76.0 -14.916 -28.433
8448 76.0 -13.816 -27.624
8460 76.0 -15.107 -28.362
8316 80.0 -11.619 7.509
8328 80.0 -11.663 7.982
8340 80.0 -11.370 8.608
8352 80.0 -11.337 8.999
8364 80.0 -10.830 9.539
8376 80.0 -10.788 10.175
8388 80.0 -10.484 10.814
8400 80.0 -10.390 11.111
8412 80.0 -11.598 7.895
8424 80.0 -11.916 6.529
8436 80.0 -11.582 7.459
8448 80.0 -11.378 7.564
8460 80.0 -11.106 9.009
8472 80.0 -10.701 7.708
8484 80.0 -11.596 6.448
8496 80.0 -11.456 8.544
8508 80.0 -11.071 8.893
8520 80.0 -12.537 6.906
8532 80.0 -10.309 8.825
8544 80.0 -11.579 8.399
8496 81.0 -25.324 -6.605
8508 81.0 -24.883 -7.674
8520 81.0 -24.811 -8.547
8532 81.0 -24.663 -9.380
8544 81.0 -24.842 -10.067
8556 81.0 -24.751 -10.703
8568 81.0 -24.849 -11.228
8580 81.0 -24.637 -11.854
8592 81.0 -24.837 -6.714
8604 81.0 -25.477 -6.430
8616 81.0 -25.062 -6.470
8628 81.0 -27.306 -6.407
8640 81.0 -24.851 -6.337
8652 81.0 -25.272 -7.752
8664 81.0 -24.025 -7.021
8676 81.0 -24.948 -6.528
8688 81.0 -25.523 -7.024
8700 81.0 -24.762 -8.271
8712 81.0 -24.914 -6.299
8724 81.0 -24.341 -6.824
8496 82.0 -27.159 -8.007
8508 82.0 -26.192 -7.560
8520 82.0 -26.040 -6.970
8532 82.0 -25.818 -6.681
8544 82.0 -25.563 -5.956
8556 82.0 -25.674 -5.601
8568 82.0 -25.690 -5.172
8580 82.0 -25.653 -4.519
8592 82.0 -26.556 -6.399
8604 82.0 -27.266 -7.499
8616 82.0 -25.694 -8.707
8628 82.0 -27.277 -8.290
8640 82.0 -25.852 -5.816
8652 82.0 -26.838 -7.639
8664 82.0 -28.424 -9.005
8676 82.0 -26.116 -6.371
8688 82.0 -26.757 -7.244
8700 82.0 -27.658 -8.084
8712 82.0 -25.553 -7.661
8724 82.0 -26.855 -8.650
8496 84.0 -24.299 0.281
8508 84.0 -24.254 -0.439
8520 84.0 -24.311 -1.132
8532 84.0 -24.417 -1.623
8544 84.0 -24.494 -2.264
8556 84.0 -24.628 -2.944
8568 84.0 -24.667 -3.774
8580 84.0 -24.819 -4.407
8592 84.0 -25.448 -0.031
8604 84.0 -24.169 1.075
8616 84.0 -23.876 -0.171
8628 84.0 -23.672 1.645
8640 84.0 -24.136 0.843
8652 84.0 -22.848 0.367
8664 84.0 -23.244 0.147
8676 84.0 -24.397 0.886
8688 84.0 -25.485 -0.103
8700 84.0 -23.902 -0.739
8712 84.0 -25.983 -1.275
8724 84.0 -25.534 -1.118
8736 83.0 -25.072 3.577
8748 83.0 -25.300 4.613
8760 83.0 -25.501 5.126
8772 83.0 -25.239 5.745
8784 83.0 -25.086 6.310
8796 83.0 -25.157 7.029
8808 83.0 -24.927 7.726
8820 83.0 -25.234 8.091
8832 83.0 -23.428 3.327
8844 83.0 -24.393 2.100
8856 83.0 -22.631 2.706
8868 83.0 -26.668 3.184
8880 83.0 -24.556 2.442
8892 83.0 -24.650 5.388
8904 83.0 -25.561 2.851
8916 83.0 -24.118 3.826
8928 83.0 -26.193 4.496
8940 83.0 -24.125 4.079
8952 83.0 -25.110 2.113
8964 83.0 -24.459 3.255
8736 85.0 -24.955 -12.686
8748 85.0 -24.949 -13.701
8760 85.0 -25.017 -14.232
8772 85.0 -24.894 -14.954
8784 85.0 -24.790 -15.561
8796 85.0 -25.045 -16.343
8808 85.0 -24.957 -16.819
8820 85.0 -24.584 -17.452
8832 85.0 -24.824 -12.360
8844 85.0 -25.083 -12.968
8856 85.0 -27.433 -13.189
8868 85.0 -25.878 -14.866
8880 85.0 -24.682 -14.007
8892 85.0 -25.788 -11.584
8904 85.0 -24.594 -13.892
8916 85.0 -25.347 -10.525
8928 85.0 -24.065 -13.786
8940 85.0 -24.587 -11.404
8952 85.0 -25.169 -13.343
8964 85.0 -25.638 -11.867
