336 26.0 -6.051 28.454
348 26.0 -6.352 27.374
360 26.0 -6.964 27.199
372 26.0 -7.288 26.935
384 26.0 -7.789 26.645
396 26.0 -8.286 26.018
408 26.0 -8.695 25.857
420 26.0 -8.942 25.765
432 26.0 -6.012 30.074
444 26.0 -7.593 29.220
456 26.0 -5.171 28.823
468 26.0 -6.309 28.348
480 26.0 -5.617 28.332
492 26.0 -6.380 28.553
504 26.0 -5.632 28.791
516 26.0 -8.236 27.520
528 26.0 -5.681 30.002
540 26.0 -6.388 29.682
552 26.0 -5.553 28.616
564 26.0 -5.813 28.049
444 11.0 -40.555 8.285
456 11.0 -39.064 8.206
468 11.0 -38.618 8.425
480 11.0 -38.102 8.557
492 11.0 -37.305 8.492
504 11.0 -36.788 8.830
516 11.0 -36.461 9.151
528 11.0 -36.159 9.789
540 11.0 -41.587 7.464
552 11.0 -40.781 7.724
564 11.0 -40.654 7.791
576 11.0 -42.025 7.924
588 11.0 -42.084 9.382
600 11.0 -40.152 8.152
612 11.0 -40.213 8.511
624 11.0 -42.521 6.404
636 11.0 -39.309 9.393
648 11.0 -40.816 9.173
660 11.0 -40.796 8.698
672 11.0 -39.981 8.275
504 17.0 -27.128 8.284
516 17.0 -27.516 8.047
528 17.0 -27.834 7.859
540 17.0 -28.177 7.549
552 17.0 -28.386 7.340
564 17.0 -28.563 7.043
576 17.0 -28.903 6.770
588 17.0 -29.125 6.454
600 17.0 -27.479 7.789
612 17.0 -27.030 8.071
624 17.0 -28.646 8.317
636 17.0 -26.629 8.570
648 17.0 -26.843 9.247
660 17.0 -28.033 8.432
672 17.0 -28.091 8.561
684 17.0 -27.470 8.857
696 17.0 -26.603 8.134
708 17.0 -26.660 8.358
720 17.0 -26.763 8.720
732 17.0 -27.046 8.988
504 21.0 13.206 12.989
516 21.0 13.273 12.998
528 21.0 13.195 13.146
540 21.0 12.976 13.075
552 21.0 13.114 12.821
564 21.0 13.148 13.103
576 21.0 13.218 13.011
588 21.0 13.316 13.058
600 21.0 12.204 13.918
612 21.0 12.173 14.333
624 21.0 14.659 12.302
636 21.0 12.673 14.820
648 21.0 11.077 12.725
660 21.0 12.587 11.507
672 21.0 12.992 14.135
684 21.0 14.966 12.928
696 21.0 12.424 12.196
708 21.0 12.813 12.594
720 21.0 13.662 12.636
732 21.0 12.740 12.416
576 19.0 9.889 25.815
588 19.0 9.243 25.454
600 19.0 8.840 25.142
612 19.0 8.255 24.794
624 19.0 7.832 24.569
636 19.0 7.324 24.191
648 19.0 6.981 24.027
660 19.0 6.872 23.638
672 19.0 10.019 26.890
684 19.0 8.924 26.236
696 19.0 11.582 25.702
708 19.0 10.060 25.220
720 19.0 10.335 25.680
732 19.0 9.971 25.899
744 19.0 9.710 25.099
756 19.0 9.283 26.749
768 19.0 9.085 24.713
780 19.0 10.790 26.649
792 19.0 11.435 26.701
804 19.0 9.598 25.209
576 27.0 -14.604 21.214
588 27.0 -15.059 20.670
600 27.0 -15.316 19.969
612 27.0 -15.881 19.398
624 27.0 -16.287 18.934
636 27.0 -16.496 18.654
648 27.0 -17.005 18.229
660 27.0 -17.543 17.813
672 27.0 -14.998 21.826
684 27.0 -14.422 20.357
696 27.0 -14.273 22.358
708 27.0 -14.609 20.977
720 27.0 -12.301 19.223
732 27.0 -13.572 22.383
744 27.0 -13.579 20.723
756 27.0 -14.845 20.156
768 27.0 -15.483 21.397
780 27.0 -16.170 21.220
792 27.0 -13.766 20.539
804 27.0 -13.988 22.132
624 31.0 -41.211 12.627
636 31.0 -41.177 11.161
648 31.0 -41.286 10.242
660 31.0 -41.388 9.613
672 31.0 -41.292 8.807
684 31.0 -41.379 8.247
696 31.0 -41.414 8.029
708 31.0 -41.192 7.978
720 31.0 -41.893 13.777
732 31.0 -42.569 11.134
744 31.0 -40.159 11.058
756 31.0 -40.878 12.860
768 31.0 -41.792 13.569
780 31.0 -40.365 14.591
792 31.0 -40.199 13.566
804 31.0 -40.601 12.599
816 31.0 -42.147 14.135
828 31.0 -41.105 13.175
840 31.0 -39.965 13.124
852 31.0 -41.915 11.692
684 12.0 -29.013 10.363
696 12.0 -28.489 10.323
708 12.0 -28.019 10.145
720 12.0 -27.463 10.047
732 12.0 -26.652 9.730
744 12.0 -26.064 9.644
756 12.0 -25.683 9.462
768 12.0 -25.090 9.285
780 12.0 -29.626 9.500
792 12.0 -28.529 10.719
804 12.0 -29.838 9.946
816 12.0 -28.832 9.111
828 12.0 -30.190 10.441
840 12.0 -28.130 9.985
852 12.0 -30.705 11.440
864 12.0 -29.550 10.001
876 12.0 -29.520 10.933
888 12.0 -28.350 10.540
900 12.0 -29.192 10.803
912 12.0 -28.567 10.779
744 22.0 13.274 12.887
756 22.0 13.303 12.819
768 22.0 13.177 12.725
780 22.0 13.283 13.107
792 22.0 13.295 12.876
804 22.0 13.142 12.895
816 22.0 13.153 12.981
828 22.0 13.385 12.965
840 22.0 12.914 11.928
852 22.0 14.909 13.533
864 22.0 13.582 13.634
876 22.0 14.669 13.906
888 22.0 12.139 12.794
900 22.0 12.484 11.121
912 22.0 13.518 13.778
924 22.0 13.643 10.951
936 22.0 13.044 12.400
948 22.0 13.468 11.090
960 22.0 13.945 12.079
972 22.0 14.607 12.365
816 28.0 -24.157 14.390
828 28.0 -24.868 14.309
840 28.0 -25.482 14.058
852 28.0 -25.956 13.848
864 28.0 -26.524 13.798
876 28.0 -27.063 13.996
888 28.0 -27.306 13.433
900 28.0 -27.792 13.294
912 28.0 -23.843 12.700
924 28.0 -24.787 13.291
936 28.0 -24.208 13.716
948 28.0 -24.351 14.239
960 28.0 -22.165 14.419
972 28.0 -23.612 14.604
984 28.0 -24.737 13.594
996 28.0 -24.008 13.212
1008 28.0 -25.819 13.365
1020 28.0 -23.202 14.160
1032 28.0 -24.173 13.650
1044 28.0 -24.271 14.089
864 33.0 -41.046 7.904
876 33.0 -40.997 8.005
888 33.0 -41.108 7.762
900 33.0 -41.119 8.077
912 33.0 -41.117 8.030
924 33.0 -41.280 7.904
936 33.0 -41.021 7.880
948 33.0 -41.243 8.042
960 33.0 -41.472 7.544
972 33.0 -39.735 7.389
984 33.0 -41.487 8.601
996 33.0 -38.678 8.277
1008 33.0 -41.423 6.653
1020 33.0 -40.146 7.129
1032 33.0 -42.921 8.229
1044 33.0 -42.100 6.116
1056 33.0 -42.298 9.149
1068 33.0 -40.565 7.281
1080 33.0 -41.000 6.304
1092 33.0 -41.615 7.884
900 5.0 -41.934 12.589
912 5.0 -41.573 11.177
924 5.0 -41.014 11.542
936 5.0 -40.732 11.220
948 5.0 -40.480 11.134
960 5.0 -39.585 11.495
972 5.0 -38.781 11.671
984 5.0 -37.836 11.903
996 5.0 -41.458 11.624
1008 5.0 -41.664 11.672
1020 5.0 -41.631 13.413
1032 5.0 -40.647 12.139
1044 5.0 -42.592 12.074
1056 5.0 -41.725 12.596
1068 5.0 -42.356 13.716
1080 5.0 -42.464 13.354
1092 5.0 -42.432 13.668
1104 5.0 -41.081 12.160
1116 5.0 -41.673 13.363
1128 5.0 -41.212 11.344
924 13.0 -17.114 7.826
936 13.0 -16.665 7.898
948 13.0 -15.972 7.626
960 13.0 -15.286 7.402
972 13.0 -15.004 7.136
984 13.0 -14.577 6.890
996 13.0 -13.747 6.596
1008 13.0 -13.330 5.846
1020 13.0 -17.119 8.736
1032 13.0 -17.083 8.341
1044 13.0 -16.101 8.367
1056 13.0 -16.550 7.459
1068 13.0 -17.575 7.468
1080 13.0 -17.446 7.726
1092 13.0 -15.430 8.209
1104 13.0 -18.658 7.919
1116 13.0 -16.857 9.406
1128 13.0 -16.879 7.961
1140 13.0 -16.977 7.823
1152 13.0 -17.876 6.970
1104 34.0 -41.066 7.839
1116 34.0 -41.091 7.706
1128 34.0 -41.282 7.721
1140 34.0 -41.263 7.753
1152 34.0 -41.194 7.826
1164 34.0 -40.838 7.780
1176 34.0 -41.145 7.892
1188 34.0 -41.090 8.016
1200 34.0 -39.288 7.706
1212 34.0 -40.608 7.046
1224 34.0 -40.992 7.970
1236 34.0 -40.329 7.181
1248 34.0 -42.179 6.948
1260 34.0 -39.281 5.341
1272 34.0 -40.990 8.398
1284 34.0 -41.086 7.891
1296 34.0 -41.493 7.818
1308 34.0 -41.016 7.733
1320 34.0 -39.836 7.277
1332 34.0 -40.342 8.427
1140 6.0 -28.199 13.312
1152 6.0 -27.793 13.394
1164 6.0 -27.154 13.487
1176 6.0 -26.369 13.650
1188 6.0 -25.535 13.929
1200 6.0 -25.284 14.332
1212 6.0 -24.225 14.639
1224 6.0 -23.837 14.679
1236 6.0 -27.214 12.489
1248 6.0 -28.621 12.968
1260 6.0 -28.499 12.437
1272 6.0 -28.778 14.769
1284 6.0 -27.340 11.390
1296 6.0 -27.507 13.601
1308 6.0 -27.928 11.858
1320 6.0 -29.291 13.260
1332 6.0 -27.409 14.183
1344 6.0 -28.529 14.067
1356 6.0 -28.776 13.421
1368 6.0 -27.991 13.101
1164 14.0 -7.695 -0.123
1176 14.0 -7.227 -0.890
1188 14.0 -6.912 -1.206
1200 14.0 -6.514 -1.632
1212 14.0 -5.972 -2.412
1224 14.0 -5.645 -2.630
1236 14.0 -5.149 -3.363
1248 14.0 -4.640 -3.718
1260 14.0 -8.339 -0.162
1272 14.0 -9.228 -0.568
1284 14.0 -8.448 0.117
1296 14.0 -8.119 0.425
1308 14.0 -7.867 0.510
1320 14.0 -7.989 -1.115
1332 14.0 -7.122 -2.157
1344 14.0 -8.467 -1.057
1356 14.0 -8.328 0.352
1368 14.0 -7.605 -1.041
1380 14.0 -9.895 0.117
1392 14.0 -8.524 -0.113
1296 30.0 -41.524 9.134
1308 30.0 -41.210 9.923
1320 30.0 -40.926 10.507
1332 30.0 -40.502 11.134
1344 30.0 -40.426 11.778
1356 30.0 -40.379 12.864
1368 30.0 -40.546 13.037
1380 30.0 -40.408 12.947
1392 30.0 -41.407 8.978
1404 30.0 -41.568 10.405
1416 30.0 -40.833 9.695
1428 30.0 -43.104 7.988
1440 30.0 -41.620 8.879
1452 30.0 -39.098 8.295
1464 30.0 -43.266 9.399
1476 30.0 -43.001 8.896
1488 30.0 -41.570 9.574
1500 30.0 -42.575 8.764
1512 30.0 -41.614 8.449
1524 30.0 -42.893 7.432
1380 7.0 -15.059 17.971
1392 7.0 -14.367 18.293
1404 7.0 -13.877 18.695
1416 7.0 -13.207 19.139
1428 7.0 -12.297 19.532
1440 7.0 -11.736 19.815
1452 7.0 -11.450 20.308
1464 7.0 -10.831 20.543
1476 7.0 -16.597 17.899
1488 7.0 -14.081 16.993
1500 7.0 -13.588 18.637
1512 7.0 -15.308 17.391
1524 7.0 -14.693 16.969
1536 7.0 -15.290 17.159
1548 7.0 -13.150 20.383
1560 7.0 -14.078 17.258
1572 7.0 -15.390 20.304
1584 7.0 -15.476 18.677
1596 7.0 -16.574 18.856
1608 7.0 -15.661 17.075
1500 32.0 -30.659 7.611
1512 32.0 -31.294 7.396
1524 32.0 -32.065 7.398
1536 32.0 -32.472 7.178
1548 32.0 -33.197 6.488
1560 32.0 -33.419 6.129
1572 32.0 -34.094 5.783
1584 32.0 -34.512 5.104
1596 32.0 -32.046 7.577
1608 32.0 -29.122 8.025
1620 32.0 -30.673 7.746
1632 32.0 -30.653 8.037
1644 32.0 -31.238 8.850
1656 32.0 -30.652 6.177
1668 32.0 -31.041 8.778
1680 32.0 -30.645 7.915
1692 32.0 -30.451 6.194
1704 32.0 -28.948 7.963
1716 32.0 -30.753 7.327
1728 32.0 -28.825 6.106
1500 37.0 14.562 12.845
1512 37.0 14.545 12.827
1524 37.0 14.519 12.624
1536 37.0 14.544 12.691
1548 37.0 14.443 12.419
1560 37.0 14.537 12.576
1572 37.0 14.754 12.416
1584 37.0 14.448 12.514
1596 37.0 15.542 10.166
1608 37.0 14.299 13.714
1620 37.0 14.070 13.572
1632 37.0 14.359 12.274
1644 37.0 14.719 12.368
1656 37.0 14.484 11.251
1668 37.0 14.933 12.603
1680 37.0 14.321 14.223
1692 37.0 13.453 12.762
1704 37.0 16.892 13.026
1716 37.0 14.035 13.500
1728 37.0 15.276 11.766
1620 8.0 -4.105 25.869
1632 8.0 -3.274 25.480
1644 8.0 -2.325 25.082
1656 8.0 -1.810 25.079
1668 8.0 -0.767 25.286
1680 8.0 0.051 25.536
1692 8.0 0.629 25.454
1704 8.0 1.371 25.311
1716 8.0 -2.778 25.198
1728 8.0 -4.126 26.801
1740 8.0 -4.273 25.995
1752 8.0 -3.624 24.759
1764 8.0 -4.816 26.181
1776 8.0 -5.037 24.610
1788 8.0 -3.591 26.984
1800 8.0 -3.954 26.797
1812 8.0 -4.203 25.804
1824 8.0 -5.775 27.059
1836 8.0 -5.346 24.874
1848 8.0 -3.720 25.681
1740 38.0 14.608 12.666
1752 38.0 14.208 12.565
1764 38.0 14.366 12.427
1776 38.0 14.227 12.277
1788 38.0 14.440 12.169
1800 38.0 14.524 12.417
1812 38.0 14.280 12.387
1824 38.0 14.432 12.146
1836 38.0 15.108 11.730
1848 38.0 15.326 12.513
1860 38.0 14.132 13.620
1872 38.0 15.024 13.496
1884 38.0 15.041 12.813
1896 38.0 13.356 13.927
1908 38.0 14.603 12.391
1920 38.0 15.025 13.034
1932 38.0 14.853 11.456
1944 38.0 14.581 12.384
1956 38.0 14.612 13.491
1968 38.0 14.882 12.886
1860 9.0 9.193 27.663
1872 9.0 9.166 27.350
1884 9.0 9.126 27.734
1896 9.0 9.416 27.278
1908 9.0 9.585 27.158
1920 9.0 9.376 27.167
1932 9.0 9.453 27.090
1944 9.0 9.656 26.959
1956 9.0 9.342 27.167
1968 9.0 9.171 29.083
1980 9.0 8.353 28.531
1992 9.0 9.039 27.616
2004 9.0 8.943 28.025
2016 9.0 7.796 26.630
2028 9.0 8.004 27.740
2040 9.0 9.555 29.312
2052 9.0 8.915 27.620
2064 9.0 8.624 27.598
2076 9.0 9.444 27.515
2088 9.0 8.487 27.304
1968 10.0 -28.954 7.178
1980 10.0 -28.523 7.592
1992 10.0 -28.110 8.745
2004 10.0 -28.002 8.241
2016 10.0 -27.779 8.067
2028 10.0 -27.066 8.192
2040 10.0 -27.156 8.089
2052 10.0 -26.521 7.948
2064 10.0 -29.241 6.038
2076 10.0 -29.310 7.721
2088 10.0 -28.711 6.867
2100 10.0 -28.998 5.889
2112 10.0 -28.229 6.907
2124 10.0 -28.914 7.071
2136 10.0 -29.998 5.988
2148 10.0 -28.689 7.028
2160 10.0 -28.776 7.239
2172 10.0 -28.719 7.862
2184 10.0 -27.315 6.709
2196 10.0 -28.139 7.621
