0 45.0 -3.325 41.329
12 45.0 -3.791 40.864
24 45.0 -4.070 40.719
36 45.0 -4.153 40.121
48 45.0 -4.551 39.641
60 45.0 -4.568 39.331
72 45.0 -4.826 38.825
84 45.0 -4.975 38.570
96 45.0 -3.506 41.478
108 45.0 -3.752 39.816
120 45.0 -3.969 41.286
132 45.0 -2.203 42.506
144 45.0 -3.090 40.184
156 45.0 -4.684 40.633
168 45.0 -2.725 40.878
180 45.0 -3.182 40.312
192 45.0 -4.071 42.860
204 45.0 -4.387 43.383
216 45.0 -3.607 41.529
228 45.0 -4.151 39.880
0 18.0 15.828 30.893
12 18.0 15.221 30.809
24 18.0 14.697 30.907
36 18.0 14.024 30.763
48 18.0 13.505 31.276
60 18.0 13.020 31.571
72 18.0 12.392 31.544
84 18.0 11.802 32.143
96 18.0 15.288 32.026
108 18.0 15.928 29.653
120 18.0 16.369 28.433
132 18.0 15.790 30.095
144 18.0 16.025 28.935
156 18.0 15.570 32.079
168 18.0 15.025 31.178
180 18.0 15.445 30.487
192 18.0 16.395 30.920
204 18.0 16.368 32.317
216 18.0 14.987 31.074
228 18.0 14.510 31.221
0 21.0 -17.265 32.369
12 21.0 -17.572 31.699
24 21.0 -17.596 31.225
36 21.0 -17.651 30.998
48 21.0 -17.782 30.437
60 21.0 -17.821 29.974
72 21.0 -17.993 29.670
84 21.0 -18.278 29.044
96 21.0 -17.096 33.119
108 21.0 -16.701 31.991
120 21.0 -18.075 30.529
132 21.0 -16.255 32.095
144 21.0 -17.823 32.746
156 21.0 -16.901 31.439
168 21.0 -17.905 31.219
180 21.0 -16.708 31.251
192 21.0 -15.857 32.550
204 21.0 -18.459 31.722
216 21.0 -17.282 32.847
228 21.0 -15.297 32.307
144 7.0 23.595 31.601
156 7.0 22.948 31.468
168 7.0 22.593 31.638
180 7.0 22.142 31.279
192 7.0 21.489 31.389
204 7.0 21.265 31.584
216 7.0 20.577 31.571
228 7.0 20.240 31.467
240 7.0 24.294 30.929
252 7.0 24.115 30.213
264 7.0 25.008 32.304
276 7.0 23.822 31.207
288 7.0 23.775 33.189
300 7.0 22.645 29.319
312 7.0 23.621 31.260
324 7.0 24.099 31.840
336 7.0 23.649 31.242
348 7.0 23.261 31.585
360 7.0 25.830 31.244
372 7.0 22.943 32.024
192 27.0 22.596 21.676
204 27.0 20.900 21.937
216 27.0 19.080 21.884
228 27.0 17.297 21.807
240 27.0 15.579 21.855
252 27.0 13.869 21.389
264 27.0 12.673 20.866
276 27.0 10.812 20.702
288 27.0 22.441 23.536
300 27.0 22.210 21.824
312 27.0 22.711 22.776
324 27.0 23.670 21.042
336 27.0 23.610 19.625
348 27.0 21.642 20.906
360 27.0 21.996 21.970
372 27.0 21.244 20.463
384 27.0 22.727 21.088
396 27.0 24.093 22.520
408 27.0 21.692 21.787
420 27.0 22.676 21.843
240 46.0 -7.079 33.434
252 46.0 -7.158 33.169
264 46.0 -7.319 32.798
276 46.0 -7.483 32.469
288 46.0 -7.666 32.042
300 46.0 -7.787 31.663
312 46.0 -7.859 31.260
324 46.0 -8.076 30.899
336 46.0 -5.784 34.617
348 46.0 -6.136 32.771
360 46.0 -4.905 33.364
372 46.0 -8.385 34.708
384 46.0 -7.622 33.087
396 46.0 -8.156 33.020
408 46.0 -6.318 34.624
420 46.0 -7.111 33.753
432 46.0 -7.573 33.243
444 46.0 -7.165 34.605
456 46.0 -7.232 33.651
468 46.0 -5.358 33.783
240 19.0 5.293 35.275
252 19.0 4.604 35.435
264 19.0 4.167 35.537
276 19.0 3.598 36.015
288 19.0 2.972 36.172
300 19.0 2.642 36.406
312 19.0 1.910 36.553
324 19.0 1.544 36.626
336 19.0 4.462 35.920
348 19.0 3.903 34.131
360 19.0 2.950 35.581
372 19.0 5.228 34.477
384 19.0 5.013 35.691
396 19.0 4.368 34.085
408 19.0 5.705 33.931
420 19.0 5.628 36.556
432 19.0 5.979 33.772
444 19.0 3.789 36.796
456 19.0 6.073 34.871
468 19.0 4.593 36.645
240 22.0 -17.619 21.627
252 22.0 -17.760 21.274
264 22.0 -17.671 20.724
276 22.0 -17.578 20.295
288 22.0 -17.528 19.887
300 22.0 -17.467 19.273
312 22.0 -17.227 18.876
324 22.0 -16.944 18.348
336 22.0 -17.769 20.475
348 22.0 -16.848 21.171
360 22.0 -17.108 21.325
372 22.0 -16.747 22.297
384 22.0 -17.957 21.910
396 22.0 -17.240 23.552
408 22.0 -17.432 21.486
420 22.0 -17.581 21.340
432 22.0 -17.187 21.481
444 22.0 -16.704 22.109
456 22.0 -18.785 22.781
468 22.0 -19.032 21.781
336 35.0 -5.868 40.650
348 35.0 -5.795 40.158
360 35.0 -5.876 39.854
372 35.0 -5.895 39.164
384 35.0 -5.845 38.813
396 35.0 -5.841 38.281
408 35.0 -5.954 37.584
420 35.0 -5.833 37.093
432 35.0 -7.076 40.448
444 35.0 -5.416 40.189
456 35.0 -6.049 40.548
468 35.0 -7.198 39.636
480 35.0 -6.945 41.480
492 35.0 -5.957 40.762
504 35.0 -7.600 38.994
516 35.0 -6.514 41.029
528 35.0 -5.883 40.392
540 35.0 -5.681 41.359
552 35.0 -5.226 41.801
564 35.0 -6.885 38.509
384 8.0 13.080 32.253
396 8.0 12.787 32.621
408 8.0 12.130 33.014
420 8.0 11.415 33.056
432 8.0 10.660 33.086
444 8.0 10.241 33.090
456 8.0 9.861 33.683
468 8.0 9.168 33.585
480 8.0 13.687 32.187
492 8.0 12.737 33.332
504 8.0 12.704 31.937
516 8.0 13.626 32.473
528 8.0 12.385 32.600
540 8.0 13.203 33.355
552 8.0 12.854 32.157
564 8.0 11.854 31.602
576 8.0 12.606 31.206
588 8.0 12.110 31.055
600 8.0 14.022 32.397
612 8.0 13.234 31.397
420 39.0 0.420 44.119
432 39.0 0.539 43.376
444 39.0 0.658 42.546
456 39.0 0.782 41.904
468 39.0 1.168 41.404
480 39.0 0.980 40.896
492 39.0 1.670 40.485
504 39.0 1.795 40.294
516 39.0 0.539 44.608
528 39.0 2.908 45.208
540 39.0 0.312 42.524
552 39.0 1.284 43.774
564 39.0 -0.333 42.032
576 39.0 0.865 45.441
588 39.0 0.394 43.380
600 39.0 2.081 43.168
612 39.0 -0.071 42.512
624 39.0 -0.172 44.784
636 39.0 -0.060 44.120
648 39.0 1.987 44.917
480 47.0 -10.389 26.016
492 47.0 -10.418 25.669
504 47.0 -10.491 25.205
516 47.0 -10.431 24.805
528 47.0 -10.344 24.570
540 47.0 -10.198 24.476
552 47.0 -10.303 24.111
564 47.0 -10.080 23.680
576 47.0 -9.176 25.955
588 47.0 -10.527 26.383
600 47.0 -10.312 27.760
612 47.0 -10.727 26.148
624 47.0 -9.291 28.531
636 47.0 -10.137 25.632
648 47.0 -11.023 26.141
660 47.0 -11.201 26.790
672 47.0 -10.509 25.710
684 47.0 -10.118 26.595
696 47.0 -10.028 24.428
708 47.0 -9.613 25.833
480 20.0 -5.688 37.492
492 20.0 -6.082 37.663
504 20.0 -6.894 37.501
516 20.0 -7.204 37.173
528 20.0 -7.956 37.031
540 20.0 -8.347 36.881
552 20.0 -9.095 36.650
564 20.0 -9.489 36.517
576 20.0 -7.461 37.149
588 20.0 -7.115 37.205
600 20.0 -7.116 38.155
612 20.0 -6.245 38.035
624 20.0 -6.982 36.809
636 20.0 -7.239 36.431
648 20.0 -5.654 37.677
660 20.0 -4.340 36.828
672 20.0 -6.447 37.132
684 20.0 -5.509 38.618
696 20.0 -6.478 35.477
708 20.0 -5.448 37.900
480 23.0 -15.110 11.840
492 23.0 -15.062 11.277
504 23.0 -15.215 10.780
516 23.0 -15.262 10.332
528 23.0 -15.486 9.683
540 23.0 -15.613 9.512
552 23.0 -15.743 8.914
564 23.0 -15.857 8.567
576 23.0 -13.501 12.979
588 23.0 -14.698 12.370
600 23.0 -14.013 11.622
612 23.0 -16.117 11.631
624 23.0 -15.683 12.039
636 23.0 -14.187 12.074
648 23.0 -16.544 11.512
660 23.0 -15.614 11.276
672 23.0 -15.766 11.168
684 23.0 -16.977 10.734
696 23.0 -16.089 11.778
708 23.0 -15.404 9.995
576 36.0 -8.422 29.803
588 36.0 -8.728 29.092
600 36.0 -9.082 28.604
612 36.0 -9.257 28.184
624 36.0 -9.493 27.536
636 36.0 -9.648 27.134
648 36.0 -9.912 26.721
660 36.0 -10.176 26.070
672 36.0 -7.185 30.783
684 36.0 -8.468 31.476
696 36.0 -7.254 29.813
708 36.0 -8.654 29.378
720 36.0 -8.393 29.317
732 36.0 -8.687 28.828
744 36.0 -7.837 29.472
756 36.0 -10.080 29.960
768 36.0 -8.624 31.314
780 36.0 -8.972 28.178
792 36.0 -9.965 28.487
804 36.0 -10.267 31.544
624 9.0 2.911 36.373
636 9.0 2.332 36.862
648 9.0 1.909 37.047
660 9.0 1.343 37.428
672 9.0 0.762 37.523
684 9.0 0.087 37.366
696 9.0 -0.550 37.400
708 9.0 -1.232 37.401
720 9.0 1.953 36.740
732 9.0 3.868 36.723
744 9.0 1.299 35.487
756 9.0 2.534 35.914
768 9.0 3.895 35.937
780 9.0 3.828 36.892
792 9.0 2.447 36.264
804 9.0 0.855 35.627
816 9.0 1.999 34.671
828 9.0 3.243 34.684
840 9.0 3.073 36.633
852 9.0 1.934 37.219
660 40.0 7.283 35.317
672 40.0 7.641 34.677
684 40.0 8.028 34.452
696 40.0 8.414 34.103
708 40.0 8.725 33.643
720 40.0 9.539 33.348
732 40.0 9.578 32.804
744 40.0 10.023 32.411
756 40.0 6.123 35.163
768 40.0 6.348 34.536
780 40.0 6.426 35.273
792 40.0 7.428 36.297
804 40.0 6.677 35.403
816 40.0 8.386 34.269
828 40.0 7.543 34.763
840 40.0 6.213 34.401
852 40.0 7.910 34.497
864 40.0 6.257 35.946
876 40.0 6.023 35.889
888 40.0 7.054 35.124
720 48.0 -11.648 17.838
732 48.0 -11.828 17.483
744 48.0 -11.755 17.039
756 48.0 -11.915 16.855
768 48.0 -12.171 16.354
780 48.0 -12.183 16.322
792 48.0 -12.295 15.624
804 48.0 -12.221 15.177
816 48.0 -10.726 17.745
828 48.0 -12.943 18.117
840 48.0 -10.394 16.876
852 48.0 -11.601 16.050
864 48.0 -10.653 19.520
876 48.0 -11.829 17.950
888 48.0 -11.714 17.564
900 48.0 -11.087 19.199
912 48.0 -11.427 17.129
924 48.0 -10.506 17.898
936 48.0 -10.437 18.567
948 48.0 -10.107 18.474
792 34.0 -1.097 8.748
804 34.0 -1.716 8.439
816 34.0 -1.938 8.971
828 34.0 -2.849 8.840
840 34.0 -3.334 9.150
852 34.0 -3.562 8.994
864 34.0 -4.382 8.802
876 34.0 -5.579 8.946
888 34.0 -0.965 7.537
900 34.0 -2.200 8.597
912 34.0 0.541 8.479
924 34.0 0.582 10.051
936 34.0 -0.326 7.948
948 34.0 0.323 8.887
960 34.0 -1.800 9.392
972 34.0 -1.448 8.639
984 34.0 -2.476 7.954
996 34.0 -0.432 8.271
1008 34.0 -1.759 8.084
1020 34.0 -1.909 8.724
816 37.0 -11.944 19.208
828 37.0 -11.939 18.806
840 37.0 -12.249 18.259
852 37.0 -12.394 17.920
864 37.0 -12.456 17.613
876 37.0 -12.602 16.905
888 37.0 -12.844 16.399
900 37.0 -12.785 15.959
912 37.0 -12.675 20.070
924 37.0 -11.944 19.344
936 37.0 -12.024 19.837
948 37.0 -11.273 19.823
960 37.0 -12.649 19.346
972 37.0 -10.453 18.622
984 37.0 -11.401 20.085
996 37.0 -12.106 17.526
1008 37.0 -11.779 19.467
1020 37.0 -11.676 19.168
1032 37.0 -12.707 19.234
1044 37.0 -12.393 18.510
864 10.0 -8.133 36.809
876 10.0 -8.579 36.743
888 10.0 -8.937 36.921
900 10.0 -9.794 36.394
912 10.0 -10.309 36.324
924 10.0 -10.813 35.992
936 10.0 -11.267 36.175
948 10.0 -12.183 35.648
960 10.0 -8.656 36.149
972 10.0 -8.811 36.715
984 10.0 -8.133 36.414
996 10.0 -8.539 36.426
1008 10.0 -7.643 37.607
1020 10.0 -7.110 37.856
1032 10.0 -7.406 37.365
1044 10.0 -7.052 35.781
1056 10.0 -9.023 36.352
1068 10.0 -10.018 37.175
1080 10.0 -8.132 37.343
1092 10.0 -7.863 36.269
900 41.0 14.762 27.015
912 41.0 15.035 26.744
924 41.0 15.529 26.681
936 41.0 15.860 26.579
948 41.0 16.432 26.209
960 41.0 16.987 26.051
972 41.0 17.387 25.233
984 41.0 17.675 24.868
996 41.0 14.322 26.616
1008 41.0 13.546 26.492
1020 41.0 15.108 27.123
1032 41.0 16.042 28.519
1044 41.0 14.758 27.638
1056 41.0 15.719 26.952
1068 41.0 14.517 27.467
1080 41.0 15.617 26.592
1092 41.0 15.937 26.532
1104 41.0 14.677 26.351
1116 41.0 14.214 27.154
1128 41.0 14.915 28.011
960 49.0 -11.662 10.477
972 49.0 -11.588 9.992
984 49.0 -11.554 9.738
996 49.0 -11.455 9.316
1008 49.0 -11.370 8.892
1020 49.0 -11.374 8.599
1032 49.0 -11.185 8.113
1044 49.0 -11.179 7.732
1056 49.0 -12.987 10.739
1068 49.0 -12.369 11.327
1080 49.0 -10.868 10.498
1092 49.0 -12.020 11.277
1104 49.0 -12.132 9.047
1116 49.0 -12.642 9.571
1128 49.0 -12.687 10.901
1140 49.0 -11.646 10.249
1152 49.0 -12.739 10.557
1164 49.0 -12.805 12.073
1176 49.0 -13.078 9.488
1188 49.0 -11.725 11.101
996 15.0 -15.478 15.630
1008 15.0 -15.866 15.679
1020 15.0 -15.998 15.734
1032 15.0 -15.978 15.835
1044 15.0 -16.315 16.010
1056 15.0 -16.635 16.113
1068 15.0 -16.818 16.069
1080 15.0 -16.708 15.990
1092 15.0 -16.268 14.996
1104 15.0 -16.387 16.569
1116 15.0 -16.557 16.825
1128 15.0 -14.030 16.126
1140 15.0 -14.789 16.049
1152 15.0 -17.331 16.020
1164 15.0 -16.585 15.864
1176 15.0 -16.113 15.031
1188 15.0 -15.547 16.694
1200 15.0 -14.450 16.545
1212 15.0 -15.322 17.444
1224 15.0 -15.699 15.859
1044 13.0 -8.639 41.487
1056 13.0 -9.023 41.096
1068 13.0 -8.985 40.904
1080 13.0 -9.328 40.412
1092 13.0 -9.351 39.855
1104 13.0 -9.563 39.152
1116 13.0 -9.787 38.787
1128 13.0 -10.287 38.516
1140 13.0 -8.567 42.324
1152 13.0 -8.761 42.261
1164 13.0 -9.755 40.751
1176 13.0 -7.759 41.406
1188 13.0 -9.127 41.584
1200 13.0 -6.734 41.799
1212 13.0 -9.128 42.701
1224 13.0 -8.563 40.499
1236 13.0 -7.318 41.985
1248 13.0 -9.807 41.483
1260 13.0 -9.684 41.726
1272 13.0 -9.063 41.912
1044 42.0 -9.750 42.296
1056 42.0 -10.045 41.816
1068 42.0 -10.061 41.350
1080 42.0 -10.323 40.918
1092 42.0 -10.580 40.810
1104 42.0 -10.751 40.144
1116 42.0 -10.983 39.939
1128 42.0 -11.285 39.751
1140 42.0 -11.117 41.427
1152 42.0 -11.465 39.995
1164 42.0 -11.132 42.029
1176 42.0 -9.725 40.459
1188 42.0 -11.925 41.554
1200 42.0 -10.050 42.146
1212 42.0 -10.164 43.152
1224 42.0 -11.369 42.368
1236 42.0 -9.819 42.472
1248 42.0 -8.694 41.924
1260 42.0 -7.837 44.436
1272 42.0 -8.673 43.613
1104 11.0 -18.656 33.546
1116 11.0 -19.022 33.347
1128 11.0 -19.464 32.892
1140 11.0 -19.799 33.053
1152 11.0 -20.113 32.676
1164 11.0 -20.988 32.634
1176 11.0 -21.926 32.608
1188 11.0 -22.397 32.317
1200 11.0 -18.834 32.309
1212 11.0 -18.756 32.688
1224 11.0 -19.394 33.774
1236 11.0 -20.670 33.971
1248 11.0 -18.280 33.011
1260 11.0 -17.976 33.534
1272 11.0 -17.391 33.909
1284 11.0 -18.793 33.645
1296 11.0 -19.518 33.659
1308 11.0 -18.526 33.175
1320 11.0 -18.849 32.497
1332 11.0 -21.074 35.028
1200 50.0 -10.340 3.196
1212 50.0 -10.310 2.721
1224 50.0 -10.386 2.424
1236 50.0 -10.389 2.054
1248 50.0 -10.127 1.586
1260 50.0 -10.243 1.254
1272 50.0 -10.130 0.783
1284 50.0 -10.068 0.365
1296 50.0 -10.019 4.855
1308 50.0 -11.217 3.821
1320 50.0 -11.171 2.384
1332 50.0 -9.916 2.507
1344 50.0 -9.798 2.579
1356 50.0 -11.095 2.831
1368 50.0 -10.926 1.551
1380 50.0 -9.996 4.283
1392 50.0 -11.737 3.455
1404 50.0 -8.788 4.766
1416 50.0 -11.713 3.901
1428 50.0 -10.661 2.993
1236 16.0 -16.636 15.964
1248 16.0 -16.676 16.081
1260 16.0 -16.553 15.856
1272 16.0 -16.514 15.887
1284 16.0 -16.656 15.893
1296 16.0 -16.479 15.880
1308 16.0 -16.401 15.660
1320 16.0 -16.504 15.797
1332 16.0 -17.438 16.372
1344 16.0 -17.457 16.289
1356 16.0 -16.059 16.634
1368 16.0 -15.189 14.604
1380 16.0 -15.007 15.853
1392 16.0 -18.191 16.388
1404 16.0 -17.467 13.858
1416 16.0 -15.623 14.930
1428 16.0 -16.592 16.912
1440 16.0 -15.906 16.041
1452 16.0 -17.453 16.730
1464 16.0 -16.044 16.642
1284 14.0 -14.315 34.769
1296 14.0 -14.701 34.436
1308 14.0 -14.942 34.266
1320 14.0 -15.369 33.901
1332 14.0 -15.573 33.827
1344 14.0 -15.958 33.563
1356 14.0 -16.360 33.329
1368 14.0 -16.710 32.943
1380 14.0 -13.682 35.624
1392 14.0 -14.964 34.313
1404 14.0 -13.339 35.588
1416 14.0 -15.431 35.195
1428 14.0 -14.080 34.338
1440 14.0 -13.559 33.707
1452 14.0 -14.033 35.169
1464 14.0 -13.974 35.503
1476 14.0 -14.436 34.382
1488 14.0 -15.894 33.852
1500 14.0 -12.921 36.915
1512 14.0 -14.738 35.186
1284 43.0 -15.509 36.641
1296 43.0 -15.305 36.325
1308 43.0 -15.907 36.188
1320 43.0 -16.069 35.626
1332 43.0 -16.272 35.235
1344 43.0 -16.987 35.117
1356 43.0 -17.148 35.089
1368 43.0 -17.608 34.898
1380 43.0 -16.605 37.231
1392 43.0 -15.189 36.590
1404 43.0 -14.731 37.560
1416 43.0 -14.872 37.929
1428 43.0 -15.788 36.972
1440 43.0 -14.822 35.654
1452 43.0 -16.059 37.021
1464 43.0 -15.968 36.708
1476 43.0 -16.721 37.053
1488 43.0 -13.500 36.413
1500 43.0 -14.372 36.367
1512 43.0 -15.052 38.104
1344 12.0 -23.173 31.077
1356 12.0 -23.170 31.149
1368 12.0 -23.336 31.086
1380 12.0 -23.254 31.138
1392 12.0 -23.368 31.007
1404 12.0 -23.342 31.153
1416 12.0 -23.372 31.027
1428 12.0 -23.294 31.129
1440 12.0 -23.830 30.633
1452 12.0 -22.785 30.506
1464 12.0 -23.309 32.131
1476 12.0 -24.573 30.897
1488 12.0 -22.042 31.172
1500 12.0 -23.488 30.101
1512 12.0 -22.125 30.661
1524 12.0 -23.495 30.738
1536 12.0 -23.804 31.016
1548 12.0 -23.969 30.567
1560 12.0 -23.949 28.779
1572 12.0 -22.765 32.855
1440 51.0 -9.726 -4.933
1452 51.0 -9.547 -5.333
1464 51.0 -9.662 -5.580
1476 51.0 -9.622 -6.086
1488 51.0 -9.607 -6.538
1500 51.0 -9.498 -6.736
1512 51.0 -9.480 -7.216
1524 51.0 -9.602 -7.708
1536 51.0 -8.881 -4.428
1548 51.0 -9.548 -7.514
1560 51.0 -10.419 -5.636
1572 51.0 -8.775 -6.657
1584 51.0 -10.462 -3.672
1596 51.0 -9.748 -5.364
1608 51.0 -9.237 -5.274
1620 51.0 -9.713 -3.825
1632 51.0 -8.754 -3.100
1644 51.0 -10.022 -4.247
1656 51.0 -7.565 -7.322
1668 51.0 -9.191 -5.479
1476 17.0 -15.707 14.556
1488 17.0 -15.685 14.225
1500 17.0 -15.417 13.985
1512 17.0 -15.572 13.316
1524 17.0 -15.434 12.791
1536 17.0 -15.335 12.022
1548 17.0 -15.310 11.380
1560 17.0 -15.196 10.748
1572 17.0 -15.547 15.223
1584 17.0 -14.640 12.967
1596 17.0 -15.762 14.910
1608 17.0 -16.397 14.605
1620 17.0 -16.064 14.844
1632 17.0 -16.514 14.013
1644 17.0 -15.175 14.596
1656 17.0 -17.117 13.847
1668 17.0 -15.573 13.936
1680 17.0 -16.229 15.467
1692 17.0 -14.115 12.438
1704 17.0 -15.463 15.436
