60 15.0 -17.681 21.178
72 15.0 -17.815 20.374
84 15.0 -17.897 19.548
96 15.0 -18.079 18.540
108 15.0 -18.127 17.680
120 15.0 -18.249 17.042
132 15.0 -18.431 15.991
144 15.0 -18.450 15.591
156 15.0 -18.165 19.948
168 15.0 -17.448 21.102
180 15.0 -18.856 21.370
192 15.0 -18.488 20.258
204 15.0 -15.965 20.708
216 15.0 -18.541 22.248
228 15.0 -17.885 22.281
240 15.0 -19.159 20.723
252 15.0 -17.394 22.375
264 15.0 -17.850 21.044
276 15.0 -19.328 21.799
288 15.0 -18.125 20.979
60 39.0 -17.892 -12.568
72 39.0 -18.133 -12.473
84 39.0 -17.852 -12.573
96 39.0 -18.094 -12.559
108 39.0 -18.081 -12.509
120 39.0 -18.130 -12.527
132 39.0 -18.013 -12.395
144 39.0 -18.281 -12.532
156 39.0 -17.565 -12.236
168 39.0 -17.790 -13.621
180 39.0 -18.289 -11.879
192 39.0 -17.432 -12.503
204 39.0 -16.583 -13.843
216 39.0 -19.377 -11.967
228 39.0 -16.418 -12.749
240 39.0 -18.104 -13.613
252 39.0 -16.640 -13.993
264 39.0 -17.493 -11.980
276 39.0 -17.557 -11.740
288 39.0 -15.812 -10.832
72 30.0 -14.711 -23.153
84 30.0 -15.123 -22.806
96 30.0 -15.513 -22.842
108 30.0 -16.220 -22.945
120 30.0 -16.208 -22.667
132 30.0 -16.749 -22.700
144 30.0 -17.274 -22.735
156 30.0 -17.636 -22.537
168 30.0 -15.146 -22.771
180 30.0 -12.750 -24.529
192 30.0 -15.312 -23.067
204 30.0 -13.117 -24.428
216 30.0 -13.870 -23.867
228 30.0 -13.301 -21.658
240 30.0 -14.595 -21.115
252 30.0 -14.615 -23.322
264 30.0 -14.409 -22.933
276 30.0 -15.457 -23.398
288 30.0 -14.532 -22.558
300 30.0 -15.028 -23.188
72 31.0 -13.214 -20.807
84 31.0 -13.507 -20.754
96 31.0 -14.076 -20.754
108 31.0 -14.425 -20.810
120 31.0 -14.773 -20.723
132 31.0 -15.213 -20.850
144 31.0 -15.644 -20.878
156 31.0 -16.104 -20.721
168 31.0 -14.127 -19.429
180 31.0 -13.364 -19.926
192 31.0 -12.729 -19.962
204 31.0 -12.195 -20.643
216 31.0 -13.135 -21.735
228 31.0 -13.202 -20.923
240 31.0 -13.151 -21.348
252 31.0 -12.600 -20.719
264 31.0 -13.168 -20.775
276 31.0 -12.551 -20.775
288 31.0 -12.888 -21.247
300 31.0 -11.903 -20.979
72 32.0 -13.329 -22.237
84 32.0 -13.533 -22.064
96 32.0 -14.083 -22.103
108 32.0 -14.570 -22.208
120 32.0 -15.025 -22.014
132 32.0 -15.361 -22.139
144 32.0 -15.797 -22.014
156 32.0 -16.123 -22.038
168 32.0 -11.753 -23.582
180 32.0 -13.399 -21.936
192 32.0 -13.743 -22.211
204 32.0 -14.068 -20.883
216 32.0 -12.642 -21.011
228 32.0 -13.341 -22.505
240 32.0 -13.527 -21.319
252 32.0 -12.641 -22.518
264 32.0 -13.734 -22.599
276 32.0 -15.585 -22.860
288 32.0 -12.516 -22.482
300 32.0 -12.727 -20.968
72 55.0 -20.204 -18.342
84 55.0 -19.835 -18.373
96 55.0 -19.569 -18.409
108 55.0 -19.177 -18.257
120 55.0 -18.925 -18.178
132 55.0 -18.543 -18.052
144 55.0 -18.266 -18.037
156 55.0 -17.880 -18.006
168 55.0 -19.986 -16.101
180 55.0 -18.653 -18.204
192 55.0 -19.841 -19.882
204 55.0 -18.677 -18.656
216 55.0 -21.122 -17.543
228 55.0 -20.980 -19.089
240 55.0 -20.363 -18.464
252 55.0 -19.791 -16.703
264 55.0 -19.770 -18.914
276 55.0 -20.811 -18.197
288 55.0 -20.171 -19.743
300 55.0 -18.480 -17.573
72 57.0 -20.704 -16.587
84 57.0 -20.494 -16.348
96 57.0 -19.726 -16.529
108 57.0 -19.689 -16.474
120 57.0 -19.414 -16.575
132 57.0 -18.947 -16.256
144 57.0 -18.956 -16.247
156 57.0 -18.383 -16.127
168 57.0 -21.077 -16.782
180 57.0 -21.441 -16.504
192 57.0 -21.244 -17.076
204 57.0 -20.552 -15.829
216 57.0 -20.448 -16.347
228 57.0 -20.528 -15.991
240 57.0 -20.861 -16.686
252 57.0 -19.145 -16.224
264 57.0 -21.348 -18.521
276 57.0 -21.478 -16.709
288 57.0 -19.540 -16.179
300 57.0 -21.126 -17.558
72 67.0 -14.467 -21.417
84 67.0 -14.957 -21.499
96 67.0 -15.373 -21.361
108 67.0 -15.683 -21.249
120 67.0 -16.226 -21.130
132 67.0 -16.369 -21.039
144 67.0 -16.939 -21.041
156 67.0 -17.376 -21.131
168 67.0 -14.108 -21.037
180 67.0 -15.297 -22.104
192 67.0 -14.048 -22.556
204 67.0 -12.734 -20.836
216 67.0 -12.467 -20.635
228 67.0 -15.111 -21.871
240 67.0 -14.382 -22.138
252 67.0 -13.676 -20.269
264 67.0 -13.976 -20.748
276 67.0 -14.116 -20.909
288 67.0 -15.411 -23.748
300 67.0 -16.080 -22.550
84 63.0 -13.995 -15.797
96 63.0 -14.213 -16.438
108 63.0 -14.216 -16.894
120 63.0 -14.238 -17.044
132 63.0 -14.116 -17.453
144 63.0 -14.242 -18.182
156 63.0 -14.002 -18.805
168 63.0 -14.147 -19.204
180 63.0 -14.065 -16.121
192 63.0 -13.855 -15.579
204 63.0 -14.125 -16.989
216 63.0 -14.212 -15.861
228 63.0 -14.784 -16.299
240 63.0 -15.430 -16.515
252 63.0 -12.782 -16.028
264 63.0 -14.816 -14.758
276 63.0 -13.838 -15.893
288 63.0 -15.353 -16.942
300 63.0 -15.330 -14.643
312 63.0 -13.654 -15.883
96 6.0 4.380 -37.021
108 6.0 4.985 -36.060
120 6.0 5.158 -36.042
132 6.0 5.658 -36.025
144 6.0 6.025 -35.851
156 6.0 6.355 -35.712
168 6.0 6.211 -35.822
180 6.0 6.436 -35.602
192 6.0 4.800 -36.734
204 6.0 3.669 -36.838
216 6.0 5.858 -36.281
228 6.0 4.847 -37.311
240 6.0 5.266 -37.570
252 6.0 4.647 -35.881
264 6.0 4.498 -36.333
276 6.0 6.110 -38.933
288 6.0 3.063 -37.580
300 6.0 4.950 -36.411
312 6.0 4.904 -37.273
324 6.0 3.731 -36.719
108 41.0 1.127 -36.212
120 41.0 1.757 -35.954
132 41.0 1.935 -36.118
144 41.0 2.241 -36.150
156 41.0 2.278 -35.929
168 41.0 2.419 -35.886
180 41.0 2.178 -36.233
192 41.0 2.567 -36.005
204 41.0 0.786 -37.854
216 41.0 0.651 -38.088
228 41.0 1.475 -36.894
240 41.0 1.339 -36.198
252 41.0 1.746 -35.609
264 41.0 0.704 -36.863
276 41.0 0.489 -36.664
288 41.0 0.924 -36.347
300 41.0 -0.115 -35.724
312 41.0 2.696 -36.036
324 41.0 1.547 -36.977
336 41.0 0.423 -35.480
120 24.0 18.190 -22.816
132 24.0 17.901 -22.517
144 24.0 17.659 -22.419
156 24.0 17.510 -22.305
168 24.0 17.263 -22.290
180 24.0 16.814 -22.124
192 24.0 16.418 -22.170
204 24.0 16.147 -22.054
216 24.0 18.718 -24.404
228 24.0 16.825 -22.555
240 24.0 19.481 -22.651
252 24.0 17.593 -22.386
264 24.0 17.824 -23.288
276 24.0 18.533 -24.236
288 24.0 18.037 -23.382
300 24.0 16.870 -23.289
312 24.0 17.996 -23.732
324 24.0 17.501 -21.411
336 24.0 17.659 -22.797
348 24.0 18.310 -23.175
120 27.0 18.118 -24.040
132 27.0 17.725 -23.952
144 27.0 17.777 -23.634
156 27.0 17.472 -23.454
168 27.0 17.105 -23.419
180 27.0 17.087 -23.210
192 27.0 16.519 -23.348
204 27.0 16.255 -23.185
216 27.0 17.809 -23.796
228 27.0 19.617 -23.849
240 27.0 17.612 -24.061
252 27.0 17.920 -23.995
264 27.0 18.822 -23.311
276 27.0 18.974 -22.952
288 27.0 16.943 -24.378
300 27.0 18.158 -23.017
312 27.0 17.251 -24.957
324 27.0 18.281 -23.113
336 27.0 18.155 -23.411
348 27.0 18.070 -24.216
120 48.0 -4.232 -30.620
132 48.0 -3.985 -29.713
144 48.0 -3.898 -29.167
156 48.0 -3.854 -28.449
168 48.0 -3.766 -27.507
180 48.0 -3.747 -26.785
192 48.0 -3.274 -26.124
204 48.0 -3.391 -25.471
216 48.0 -3.683 -30.180
228 48.0 -4.107 -31.250
240 48.0 -3.996 -31.197
252 48.0 -4.635 -30.332
264 48.0 -4.708 -31.036
276 48.0 -1.948 -30.308
288 48.0 -3.607 -30.791
300 48.0 -4.068 -31.754
312 48.0 -3.225 -32.387
324 48.0 -2.878 -29.621
336 48.0 -4.464 -32.034
348 48.0 -4.840 -31.245
120 49.0 6.056 -18.404
132 49.0 5.735 -18.033
144 49.0 5.240 -17.937
156 49.0 4.865 -17.807
168 49.0 4.414 -17.621
180 49.0 4.039 -17.658
192 49.0 3.449 -17.647
204 49.0 3.050 -17.812
216 49.0 5.862 -18.727
228 49.0 4.726 -18.097
240 49.0 5.377 -18.205
252 49.0 6.208 -18.840
264 49.0 6.426 -18.959
276 49.0 3.930 -18.094
288 49.0 8.054 -17.809
300 49.0 5.618 -18.833
312 49.0 6.320 -18.384
324 49.0 6.426 -20.662
336 49.0 6.144 -19.341
348 49.0 5.135 -17.918
120 68.0 17.604 -24.988
132 68.0 17.588 -24.582
144 68.0 17.443 -24.832
156 68.0 17.210 -24.573
168 68.0 16.615 -24.486
180 68.0 16.555 -24.673
192 68.0 16.216 -24.798
204 68.0 15.825 -24.633
216 68.0 18.497 -25.315
228 68.0 19.743 -24.792
240 68.0 15.175 -24.216
252 68.0 18.862 -27.441
264 68.0 16.989 -27.217
276 68.0 17.083 -23.663
288 68.0 17.463 -25.822
300 68.0 18.021 -25.981
312 68.0 19.690 -25.614
324 68.0 17.271 -24.476
336 68.0 17.059 -25.300
348 68.0 18.385 -22.664
144 21.0 26.828 -23.810
156 21.0 26.337 -23.702
168 21.0 25.724 -23.789
180 21.0 25.356 -23.556
192 21.0 24.859 -23.475
204 21.0 24.171 -23.462
216 21.0 23.659 -23.395
228 21.0 23.128 -23.379
240 21.0 27.701 -23.449
252 21.0 24.944 -26.098
264 21.0 26.604 -22.036
276 21.0 26.411 -24.538
288 21.0 26.367 -23.138
300 21.0 27.878 -23.823
312 21.0 26.800 -24.277
324 21.0 27.067 -24.458
336 21.0 27.303 -22.547
348 21.0 27.320 -23.856
360 21.0 27.795 -23.263
372 21.0 26.874 -23.496
180 53.0 -13.876 -34.408
192 53.0 -14.111 -34.857
204 53.0 -14.116 -34.994
216 53.0 -14.482 -35.854
228 53.0 -14.732 -36.179
240 53.0 -15.160 -36.712
252 53.0 -15.450 -37.124
264 53.0 -15.384 -37.644
276 53.0 -14.058 -34.836
288 53.0 -13.604 -34.802
300 53.0 -12.165 -34.107
312 53.0 -13.022 -35.212
324 53.0 -14.329 -35.260
336 53.0 -13.730 -33.531
348 53.0 -13.994 -35.407
360 53.0 -13.750 -35.094
372 53.0 -14.168 -34.274
384 53.0 -15.667 -35.116
396 53.0 -13.634 -35.589
408 53.0 -13.977 -33.881
216 45.0 -7.779 -39.260
228 45.0 -7.344 -38.698
240 45.0 -6.929 -38.326
252 45.0 -6.627 -37.709
264 45.0 -6.453 -37.267
276 45.0 -6.259 -36.957
288 45.0 -5.747 -36.697
300 45.0 -5.696 -36.460
312 45.0 -7.021 -39.587
324 45.0 -6.957 -38.747
336 45.0 -6.918 -39.303
348 45.0 -8.388 -40.010
360 45.0 -7.777 -39.138
372 45.0 -8.351 -39.949
384 45.0 -6.392 -37.743
396 45.0 -4.546 -39.633
408 45.0 -8.618 -38.895
420 45.0 -8.027 -39.413
432 45.0 -7.451 -39.170
444 45.0 -6.264 -39.345
228 12.0 30.980 -21.343
240 12.0 31.270 -21.146
252 12.0 30.420 -21.653
264 12.0 29.638 -21.492
276 12.0 29.330 -21.462
288 12.0 29.265 -21.355
300 12.0 28.848 -21.361
312 12.0 28.248 -21.087
324 12.0 30.580 -22.754
336 12.0 31.392 -22.674
348 12.0 29.315 -21.973
360 12.0 32.707 -21.407
372 12.0 30.829 -22.023
384 12.0 31.063 -20.898
396 12.0 32.340 -20.905
408 12.0 31.367 -18.947
420 12.0 31.790 -21.724
432 12.0 31.774 -19.442
444 12.0 30.440 -22.302
456 12.0 32.224 -19.562
228 50.0 31.465 -20.627
240 50.0 31.191 -20.075
252 50.0 30.753 -20.079
264 50.0 30.156 -20.008
276 50.0 29.663 -20.118
288 50.0 29.206 -19.871
300 50.0 28.687 -19.974
312 50.0 28.273 -19.850
324 50.0 32.071 -20.715
336 50.0 31.695 -20.581
348 50.0 30.395 -23.239
360 50.0 30.895 -21.332
372 50.0 31.493 -21.979
384 50.0 31.230 -21.122
396 50.0 31.694 -21.399
408 50.0 31.446 -19.781
420 50.0 30.944 -20.109
432 50.0 31.892 -19.584
444 50.0 33.270 -19.386
456 50.0 31.720 -18.758
276 59.0 -25.727 -18.147
288 59.0 -24.703 -16.894
300 59.0 -24.490 -16.994
312 59.0 -23.634 -16.505
324 59.0 -23.208 -16.299
336 59.0 -22.795 -16.647
348 59.0 -22.370 -16.121
360 59.0 -21.808 -16.389
372 59.0 -25.570 -18.923
384 59.0 -26.294 -17.864
396 59.0 -25.609 -19.873
408 59.0 -24.854 -18.541
420 59.0 -26.959 -17.625
432 59.0 -27.603 -17.684
444 59.0 -27.509 -17.542
456 59.0 -26.377 -19.705
468 59.0 -23.881 -18.980
480 59.0 -27.242 -18.195
492 59.0 -25.844 -18.002
504 59.0 -26.072 -16.344
276 61.0 -4.636 19.370
288 61.0 -4.256 19.892
300 61.0 -4.097 20.290
312 61.0 -3.745 20.684
324 61.0 -3.471 20.980
336 61.0 -3.204 21.310
348 61.0 -2.899 21.705
360 61.0 -2.971 21.651
372 61.0 -4.585 20.363
384 61.0 -5.019 19.001
396 61.0 -4.749 20.255
408 61.0 -5.417 20.698
420 61.0 -3.907 20.333
432 61.0 -6.097 17.865
444 61.0 -6.895 20.442
456 61.0 -4.479 19.511
468 61.0 -6.298 18.931
480 61.0 -3.187 17.739
492 61.0 -3.936 19.242
504 61.0 -4.034 18.754
300 16.0 -18.583 8.498
312 16.0 -18.541 8.031
324 16.0 -18.501 7.362
336 16.0 -18.670 6.998
348 16.0 -18.290 6.420
360 16.0 -18.804 5.898
372 16.0 -18.833 5.104
384 16.0 -18.531 4.694
396 16.0 -17.978 7.888
408 16.0 -20.271 9.262
420 16.0 -18.792 9.561
432 16.0 -17.234 7.415
444 16.0 -18.802 7.453
456 16.0 -19.124 8.938
468 16.0 -20.496 8.503
480 16.0 -18.068 9.358
492 16.0 -18.473 7.768
504 16.0 -19.057 6.651
516 16.0 -18.284 9.990
528 16.0 -17.840 8.742
300 40.0 -18.330 -12.204
312 40.0 -18.372 -12.459
324 40.0 -18.413 -12.456
336 40.0 -18.322 -12.324
348 40.0 -18.410 -12.413
360 40.0 -18.411 -12.258
372 40.0 -18.357 -12.372
384 40.0 -18.451 -12.211
396 40.0 -17.652 -11.594
408 40.0 -17.849 -11.979
420 40.0 -17.963 -11.960
432 40.0 -19.384 -10.650
444 40.0 -19.635 -13.519
456 40.0 -18.758 -12.322
468 40.0 -18.156 -13.018
480 40.0 -17.601 -11.055
492 40.0 -18.038 -12.114
504 40.0 -19.005 -11.933
516 40.0 -18.722 -12.260
528 40.0 -18.102 -11.943
312 56.0 -13.177 -17.644
324 56.0 -12.594 -17.698
336 56.0 -12.156 -17.544
348 56.0 -11.831 -17.483
360 56.0 -11.570 -17.305
372 56.0 -10.916 -17.081
384 56.0 -10.884 -17.309
396 56.0 -10.239 -16.942
408 56.0 -14.202 -17.178
420 56.0 -12.851 -17.009
432 56.0 -13.941 -17.071
444 56.0 -11.809 -17.007
456 56.0 -12.476 -16.882
468 56.0 -11.321 -18.651
480 56.0 -13.073 -18.035
492 56.0 -13.818 -18.555
504 56.0 -12.961 -17.070
516 56.0 -14.440 -17.181
528 56.0 -12.343 -16.536
540 56.0 -12.258 -16.045
312 58.0 -13.785 -15.644
324 58.0 -13.436 -15.394
336 58.0 -13.003 -15.436
348 58.0 -12.531 -15.408
360 58.0 -12.158 -15.241
372 58.0 -11.732 -15.267
384 58.0 -11.372 -15.121
396 58.0 -10.858 -15.129
408 58.0 -13.622 -15.866
420 58.0 -12.985 -16.337
432 58.0 -13.043 -16.710
444 58.0 -12.743 -16.654
456 58.0 -14.725 -15.289
468 58.0 -14.507 -16.878
480 58.0 -14.473 -16.336
492 58.0 -13.618 -16.484
504 58.0 -15.586 -14.570
516 58.0 -12.666 -15.651
528 58.0 -12.146 -15.752
540 58.0 -14.559 -15.000
324 64.0 -16.329 -24.245
336 64.0 -16.537 -24.494
348 64.0 -16.364 -24.899
360 64.0 -16.644 -25.106
372 64.0 -16.677 -25.374
384 64.0 -16.584 -25.597
396 64.0 -16.392 -26.005
408 64.0 -16.632 -26.084
420 64.0 -15.478 -24.832
432 64.0 -16.311 -23.675
444 64.0 -17.889 -23.715
456 64.0 -15.262 -24.519
468 64.0 -17.512 -22.821
480 64.0 -16.747 -24.464
492 64.0 -15.061 -22.799
504 64.0 -16.538 -24.480
516 64.0 -16.096 -24.056
528 64.0 -17.670 -24.653
540 64.0 -16.235 -23.651
552 64.0 -16.865 -24.051
336 7.0 6.544 -35.614
348 7.0 6.345 -35.731
360 7.0 6.130 -35.705
372 7.0 5.907 -35.519
384 7.0 6.176 -35.672
396 7.0 6.816 -35.255
408 7.0 7.695 -34.973
420 7.0 7.626 -35.035
432 7.0 5.809 -35.972
444 7.0 7.080 -36.429
456 7.0 7.180 -34.687
468 7.0 6.340 -36.036
480 7.0 6.751 -34.564
492 7.0 6.620 -36.291
504 7.0 5.907 -37.887
516 7.0 6.656 -34.861
528 7.0 5.918 -35.210
540 7.0 6.904 -36.188
552 7.0 6.388 -36.077
564 7.0 8.713 -35.620
348 42.0 2.761 -35.770
360 42.0 2.598 -35.509
372 42.0 2.371 -35.533
384 42.0 2.388 -35.348
396 42.0 2.545 -35.211
408 42.0 3.343 -35.176
420 42.0 3.751 -34.806
432 42.0 4.207 -34.977
444 42.0 1.549 -35.780
456 42.0 3.555 -36.335
468 42.0 3.129 -35.500
480 42.0 1.081 -34.449
492 42.0 1.106 -35.605
504 42.0 3.354 -35.443
516 42.0 4.512 -37.047
528 42.0 2.424 -35.715
540 42.0 1.823 -34.155
552 42.0 1.633 -36.198
564 42.0 2.673 -34.459
576 42.0 4.134 -34.810
360 25.0 11.652 -21.409
372 25.0 11.223 -21.415
384 25.0 10.876 -21.502
396 25.0 10.569 -21.350
408 25.0 10.172 -21.197
420 25.0 9.766 -21.280
432 25.0 9.300 -21.095
444 25.0 9.174 -21.058
456 25.0 10.602 -21.804
468 25.0 12.829 -20.079
480 25.0 10.962 -21.567
492 25.0 11.261 -21.974
504 25.0 12.405 -20.292
516 25.0 11.943 -21.957
528 25.0 12.494 -20.217
540 25.0 11.510 -22.960
552 25.0 11.554 -22.107
564 25.0 11.148 -21.594
576 25.0 10.953 -22.598
588 25.0 11.897 -21.328
360 28.0 11.709 -22.720
372 28.0 11.206 -22.466
384 28.0 11.040 -22.828
396 28.0 10.796 -22.300
408 28.0 10.439 -22.181
420 28.0 9.609 -22.313
432 28.0 9.743 -22.326
444 28.0 8.912 -22.242
456 28.0 12.976 -22.339
468 28.0 11.531 -22.173
480 28.0 10.912 -24.641
492 28.0 11.624 -22.109
504 28.0 13.296 -23.021
516 28.0 11.173 -22.070
528 28.0 11.516 -21.190
540 28.0 10.410 -22.137
552 28.0 10.986 -22.548
564 28.0 12.254 -23.137
576 28.0 9.780 -22.186
588 28.0 11.864 -22.980
360 62.0 -12.505 2.580
372 62.0 -12.322 3.246
384 62.0 -12.191 3.926
396 62.0 -12.193 4.485
408 62.0 -12.044 5.066
420 62.0 -12.057 5.402
432 62.0 -12.154 5.927
444 62.0 -11.907 6.705
456 62.0 -12.247 2.255
468 62.0 -11.773 2.108
480 62.0 -10.339 2.874
492 62.0 -13.366 2.255
504 62.0 -12.576 2.628
516 62.0 -12.700 3.055
528 62.0 -12.711 2.329
540 62.0 -11.212 2.383
552 62.0 -13.671 1.673
564 62.0 -11.807 1.745
576 62.0 -12.211 1.780
588 62.0 -11.371 4.222
360 69.0 11.377 -23.553
372 69.0 10.860 -23.730
384 69.0 10.432 -23.470
396 69.0 9.950 -23.463
408 69.0 9.626 -23.489
420 69.0 9.315 -23.299
432 69.0 8.943 -23.295
444 69.0 8.773 -23.099
456 69.0 10.416 -25.177
468 69.0 9.399 -23.523
480 69.0 11.886 -23.605
492 69.0 11.925 -24.723
504 69.0 11.218 -25.057
516 69.0 11.330 -22.371
528 69.0 11.489 -23.352
540 69.0 11.058 -21.899
552 69.0 11.421 -23.370
564 69.0 12.567 -23.873
576 69.0 10.733 -24.512
588 69.0 11.086 -23.050
384 22.0 16.182 -22.962
396 22.0 15.761 -22.717
408 22.0 15.419 -22.457
420 22.0 15.350 -22.048
432 22.0 15.039 -21.927
444 22.0 14.726 -21.470
456 22.0 14.582 -21.553
468 22.0 13.849 -21.404
480 22.0 16.416 -24.442
492 22.0 16.450 -24.335
504 22.0 16.222 -23.097
516 22.0 16.392 -22.144
528 22.0 17.212 -23.827
540 22.0 15.533 -24.987
552 22.0 16.032 -23.805
564 22.0 16.228 -23.921
576 22.0 16.152 -22.365
588 22.0 15.925 -22.763
600 22.0 17.265 -23.366
612 22.0 16.794 -23.650
420 54.0 -18.571 -43.547
432 54.0 -18.789 -44.203
444 54.0 -19.186 -44.591
456 54.0 -19.471 -44.919
468 54.0 -19.470 -45.748
480 54.0 -19.827 -46.038
492 54.0 -20.081 -46.510
504 54.0 -20.526 -46.857
516 54.0 -18.199 -42.603
528 54.0 -19.987 -44.627
540 54.0 -19.097 -43.592
552 54.0 -18.276 -41.648
564 54.0 -18.549 -44.066
576 54.0 -19.214 -43.132
588 54.0 -18.575 -42.217
600 54.0 -19.565 -43.421
612 54.0 -20.026 -43.731
624 54.0 -17.371 -43.283
636 54.0 -17.621 -42.042
648 54.0 -18.165 -43.007
456 46.0 -1.781 -30.425
468 46.0 -1.286 -29.976
480 46.0 -1.329 -29.723
492 46.0 -0.338 -29.153
504 46.0 0.103 -28.886
516 46.0 1.053 -28.796
528 46.0 1.063 -28.476
540 46.0 1.571 -28.126
552 46.0 -2.038 -30.595
564 46.0 -0.713 -29.288
576 46.0 -2.209 -31.670
588 46.0 -1.541 -30.314
600 46.0 -1.511 -31.129
612 46.0 -1.773 -29.816
624 46.0 -2.757 -30.688
636 46.0 -2.429 -29.894
648 46.0 -2.480 -29.171
660 46.0 -2.072 -30.779
672 46.0 -1.122 -30.203
684 46.0 -3.029 -30.852
468 13.0 23.328 -19.741
480 13.0 22.874 -19.770
492 13.0 22.310 -19.600
504 13.0 21.967 -19.567
516 13.0 21.351 -19.674
528 13.0 20.944 -19.610
540 13.0 20.507 -19.569
552 13.0 20.004 -19.508
564 13.0 23.831 -19.938
576 13.0 22.210 -19.063
588 13.0 22.405 -19.938
600 13.0 23.487 -19.816
612 13.0 23.364 -19.391
624 13.0 23.131 -19.657
636 13.0 24.827 -18.690
648 13.0 22.909 -18.881
660 13.0 24.218 -17.724
672 13.0 23.728 -19.322
684 13.0 23.018 -19.821
696 13.0 23.387 -20.817
468 51.0 23.338 -18.421
480 51.0 22.818 -18.695
492 51.0 22.679 -18.479
504 51.0 21.925 -18.449
516 51.0 21.856 -18.649
528 51.0 21.111 -18.495
540 51.0 20.565 -18.389
552 51.0 19.808 -18.548
564 51.0 23.686 -19.304
576 51.0 23.492 -18.903
588 51.0 23.811 -17.708
600 51.0 22.986 -18.343
612 51.0 23.383 -17.765
624 51.0 22.540 -17.733
636 51.0 23.063 -17.878
648 51.0 22.750 -17.793
660 51.0 22.632 -19.329
672 51.0 22.333 -17.199
684 51.0 22.495 -20.290
696 51.0 24.133 -17.479
516 60.0 -14.169 -15.461
528 60.0 -13.682 -15.414
540 60.0 -13.054 -15.526
552 60.0 -12.530 -15.357
564 60.0 -11.909 -15.308
576 60.0 -11.382 -15.155
588 60.0 -11.095 -15.233
600 60.0 -10.520 -15.084
612 60.0 -14.222 -15.830
624 60.0 -12.269 -15.202
636 60.0 -14.126 -16.707
648 60.0 -15.219 -15.161
660 60.0 -14.615 -16.071
672 60.0 -14.782 -14.199
684 60.0 -15.443 -15.863
696 60.0 -14.913 -15.796
708 60.0 -14.352 -14.787
720 60.0 -13.828 -16.477
732 60.0 -15.569 -15.955
744 60.0 -14.873 -15.203
540 17.0 -18.646 -2.015
552 17.0 -18.505 -2.555
564 17.0 -18.456 -2.966
576 17.0 -18.018 -3.475
588 17.0 -17.892 -3.899
600 17.0 -17.790 -4.083
612 17.0 -17.399 -4.570
624 17.0 -16.860 -4.993
636 17.0 -18.125 -2.886
648 17.0 -17.717 -0.809
660 17.0 -18.095 -2.912
672 17.0 -17.045 -1.762
684 17.0 -18.447 -3.591
696 17.0 -18.851 -2.622
708 17.0 -18.799 -3.108
720 17.0 -19.745 -2.979
732 17.0 -18.954 -0.525
744 17.0 -18.669 -1.881
756 17.0 -19.350 -3.144
768 17.0 -18.523 -3.150
564 65.0 -16.286 -25.471
576 65.0 -16.116 -25.601
588 65.0 -16.158 -25.512
600 65.0 -16.522 -25.431
612 65.0 -16.423 -25.293
624 65.0 -16.277 -25.468
636 65.0 -16.506 -25.261
648 65.0 -16.462 -25.157
660 65.0 -17.875 -26.454
672 65.0 -16.323 -27.112
684 65.0 -18.664 -25.067
696 65.0 -15.386 -25.574
708 65.0 -16.288 -24.391
720 65.0 -15.537 -25.888
732 65.0 -16.416 -26.491
744 65.0 -16.752 -27.147
756 65.0 -16.457 -27.019
768 65.0 -15.951 -24.270
780 65.0 -14.424 -25.390
792 65.0 -15.841 -24.687
576 8.0 6.524 -34.700
588 8.0 6.333 -34.608
600 8.0 6.069 -34.741
612 8.0 6.038 -34.686
624 8.0 5.817 -34.494
636 8.0 5.536 -34.517
648 8.0 5.447 -34.540
660 8.0 5.197 -34.445
672 8.0 7.277 -34.623
684 8.0 7.127 -34.648
696 8.0 6.790 -34.994
708 8.0 8.345 -33.294
720 8.0 5.459 -33.980
732 8.0 6.808 -33.807
744 8.0 6.806 -35.551
756 8.0 8.464 -34.347
768 8.0 5.559 -34.875
780 8.0 5.769 -34.951
792 8.0 5.311 -33.977
804 8.0 6.607 -35.041
588 43.0 3.041 -34.847
600 43.0 2.761 -34.753
612 43.0 2.504 -34.851
624 43.0 2.520 -34.858
636 43.0 2.177 -34.730
648 43.0 1.973 -34.588
660 43.0 1.744 -34.664
672 43.0 1.782 -34.750
684 43.0 2.363 -34.958
696 43.0 4.123 -33.375
708 43.0 2.878 -36.386
720 43.0 2.742 -34.243
732 43.0 2.476 -34.963
744 43.0 3.599 -34.347
756 43.0 4.014 -34.644
768 43.0 3.755 -33.596
780 43.0 2.915 -35.510
792 43.0 3.146 -36.845
804 43.0 3.482 -35.349
816 43.0 4.118 -34.302
600 26.0 3.161 -20.101
612 26.0 2.724 -19.975
624 26.0 2.189 -20.004
636 26.0 1.765 -19.762
648 26.0 1.158 -19.787
660 26.0 0.721 -19.686
672 26.0 0.225 -19.846
684 26.0 -0.375 -20.327
696 26.0 2.098 -19.478
708 26.0 3.130 -19.377
720 26.0 3.992 -19.447
732 26.0 2.528 -19.175
744 26.0 3.790 -19.472
756 26.0 1.516 -20.680
768 26.0 3.120 -20.351
780 26.0 2.672 -22.170
792 26.0 3.861 -21.663
804 26.0 4.116 -19.831
816 26.0 4.049 -18.411
828 26.0 2.682 -20.331
600 29.0 3.342 -21.283
612 29.0 2.790 -21.013
624 29.0 2.344 -21.033
636 29.0 1.755 -20.942
648 29.0 1.328 -20.841
660 29.0 0.850 -20.712
672 29.0 0.337 -20.961
684 29.0 -0.203 -21.415
696 29.0 2.183 -21.439
708 29.0 2.405 -20.998
720 29.0 1.820 -23.230
732 29.0 4.664 -22.173
744 29.0 2.078 -22.201
756 29.0 4.014 -22.978
768 29.0 3.667 -22.168
780 29.0 3.912 -21.478
792 29.0 3.678 -20.827
804 29.0 4.293 -22.059
816 29.0 3.478 -20.141
828 29.0 3.413 -21.677
600 70.0 3.024 -22.172
612 70.0 2.672 -22.147
624 70.0 2.190 -22.312
636 70.0 1.700 -21.985
648 70.0 1.163 -22.073
660 70.0 0.949 -22.014
672 70.0 0.211 -22.503
684 70.0 -0.424 -22.644
696 70.0 4.878 -23.999
708 70.0 2.447 -22.294
720 70.0 2.968 -24.064
732 70.0 3.965 -21.549
744 70.0 4.497 -21.052
756 70.0 1.611 -22.023
768 70.0 5.257 -21.062
780 70.0 2.981 -21.888
792 70.0 2.185 -23.686
804 70.0 4.385 -21.661
816 70.0 3.262 -20.138
828 70.0 3.848 -21.200
624 23.0 6.511 -21.423
636 23.0 5.975 -21.321
648 23.0 5.405 -21.537
660 23.0 4.685 -21.516
672 23.0 4.139 -21.429
684 23.0 3.053 -21.750
696 23.0 2.060 -22.022
708 23.0 1.091 -22.053
720 23.0 5.161 -21.731
732 23.0 6.472 -21.826
744 23.0 6.265 -22.178
756 23.0 6.021 -20.901
768 23.0 6.027 -22.081
780 23.0 5.872 -20.880
792 23.0 5.846 -22.404
804 23.0 6.531 -20.988
816 23.0 7.384 -21.624
828 23.0 5.833 -22.902
840 23.0 7.642 -21.008
852 23.0 7.403 -21.662
660 11.0 32.043 -16.752
672 11.0 31.617 -16.803
684 11.0 31.032 -16.886
696 11.0 29.103 -17.527
708 11.0 27.526 -17.980
720 11.0 25.684 -18.594
732 11.0 24.478 -18.320
744 11.0 23.490 -18.160
756 11.0 33.536 -16.382
768 11.0 30.264 -17.929
780 11.0 33.449 -17.488
792 11.0 32.828 -17.526
804 11.0 31.168 -17.058
816 11.0 32.195 -16.417
828 11.0 30.939 -15.761
840 11.0 31.172 -16.625
852 11.0 32.008 -15.317
864 11.0 30.817 -17.300
876 11.0 31.409 -17.399
888 11.0 32.440 -18.321
672 19.0 -25.416 2.986
684 19.0 -24.908 3.118
696 19.0 -24.298 3.646
708 19.0 -23.730 3.879
720 19.0 -23.387 4.046
732 19.0 -22.983 4.520
744 19.0 -22.468 5.185
756 19.0 -21.911 5.252
768 19.0 -25.668 2.339
780 19.0 -24.580 4.271
792 19.0 -23.931 3.339
804 19.0 -24.683 2.828
816 19.0 -23.798 3.384
828 19.0 -27.253 2.844
840 19.0 -26.205 2.675
852 19.0 -25.160 2.749
864 19.0 -26.247 2.408
876 19.0 -25.083 3.375
888 19.0 -24.851 4.017
900 19.0 -27.948 2.661
672 20.0 -12.102 -5.906
684 20.0 -13.028 -5.893
696 20.0 -13.388 -5.674
708 20.0 -13.986 -5.750
720 20.0 -14.727 -5.983
732 20.0 -14.953 -5.625
744 20.0 -15.660 -5.480
756 20.0 -16.289 -5.788
768 20.0 -10.989 -5.579
780 20.0 -11.055 -5.416
792 20.0 -12.524 -5.919
804 20.0 -11.330 -5.908
816 20.0 -12.559 -5.816
828 20.0 -12.821 -4.689
840 20.0 -12.624 -5.440
852 20.0 -12.469 -5.972
864 20.0 -11.971 -4.512
876 20.0 -10.984 -6.485
888 20.0 -12.720 -5.530
900 20.0 -13.149 -7.059
696 10.0 32.484 -17.186
708 10.0 31.470 -17.498
720 10.0 30.280 -17.777
732 10.0 29.141 -18.225
744 10.0 27.880 -18.512
756 10.0 26.922 -18.386
768 10.0 26.252 -18.352
780 10.0 24.977 -18.625
792 10.0 32.188 -17.503
804 10.0 32.292 -18.454
816 10.0 33.064 -16.954
828 10.0 32.805 -16.143
840 10.0 32.408 -15.459
852 10.0 33.906 -17.366
864 10.0 33.933 -17.874
876 10.0 32.312 -16.214
888 10.0 31.843 -15.293
900 10.0 31.288 -16.070
912 10.0 31.320 -18.883
924 10.0 33.004 -17.343
696 47.0 6.452 -26.250
708 47.0 5.982 -25.999
720 47.0 5.540 -26.086
732 47.0 5.731 -25.766
744 47.0 5.576 -25.515
756 47.0 5.762 -25.171
768 47.0 6.009 -24.772
780 47.0 5.941 -24.462
792 47.0 4.915 -27.290
804 47.0 6.980 -25.404
816 47.0 6.626 -25.475
828 47.0 4.714 -24.268
840 47.0 6.279 -25.957
852 47.0 6.230 -26.516
864 47.0 6.395 -26.058
876 47.0 6.450 -26.510
888 47.0 6.174 -26.937
900 47.0 7.673 -27.476
912 47.0 6.982 -25.074
924 47.0 7.307 -26.931
696 71.0 -25.155 -16.425
708 71.0 -24.425 -16.597
720 71.0 -23.828 -16.676
732 71.0 -23.167 -16.943
744 71.0 -22.453 -17.142
756 71.0 -21.704 -17.283
768 71.0 -21.118 -17.389
780 71.0 -20.697 -17.322
792 71.0 -23.944 -15.161
804 71.0 -24.976 -16.148
816 71.0 -25.370 -16.160
828 71.0 -24.114 -15.959
840 71.0 -25.212 -16.041
852 71.0 -25.523 -17.518
864 71.0 -25.975 -14.178
876 71.0 -25.399 -17.117
888 71.0 -24.445 -16.147
900 71.0 -25.378 -17.257
912 71.0 -24.643 -15.217
924 71.0 -24.837 -16.717
696 72.0 -24.957 -15.103
708 72.0 -24.416 -15.369
720 72.0 -23.769 -15.743
732 72.0 -23.018 -15.722
744 72.0 -22.443 -15.954
756 72.0 -21.782 -16.351
768 72.0 -21.202 -16.416
780 72.0 -20.615 -16.444
792 72.0 -24.828 -14.224
804 72.0 -24.397 -16.084
816 72.0 -24.417 -14.861
828 72.0 -26.165 -14.966
840 72.0 -26.208 -14.110
852 72.0 -24.324 -14.992
864 72.0 -25.743 -14.690
876 72.0 -23.918 -14.279
888 72.0 -25.014 -14.305
900 72.0 -26.646 -16.345
912 72.0 -25.542 -14.533
924 72.0 -23.461 -15.443
708 14.0 11.437 -19.644
720 14.0 10.397 -19.776
732 14.0 9.814 -20.017
744 14.0 9.132 -20.180
756 14.0 8.602 -20.424
768 14.0 7.912 -20.442
780 14.0 6.996 -20.623
792 14.0 6.524 -20.634
804 14.0 11.088 -21.252
816 14.0 12.332 -19.028
828 14.0 13.345 -17.967
840 14.0 12.462 -19.991
852 14.0 10.578 -21.366
864 14.0 11.102 -19.856
876 14.0 12.917 -20.160
888 14.0 11.965 -19.705
900 14.0 11.727 -19.262
912 14.0 12.610 -19.148
924 14.0 12.113 -16.542
936 14.0 11.497 -17.660
708 52.0 11.950 -19.132
720 52.0 10.645 -19.090
732 52.0 10.152 -19.258
744 52.0 9.575 -19.440
756 52.0 8.830 -19.659
768 52.0 8.203 -19.598
780 52.0 7.394 -20.018
792 52.0 6.620 -20.020
804 52.0 12.754 -20.283
816 52.0 12.571 -19.155
828 52.0 9.822 -18.244
840 52.0 12.903 -18.746
852 52.0 12.187 -19.678
864 52.0 12.028 -20.480
876 52.0 10.891 -18.785
888 52.0 10.900 -19.198
900 52.0 10.996 -19.273
912 52.0 11.711 -19.406
924 52.0 12.098 -19.586
936 52.0 12.219 -20.562
720 73.0 -25.635 -47.180
732 73.0 -24.891 -46.556
744 73.0 -24.112 -45.467
756 73.0 -23.491 -44.963
768 73.0 -22.949 -44.314
780 73.0 -22.948 -43.935
792 73.0 -22.781 -43.622
804 73.0 -22.515 -43.385
816 73.0 -26.137 -46.870
828 73.0 -25.809 -47.845
840 73.0 -26.509 -46.687
852 73.0 -23.867 -48.074
864 73.0 -24.722 -46.787
876 73.0 -25.320 -47.969
888 73.0 -26.217 -46.236
900 73.0 -27.957 -47.230
912 73.0 -24.871 -46.650
924 73.0 -26.124 -47.476
936 73.0 -25.034 -46.673
948 73.0 -24.832 -48.144
756 33.0 -25.215 -15.748
768 33.0 -24.245 -15.909
780 33.0 -23.822 -16.015
792 33.0 -23.399 -16.002
804 33.0 -22.805 -15.834
816 33.0 -22.418 -15.887
828 33.0 -21.967 -15.679
840 33.0 -21.534 -15.688
852 33.0 -24.156 -16.456
864 33.0 -24.794 -15.402
876 33.0 -25.003 -16.320
888 33.0 -24.549 -16.175
900 33.0 -26.104 -16.889
912 33.0 -24.267 -14.597
924 33.0 -25.337 -15.133
936 33.0 -24.473 -15.808
948 33.0 -23.830 -16.915
960 33.0 -25.515 -15.895
972 33.0 -25.267 -16.939
984 33.0 -27.239 -14.421
780 18.0 -13.240 -12.047
792 18.0 -13.425 -12.641
804 18.0 -13.022 -13.080
816 18.0 -12.757 -13.514
828 18.0 -12.935 -14.281
840 18.0 -12.806 -14.620
852 18.0 -12.549 -15.320
864 18.0 -12.212 -15.711
876 18.0 -13.451 -11.423
888 18.0 -12.796 -13.897
900 18.0 -12.906 -11.724
912 18.0 -13.849 -11.775
924 18.0 -14.731 -12.147
936 18.0 -12.750 -13.621
948 18.0 -14.332 -12.798
960 18.0 -13.451 -14.148
972 18.0 -14.713 -12.966
984 18.0 -13.844 -11.957
996 18.0 -11.849 -10.820
1008 18.0 -13.584 -11.444
804 66.0 -16.735 -25.075
816 66.0 -16.420 -25.076
828 66.0 -16.472 -24.834
840 66.0 -16.529 -24.852
852 66.0 -16.686 -24.868
864 66.0 -16.404 -24.897
876 66.0 -16.324 -24.868
888 66.0 -16.757 -24.547
900 66.0 -15.558 -25.463
912 66.0 -18.446 -26.755
924 66.0 -16.122 -25.830
936 66.0 -16.603 -24.310
948 66.0 -17.303 -24.943
960 66.0 -15.585 -24.364
972 66.0 -16.168 -24.571
984 66.0 -17.746 -24.997
996 66.0 -16.837 -26.279
1008 66.0 -16.143 -22.904
1020 66.0 -16.104 -25.074
1032 66.0 -16.757 -26.135
816 9.0 2.711 -34.411
828 9.0 2.724 -34.475
840 9.0 2.590 -34.559
852 9.0 2.483 -34.399
864 9.0 2.392 -34.513
876 9.0 2.339 -34.403
888 9.0 2.254 -34.506
900 9.0 2.190 -34.577
912 9.0 1.701 -34.284
924 9.0 3.137 -33.337
936 9.0 2.332 -35.684
948 9.0 1.752 -33.684
960 9.0 1.596 -35.302
972 9.0 2.189 -33.707
984 9.0 2.631 -34.677
996 9.0 3.866 -34.186
1008 9.0 1.971 -33.206
1020 9.0 3.011 -33.404
1032 9.0 2.950 -34.479
1044 9.0 2.835 -32.570
828 44.0 -0.570 -34.534
840 44.0 -0.503 -34.256
852 44.0 -0.625 -34.314
864 44.0 -0.660 -34.374
876 44.0 -0.524 -34.324
888 44.0 -0.587 -34.192
900 44.0 -0.838 -34.394
912 44.0 -0.895 -34.278
924 44.0 -1.658 -35.624
936 44.0 -0.118 -35.341
948 44.0 0.943 -34.492
960 44.0 -0.449 -34.686
972 44.0 0.268 -34.320
984 44.0 -0.390 -35.676
996 44.0 -0.759 -34.905
1008 44.0 -0.295 -34.978
1020 44.0 -2.108 -34.444
1032 44.0 -0.094 -34.951
1044 44.0 -1.939 -35.101
1056 44.0 -0.234 -34.046
