0 32.0 26.414 -4.732
12 32.0 26.448 -5.379
24 32.0 26.567 -5.952
36 32.0 26.437 -6.588
48 32.0 26.517 -7.377
60 32.0 26.474 -7.843
72 32.0 26.552 -8.601
84 32.0 26.408 -9.083
96 32.0 26.619 -4.391
108 32.0 25.045 -4.365
120 32.0 25.868 -5.477
132 32.0 25.700 -2.923
144 32.0 25.211 -5.471
156 32.0 25.703 -4.044
168 32.0 24.096 -5.522
180 32.0 27.618 -5.554
192 32.0 26.429 -4.984
204 32.0 26.154 -4.515
216 32.0 26.925 -4.549
228 32.0 27.336 -4.560
0 33.0 56.895 18.444
12 33.0 56.627 18.980
24 33.0 55.842 19.259
36 33.0 55.496 19.867
48 33.0 54.949 20.153
60 33.0 54.620 20.484
72 33.0 53.890 20.882
84 33.0 53.446 21.200
96 33.0 57.655 18.330
108 33.0 58.122 17.466
120 33.0 57.933 19.244
132 33.0 54.459 18.284
144 33.0 57.881 17.245
156 33.0 56.579 19.381
168 33.0 56.619 17.965
180 33.0 56.611 18.160
192 33.0 57.904 18.858
204 33.0 55.957 17.358
216 33.0 57.225 20.038
228 33.0 58.551 19.018
0 59.0 50.072 -25.658
12 59.0 48.559 -25.224
24 59.0 47.015 -25.640
36 59.0 45.517 -25.410
48 59.0 43.827 -25.812
60 59.0 42.415 -25.655
72 59.0 40.961 -25.594
84 59.0 39.338 -25.316
96 59.0 49.657 -27.219
108 59.0 50.268 -26.600
120 59.0 49.816 -24.487
132 59.0 50.306 -25.319
144 59.0 50.710 -26.648
156 59.0 51.399 -26.002
168 59.0 49.738 -24.788
180 59.0 51.278 -25.669
192 59.0 50.639 -26.353
204 59.0 51.216 -24.961
216 59.0 49.390 -26.234
228 59.0 49.419 -25.947
0 71.0 20.910 -19.372
12 71.0 20.686 -18.795
24 71.0 20.583 -18.327
36 71.0 20.555 -17.634
48 71.0 20.920 -16.897
60 71.0 20.719 -16.717
72 71.0 20.622 -15.840
84 71.0 20.704 -15.468
96 71.0 20.856 -19.025
108 71.0 19.222 -19.084
120 71.0 20.642 -18.927
132 71.0 19.950 -20.852
144 71.0 19.959 -19.283
156 71.0 20.193 -20.670
168 71.0 19.829 -20.774
180 71.0 19.427 -20.990
192 71.0 22.071 -20.132
204 71.0 20.830 -20.107
216 71.0 18.333 -19.291
228 71.0 22.740 -19.187
0 75.0 19.758 -19.190
12 75.0 19.538 -18.600
24 75.0 19.404 -18.127
36 75.0 19.584 -17.783
48 75.0 19.375 -17.219
60 75.0 19.384 -16.517
72 75.0 19.432 -16.146
84 75.0 19.477 -15.587
96 75.0 18.039 -18.737
108 75.0 19.842 -20.689
120 75.0 19.128 -19.018
132 75.0 19.278 -19.268
144 75.0 20.466 -18.870
156 75.0 18.401 -18.304
168 75.0 20.570 -19.926
180 75.0 17.986 -21.450
192 75.0 19.087 -20.265
204 75.0 19.168 -19.047
216 75.0 19.277 -17.618
228 75.0 18.007 -18.967
48 79.0 22.593 -25.421
60 79.0 22.470 -24.922
72 79.0 22.361 -24.420
84 79.0 22.139 -23.929
96 79.0 21.917 -23.236
108 79.0 21.957 -22.733
120 79.0 21.823 -21.965
132 79.0 21.585 -21.513
144 79.0 21.582 -26.491
156 79.0 24.134 -25.578
168 79.0 22.291 -26.056
180 79.0 21.377 -25.960
192 79.0 23.198 -25.890
204 79.0 21.537 -25.860
216 79.0 22.445 -26.011
228 79.0 21.401 -24.816
240 79.0 20.693 -26.887
252 79.0 22.287 -25.055
264 79.0 22.731 -25.906
276 79.0 23.994 -25.282
240 60.0 24.195 -18.158
252 60.0 24.122 -16.554
264 60.0 23.877 -15.326
276 60.0 23.619 -13.740
288 60.0 23.591 -12.275
300 60.0 23.230 -10.643
312 60.0 23.195 -9.296
324 60.0 23.468 -7.818
336 60.0 25.059 -17.632
348 60.0 23.350 -17.989
360 60.0 24.376 -18.695
372 60.0 23.384 -19.009
384 60.0 24.054 -18.717
396 60.0 24.403 -17.921
408 60.0 22.935 -18.866
420 60.0 25.231 -19.073
432 60.0 23.262 -16.654
444 60.0 23.844 -18.711
456 60.0 25.096 -17.496
468 60.0 24.644 -18.167
240 72.0 20.664 -8.841
252 72.0 20.667 -8.236
264 72.0 20.628 -7.753
276 72.0 20.690 -7.220
288 72.0 20.689 -6.502
300 72.0 20.585 -6.111
312 72.0 20.803 -5.358
324 72.0 20.767 -5.080
336 72.0 20.939 -8.992
348 72.0 20.659 -9.619
360 72.0 20.881 -9.153
372 72.0 19.663 -9.041
384 72.0 19.616 -8.639
396 72.0 21.483 -9.760
408 72.0 19.569 -10.123
420 72.0 20.641 -10.440
432 72.0 22.006 -8.173
444 72.0 20.007 -9.610
456 72.0 19.508 -9.959
468 72.0 20.252 -9.674
240 76.0 19.540 -8.759
252 76.0 19.586 -8.110
264 76.0 19.548 -7.691
276 76.0 19.476 -7.179
288 76.0 19.621 -6.596
300 76.0 19.659 -5.965
312 76.0 19.516 -5.528
324 76.0 19.596 -5.028
336 76.0 20.613 -8.367
348 76.0 17.974 -9.387
360 76.0 21.389 -8.615
372 76.0 19.175 -9.935
384 76.0 21.067 -10.301
396 76.0 19.377 -9.091
408 76.0 19.159 -9.693
420 76.0 19.400 -7.043
432 76.0 21.375 -8.673
444 76.0 20.593 -9.306
456 76.0 19.544 -8.852
468 76.0 20.001 -8.335
252 61.0 -23.196 25.428
264 61.0 -22.936 25.581
276 61.0 -22.120 25.532
288 61.0 -21.638 25.645
300 61.0 -21.062 25.566
312 61.0 -20.513 25.529
324 61.0 -19.910 25.404
336 61.0 -19.566 25.524
348 61.0 -22.987 26.223
360 61.0 -23.248 25.325
372 61.0 -24.183 26.150
384 61.0 -21.016 24.999
396 61.0 -23.547 24.835
408 61.0 -23.331 25.034
420 61.0 -22.771 25.701
432 61.0 -22.750 25.515
444 61.0 -23.156 26.050
456 61.0 -23.742 25.580
468 61.0 -23.467 25.904
480 61.0 -23.556 25.020
276 64.0 -22.760 26.515
288 64.0 -22.127 26.517
300 64.0 -21.744 26.447
312 64.0 -21.284 26.373
324 64.0 -20.630 26.342
336 64.0 -20.121 26.454
348 64.0 -19.737 26.215
360 64.0 -19.161 26.340
372 64.0 -23.690 24.751
384 64.0 -22.044 27.408
396 64.0 -22.668 24.627
408 64.0 -22.968 25.188
420 64.0 -22.587 26.543
432 64.0 -22.688 25.208
444 64.0 -24.697 27.389
456 64.0 -22.967 25.824
468 64.0 -24.471 25.218
480 64.0 -24.220 27.556
492 64.0 -21.512 27.042
504 64.0 -22.498 26.613
288 80.0 20.750 -14.173
300 80.0 20.760 -13.507
312 80.0 20.943 -13.111
324 80.0 21.170 -12.315
336 80.0 21.250 -11.954
348 80.0 20.984 -11.438
360 80.0 20.985 -11.024
372 80.0 21.007 -10.379
384 80.0 20.075 -14.117
396 80.0 20.745 -15.634
408 80.0 20.325 -13.457
420 80.0 20.147 -14.547
432 80.0 21.185 -14.449
444 80.0 19.942 -14.384
456 80.0 20.495 -13.505
468 80.0 20.767 -13.918
480 80.0 21.178 -13.855
492 80.0 20.681 -14.482
504 80.0 22.177 -15.004
516 80.0 20.568 -14.012
480 73.0 20.631 1.845
492 73.0 20.587 2.321
504 73.0 20.643 2.931
516 73.0 20.629 3.503
528 73.0 20.842 4.112
540 73.0 20.866 4.542
552 73.0 20.828 5.051
564 73.0 20.823 5.857
576 73.0 21.461 0.857
588 73.0 20.536 2.832
600 73.0 20.656 1.519
612 73.0 21.213 -0.127
624 73.0 20.054 3.481
636 73.0 20.547 0.450
648 73.0 21.445 2.484
660 73.0 20.547 2.876
672 73.0 20.604 1.369
684 73.0 21.426 2.545
696 73.0 19.605 2.819
708 73.0 22.534 2.488
480 77.0 19.191 1.921
492 77.0 19.231 2.461
504 77.0 19.218 2.994
516 77.0 19.250 3.409
528 77.0 19.292 3.819
540 77.0 19.406 4.395
552 77.0 19.513 5.158
564 77.0 19.279 5.277
576 77.0 18.446 0.296
588 77.0 19.507 1.900
600 77.0 18.841 1.979
612 77.0 18.679 2.006
624 77.0 20.008 0.513
636 77.0 19.867 2.227
648 77.0 19.037 2.819
660 77.0 19.990 2.538
672 77.0 18.439 1.807
684 77.0 20.044 1.045
696 77.0 18.980 1.311
708 77.0 19.886 1.510
492 62.0 -13.676 24.971
504 62.0 -13.205 24.924
516 62.0 -12.823 24.962
528 62.0 -12.349 25.132
540 62.0 -11.766 25.047
552 62.0 -11.639 24.907
564 62.0 -10.897 24.912
576 62.0 -10.486 24.915
588 62.0 -11.581 24.466
600 62.0 -13.406 24.924
612 62.0 -14.022 25.102
624 62.0 -13.405 25.463
636 62.0 -15.268 23.205
648 62.0 -13.398 25.518
660 62.0 -13.590 23.920
672 62.0 -13.109 24.477
684 62.0 -12.486 24.193
696 62.0 -11.659 24.813
708 62.0 -14.542 26.215
720 62.0 -15.063 25.321
504 86.0 -3.394 26.570
516 86.0 -4.396 26.536
528 86.0 -5.654 26.430
540 86.0 -6.738 26.533
552 86.0 -7.540 26.711
564 86.0 -8.430 26.643
576 86.0 -9.552 26.531
588 86.0 -10.518 26.485
600 86.0 -3.275 26.050
612 86.0 -3.754 26.636
624 86.0 -4.011 26.887
636 86.0 -2.326 25.494
648 86.0 -3.859 27.269
660 86.0 -3.024 25.926
672 86.0 -4.159 26.645
684 86.0 -4.933 26.293
696 86.0 -2.930 24.502
708 86.0 -2.551 27.472
720 86.0 -2.713 25.692
732 86.0 -3.422 24.937
516 65.0 -13.306 25.609
528 65.0 -12.841 25.734
540 65.0 -12.291 25.672
552 65.0 -11.891 25.645
564 65.0 -11.663 25.662
576 65.0 -11.111 25.666
588 65.0 -10.472 25.694
600 65.0 -10.170 25.690
612 65.0 -14.934 25.540
624 65.0 -14.284 25.317
636 65.0 -14.558 25.288
648 65.0 -13.811 25.209
660 65.0 -13.383 25.445
672 65.0 -13.247 24.410
684 65.0 -14.572 26.055
696 65.0 -14.069 26.162
708 65.0 -13.164 26.456
720 65.0 -13.225 26.167
732 65.0 -13.599 23.948
744 65.0 -13.215 26.778
528 81.0 20.891 -3.017
540 81.0 21.014 -2.282
552 81.0 20.922 -1.973
564 81.0 21.022 -1.351
576 81.0 20.662 -0.723
588 81.0 20.404 -0.028
600 81.0 20.374 0.039
612 81.0 20.179 0.860
624 81.0 21.019 -1.321
636 81.0 20.669 -4.669
648 81.0 20.410 -2.998
660 81.0 19.441 -4.309
672 81.0 19.840 -1.668
684 81.0 21.901 -3.864
696 81.0 19.805 -2.834
708 81.0 19.890 -2.743
720 81.0 21.584 -2.949
732 81.0 20.322 -5.225
744 81.0 20.762 -4.179
756 81.0 19.349 -2.616
720 74.0 20.730 12.651
732 74.0 20.723 13.112
744 74.0 20.687 13.690
756 74.0 20.684 14.356
768 74.0 20.719 14.786
780 74.0 20.640 15.216
792 74.0 20.682 15.689
804 74.0 20.701 16.432
816 74.0 20.486 11.612
828 74.0 20.857 13.308
840 74.0 19.568 10.942
852 74.0 20.234 12.689
864 74.0 19.942 11.933
876 74.0 19.321 12.104
888 74.0 20.220 13.712
900 74.0 19.420 12.290
912 74.0 21.361 13.741
924 74.0 22.063 13.121
936 74.0 20.256 12.599
948 74.0 20.529 13.440
720 78.0 19.142 12.376
732 78.0 19.096 12.745
744 78.0 19.155 13.261
756 78.0 19.018 13.885
768 78.0 18.983 14.384
780 78.0 18.918 14.768
792 78.0 19.403 15.535
804 78.0 19.063 15.895
816 78.0 19.046 11.288
828 78.0 18.633 11.179
840 78.0 18.060 12.028
852 78.0 18.611 12.081
864 78.0 17.382 11.985
876 78.0 19.307 11.552
888 78.0 17.976 11.496
900 78.0 18.643 12.292
912 78.0 18.573 12.635
924 78.0 18.492 12.318
936 78.0 18.308 12.412
948 78.0 20.272 10.560
720 103.0 24.312 30.201
732 103.0 24.096 29.702
744 103.0 24.052 29.188
756 103.0 24.284 28.619
768 103.0 24.226 28.000
780 103.0 24.159 27.448
792 103.0 24.175 26.820
804 103.0 24.261 26.354
816 103.0 23.138 30.124
828 103.0 24.067 30.478
840 103.0 24.909 30.497
852 103.0 24.105 31.438
864 103.0 25.144 29.280
876 103.0 24.247 28.462
888 103.0 24.480 30.945
900 103.0 24.491 27.524
912 103.0 24.515 31.696
924 103.0 24.041 30.797
936 103.0 22.981 30.225
948 103.0 25.037 31.327
732 63.0 -4.106 24.795
744 63.0 -3.690 24.960
756 63.0 -3.206 24.820
768 63.0 -2.714 24.907
780 63.0 -2.088 24.752
792 63.0 -1.614 24.864
804 63.0 -1.112 24.809
816 63.0 -0.573 25.074
828 63.0 -3.812 26.909
840 63.0 -4.061 25.310
852 63.0 -4.122 23.459
864 63.0 -5.617 23.720
876 63.0 -5.323 24.585
888 63.0 -4.366 24.729
900 63.0 -4.608 26.542
912 63.0 -4.353 26.012
924 63.0 -3.973 23.467
936 63.0 -4.795 25.155
948 63.0 -4.409 22.963
960 63.0 -3.385 24.164
744 87.0 -21.307 25.771
756 87.0 -21.926 25.761
768 87.0 -22.431 25.977
780 87.0 -22.440 25.888
792 87.0 -22.342 25.999
804 87.0 -22.350 25.906
816 87.0 -22.393 25.860
828 87.0 -22.240 25.897
840 87.0 -21.395 24.084
852 87.0 -20.243 25.361
864 87.0 -20.360 26.105
876 87.0 -20.711 26.097
888 87.0 -20.008 25.069
900 87.0 -23.664 26.692
912 87.0 -21.536 24.341
924 87.0 -20.796 25.539
936 87.0 -20.803 26.043
948 87.0 -22.030 25.951
960 87.0 -21.959 24.565
972 87.0 -21.426 26.365
756 66.0 -4.339 25.702
768 66.0 -3.850 25.772
780 66.0 -3.309 25.768
792 66.0 -2.802 25.773
804 66.0 -2.229 25.719
816 66.0 -1.542 25.702
828 66.0 -1.037 25.719
840 66.0 -0.295 25.635
852 66.0 -4.493 24.179
864 66.0 -5.634 25.020
876 66.0 -3.530 25.117
888 66.0 -5.257 25.021
900 66.0 -4.207 27.275
912 66.0 -2.668 26.104
924 66.0 -5.148 25.521
936 66.0 -3.655 25.860
948 66.0 -4.438 26.001
960 66.0 -3.778 25.855
972 66.0 -5.399 24.407
984 66.0 -1.979 26.919
756 67.0 8.593 29.262
768 67.0 8.162 28.238
780 67.0 7.362 27.520
792 67.0 6.403 26.589
804 67.0 5.286 26.935
816 67.0 3.620 26.988
828 67.0 2.505 27.152
840 67.0 1.053 27.269
852 67.0 9.384 28.339
864 67.0 8.997 28.713
876 67.0 9.392 29.435
888 67.0 8.578 29.755
900 67.0 9.829 30.529
912 67.0 8.325 29.683
924 67.0 9.127 29.566
936 67.0 9.925 29.489
948 67.0 8.251 28.575
960 67.0 8.009 28.396
972 67.0 6.691 27.322
984 67.0 7.140 28.144
768 82.0 20.073 8.075
780 82.0 19.776 8.363
792 82.0 20.078 9.040
804 82.0 19.983 9.558
816 82.0 19.595 10.329
828 82.0 19.847 10.733
840 82.0 19.780 11.224
852 82.0 19.760 11.722
864 82.0 19.489 8.669
876 82.0 18.872 8.224
888 82.0 20.357 8.545
900 82.0 20.262 7.146
912 82.0 18.962 8.114
924 82.0 20.714 9.021
936 82.0 19.868 8.140
948 82.0 21.108 8.279
960 82.0 19.052 8.751
972 82.0 20.066 9.285
984 82.0 21.198 7.843
996 82.0 20.501 8.472
960 104.0 24.757 18.885
972 104.0 24.961 18.178
984 104.0 24.974 17.543
996 104.0 24.878 17.153
1008 104.0 25.209 16.501
1020 104.0 25.093 15.837
1032 104.0 25.037 15.018
1044 104.0 25.051 14.511
1056 104.0 24.934 19.099
1068 104.0 25.245 20.242
1080 104.0 24.652 18.222
1092 104.0 24.355 16.843
1104 104.0 24.788 18.974
1116 104.0 23.689 18.663
1128 104.0 24.954 17.269
1140 104.0 25.893 18.873
1152 104.0 24.746 18.627
1164 104.0 23.654 19.261
1176 104.0 26.269 18.549
1188 104.0 23.477 17.206
984 88.0 -21.538 25.825
996 88.0 -21.523 25.460
1008 88.0 -21.536 25.759
1020 88.0 -21.509 25.704
1032 88.0 -21.799 25.714
1044 88.0 -21.745 25.855
1056 88.0 -21.268 25.903
1068 88.0 -21.422 25.743
1080 88.0 -20.626 25.514
1092 88.0 -21.418 24.198
1104 88.0 -21.062 25.841
1116 88.0 -20.791 23.943
1128 88.0 -21.391 26.023
1140 88.0 -21.200 25.757
1152 88.0 -21.939 25.120
1164 88.0 -21.271 25.225
1176 88.0 -21.754 26.483
1188 88.0 -20.824 26.941
1200 88.0 -22.034 25.913
1212 88.0 -20.793 24.382
996 116.0 30.695 -25.918
1008 116.0 29.237 -25.419
1020 116.0 28.838 -25.156
1032 116.0 28.282 -24.937
1044 116.0 27.954 -24.419
1056 116.0 27.449 -24.315
1068 116.0 26.988 -23.789
1080 116.0 26.555 -23.579
1092 116.0 30.996 -26.021
1104 116.0 31.613 -25.741
1116 116.0 30.499 -24.202
1128 116.0 31.880 -24.869
1140 116.0 31.588 -25.654
1152 116.0 30.789 -25.629
1164 116.0 30.027 -27.648
1176 116.0 31.021 -27.224
1188 116.0 31.376 -27.309
1200 116.0 30.959 -27.314
1212 116.0 30.096 -25.076
1224 116.0 30.733 -27.366
1008 83.0 19.219 18.492
1020 83.0 19.354 19.010
1032 83.0 19.356 19.477
1044 83.0 19.506 20.097
1056 83.0 19.673 20.453
1068 83.0 19.740 20.991
1080 83.0 19.442 21.537
1092 83.0 19.901 22.017
1104 83.0 19.592 19.191
1116 83.0 18.798 18.103
1128 83.0 19.472 19.663
1140 83.0 18.470 17.143
1152 83.0 18.794 19.854
1164 83.0 19.798 19.355
1176 83.0 19.038 17.404
1188 83.0 19.552 17.415
1200 83.0 16.992 16.275
1212 83.0 19.808 18.049
1224 83.0 19.714 21.086
1236 83.0 19.822 19.164
1056 84.0 10.560 28.964
1068 84.0 10.077 28.727
1080 84.0 9.735 28.033
1092 84.0 9.582 27.325
1104 84.0 9.165 27.123
1116 84.0 8.644 26.978
1128 84.0 8.202 26.724
1140 84.0 7.560 26.698
1152 84.0 9.775 28.653
1164 84.0 10.553 30.653
1176 84.0 9.182 29.291
1188 84.0 11.126 30.108
1200 84.0 12.412 31.503
1212 84.0 10.463 28.242
1224 84.0 11.661 30.104
1236 84.0 10.641 29.710
1248 84.0 10.938 29.409
1260 84.0 8.565 28.117
1272 84.0 11.032 29.791
1284 84.0 11.424 28.994
1068 45.0 26.334 29.253
1080 45.0 25.785 28.718
1092 45.0 25.770 28.307
1104 45.0 25.907 28.008
1116 45.0 25.846 27.407
1128 45.0 25.641 27.078
1140 45.0 25.670 26.463
1152 45.0 25.523 25.921
1164 45.0 26.276 28.010
1176 45.0 26.368 28.949
1188 45.0 25.603 28.212
1200 45.0 24.526 29.271
1212 45.0 26.059 30.265
1224 45.0 25.955 28.437
1236 45.0 26.859 29.893
1248 45.0 25.803 27.816
1260 45.0 26.433 29.277
1272 45.0 24.668 29.562
1284 45.0 27.166 28.609
1296 45.0 26.684 29.320
1200 105.0 25.160 7.226
1212 105.0 25.204 6.689
1224 105.0 25.252 6.198
1236 105.0 25.250 5.505
1248 105.0 25.322 5.002
1260 105.0 25.257 4.427
1272 105.0 25.208 3.831
1284 105.0 25.201 3.437
1296 105.0 24.627 5.889
1308 105.0 25.069 6.220
1320 105.0 24.784 7.172
1332 105.0 25.294 6.022
1344 105.0 23.932 6.966
1356 105.0 25.606 7.036
1368 105.0 23.978 6.655
1380 105.0 25.353 8.425
1392 105.0 24.342 7.687
1404 105.0 24.925 7.678
1416 105.0 26.676 7.488
1428 105.0 25.213 6.682
1224 89.0 -17.876 25.864
1236 89.0 -17.427 25.987
1248 89.0 -16.952 26.042
1260 89.0 -16.505 26.157
1272 89.0 -16.228 26.220
1284 89.0 -15.819 26.170
1296 89.0 -15.320 26.225
1308 89.0 -14.951 26.294
1320 89.0 -18.028 25.145
1332 89.0 -19.098 25.763
1344 89.0 -18.484 26.637
1356 89.0 -17.462 25.576
1368 89.0 -16.183 25.925
1380 89.0 -18.538 26.432
1392 89.0 -18.017 24.068
1404 89.0 -17.748 24.111
1416 89.0 -18.657 26.713
1428 89.0 -18.722 26.026
1440 89.0 -17.645 26.660
1452 89.0 -16.891 26.346
1236 117.0 22.392 -15.893
1248 117.0 22.308 -15.128
1260 117.0 21.939 -14.326
1272 117.0 21.759 -13.514
1284 117.0 21.363 -12.821
1296 117.0 21.192 -12.041
1308 117.0 21.273 -11.444
1320 117.0 21.038 -10.924
1332 117.0 21.640 -17.725
1344 117.0 22.933 -16.966
1356 117.0 21.521 -16.371
1368 117.0 22.806 -14.306
1380 117.0 23.128 -15.434
1392 117.0 24.072 -14.800
1404 117.0 22.745 -16.941
1416 117.0 22.077 -15.382
1428 117.0 22.373 -16.378
1440 117.0 22.611 -16.453
1452 117.0 23.224 -15.626
1464 117.0 22.139 -15.561
1296 85.0 0.594 25.147
1308 85.0 0.262 24.991
1320 85.0 -0.254 24.843
1332 85.0 -1.044 24.843
1344 85.0 -1.414 24.804
1356 85.0 -1.928 25.150
1368 85.0 -2.606 25.023
1380 85.0 -2.958 24.814
1392 85.0 0.679 26.128
1404 85.0 1.085 25.494
1416 85.0 1.838 24.187
1428 85.0 -0.021 24.109
1440 85.0 0.034 25.369
1452 85.0 0.783 24.250
1464 85.0 1.457 25.060
1476 85.0 0.116 26.380
1488 85.0 1.321 25.348
1500 85.0 -0.515 24.346
1512 85.0 1.644 24.468
1524 85.0 0.126 23.352
1308 46.0 25.658 19.561
1320 46.0 25.646 18.965
1332 46.0 26.109 18.663
1344 46.0 25.941 18.115
1356 46.0 26.093 17.784
1368 46.0 25.860 16.993
1380 46.0 26.354 16.767
1392 46.0 26.081 15.787
1404 46.0 25.429 19.146
1416 46.0 25.876 19.437
1428 46.0 25.143 19.107
1440 46.0 26.254 19.462
1452 46.0 25.200 18.388
1464 46.0 24.808 21.003
1476 46.0 25.950 19.701
1488 46.0 24.654 17.901
1500 46.0 27.778 19.913
1512 46.0 26.536 20.553
1524 46.0 24.876 18.579
1536 46.0 25.219 18.773
1356 108.0 60.703 -25.192
1368 108.0 60.243 -25.201
1380 108.0 59.774 -25.120
1392 108.0 59.365 -25.031
1404 108.0 58.876 -25.167
1416 108.0 58.356 -25.071
1428 108.0 57.677 -25.149
1440 108.0 57.397 -25.120
1452 108.0 60.603 -26.489
1464 108.0 60.226 -24.070
1476 108.0 59.997 -24.726
1488 108.0 59.419 -24.703
1500 108.0 59.701 -24.415
1512 108.0 61.831 -26.282
1524 108.0 59.580 -23.841
1536 108.0 60.090 -24.775
1548 108.0 60.860 -25.682
1560 108.0 61.612 -25.032
1572 108.0 61.382 -25.720
1584 108.0 59.610 -25.752
1356 112.0 24.353 -25.127
1368 112.0 24.510 -24.267
1380 112.0 24.524 -23.854
1392 112.0 24.598 -23.385
1404 112.0 24.446 -22.791
1416 112.0 24.653 -22.645
1428 112.0 24.457 -21.641
1440 112.0 24.320 -21.437
1452 112.0 23.735 -24.770
1464 112.0 24.816 -24.852
1476 112.0 24.635 -25.248
1488 112.0 24.357 -24.889
1500 112.0 26.154 -24.812
1512 112.0 24.330 -25.303
1524 112.0 24.845 -25.947
1536 112.0 23.850 -24.909
1548 112.0 24.104 -24.146
1560 112.0 22.381 -26.238
1572 112.0 24.490 -25.830
1584 112.0 25.763 -26.353
1440 106.0 25.309 -4.026
1452 106.0 25.355 -4.555
1464 106.0 25.142 -5.107
1476 106.0 25.327 -5.640
1488 106.0 25.318 -6.227
1500 106.0 25.342 -6.807
1512 106.0 25.183 -7.506
1524 106.0 25.216 -8.113
1536 106.0 26.364 -2.238
1548 106.0 25.277 -5.436
1560 106.0 25.494 -3.827
1572 106.0 25.838 -3.607
1584 106.0 24.870 -3.590
1596 106.0 24.237 -4.999
1608 106.0 24.837 -3.978
1620 106.0 24.289 -3.917
1632 106.0 27.566 -2.159
1644 106.0 24.368 -3.931
1656 106.0 23.196 -3.663
1668 106.0 25.001 -3.447
1476 118.0 19.964 -3.108
1488 118.0 19.974 -2.615
1500 118.0 19.882 -1.799
1512 118.0 19.971 -1.592
1524 118.0 19.955 -1.473
1536 118.0 19.952 -1.210
1548 118.0 19.958 -0.490
1560 118.0 20.196 0.065
1572 118.0 20.942 -1.851
1584 118.0 19.921 -4.569
1596 118.0 18.650 -4.320
1608 118.0 19.862 -1.848
1620 118.0 20.768 -3.294
1632 118.0 20.855 -3.507
1644 118.0 19.960 -1.813
1656 118.0 18.693 -3.325
1668 118.0 21.548 -3.895
1680 118.0 20.057 -3.874
1692 118.0 19.845 -3.331
1704 118.0 21.856 -3.253
1548 47.0 26.491 10.452
1560 47.0 26.475 9.891
1572 47.0 26.374 9.344
1584 47.0 26.502 8.466
1596 47.0 26.310 7.743
1608 47.0 26.376 7.406
1620 47.0 26.175 6.998
1632 47.0 26.505 6.718
1644 47.0 26.510 9.749
1656 47.0 27.468 10.210
1668 47.0 25.606 10.161
1680 47.0 26.584 10.554
1692 47.0 27.705 10.688
1704 47.0 25.554 9.644
1716 47.0 26.826 11.051
1728 47.0 25.625 10.847
1740 47.0 25.383 10.002
1752 47.0 26.124 10.033
1764 47.0 25.339 11.158
1776 47.0 27.500 11.319
1596 109.0 49.824 -24.674
1608 109.0 49.372 -24.761
1620 109.0 48.807 -24.698
1632 109.0 48.374 -24.598
1644 109.0 47.779 -24.624
1656 109.0 46.658 -24.674
1668 109.0 45.522 -24.440
1680 109.0 44.994 -24.547
1692 109.0 49.572 -25.128
1704 109.0 48.072 -23.449
1716 109.0 50.099 -24.819
1728 109.0 49.120 -24.592
1740 109.0 49.118 -25.058
1752 109.0 49.052 -24.834
1764 109.0 50.382 -24.498
1776 109.0 51.076 -23.154
1788 109.0 50.668 -24.796
1800 109.0 49.885 -25.286
1812 109.0 49.581 -24.030
1824 109.0 50.357 -26.090
1596 113.0 23.879 -12.509
1608 113.0 23.967 -11.854
1620 113.0 23.949 -11.292
1632 113.0 23.946 -10.601
1644 113.0 23.961 -10.096
1656 113.0 23.941 -9.614
1668 113.0 23.780 -8.911
1680 113.0 23.947 -8.377
1692 113.0 25.067 -10.228
1704 113.0 22.932 -11.233
1716 113.0 24.040 -12.883
1728 113.0 25.480 -12.648
1740 113.0 24.525 -11.992
1752 113.0 22.346 -12.723
1764 113.0 24.769 -12.956
1776 113.0 24.161 -11.767
1788 113.0 24.300 -11.897
1800 113.0 23.410 -12.752
1812 113.0 24.180 -12.498
1824 113.0 23.525 -13.003
1680 107.0 25.367 -15.355
1692 107.0 25.398 -15.881
1704 107.0 25.218 -16.710
1716 107.0 24.913 -17.428
1728 107.0 24.838 -18.147
1740 107.0 24.738 -18.574
1752 107.0 24.872 -19.187
1764 107.0 24.794 -19.783
1776 107.0 25.354 -16.299
1788 107.0 24.470 -14.898
1800 107.0 25.217 -15.427
1812 107.0 26.101 -15.914
1824 107.0 25.342 -14.968
1836 107.0 26.620 -14.866
1848 107.0 25.864 -16.172
1860 107.0 24.872 -16.306
1872 107.0 25.484 -15.171
1884 107.0 25.670 -14.614
1896 107.0 25.376 -12.990
1908 107.0 25.732 -15.036
1716 119.0 18.800 7.599
1728 119.0 19.135 8.500
1740 119.0 18.974 8.700
1752 119.0 18.542 10.207
1764 119.0 17.920 11.473
1776 119.0 17.596 12.588
1788 119.0 17.576 13.225
1800 119.0 18.062 13.793
1812 119.0 19.775 8.749
1824 119.0 19.090 8.265
1836 119.0 18.671 6.662
1848 119.0 18.125 6.240
1860 119.0 18.509 8.200
1872 119.0 17.492 6.641
1884 119.0 18.886 8.557
1896 119.0 18.445 7.464
1908 119.0 19.078 8.606
1920 119.0 20.074 6.589
1932 119.0 18.152 5.749
1944 119.0 19.620 7.858
1788 48.0 27.610 0.355
1800 48.0 27.474 0.123
1812 48.0 27.297 -0.474
1824 48.0 27.021 -0.881
1836 48.0 26.582 -1.594
1848 48.0 26.601 -2.000
1860 48.0 26.599 -2.800
1872 48.0 26.015 -2.948
1884 48.0 29.290 -0.346
1896 48.0 28.414 0.001
1908 48.0 27.157 -0.952
1920 48.0 27.044 0.429
1932 48.0 27.909 1.258
1944 48.0 27.363 0.884
1956 48.0 26.332 -0.295
1968 48.0 29.279 2.121
1980 48.0 27.497 -0.435
1992 48.0 26.942 -0.611
2004 48.0 27.382 -0.539
2016 48.0 29.868 0.177
1836 110.0 41.783 -24.545
1848 110.0 41.816 -24.560
1860 110.0 41.607 -24.540
1872 110.0 41.858 -24.424
1884 110.0 41.619 -24.493
1896 110.0 41.562 -24.617
1908 110.0 41.592 -24.653
1920 110.0 41.847 -24.392
1932 110.0 41.518 -25.930
1944 110.0 41.547 -25.452
1956 110.0 42.431 -24.715
1968 110.0 42.017 -26.817
1980 110.0 40.503 -24.761
1992 110.0 41.061 -25.501
2004 110.0 41.098 -23.231
2016 110.0 41.696 -24.463
2028 110.0 41.148 -25.375
2040 110.0 41.951 -22.462
2052 110.0 39.507 -24.748
2064 110.0 43.131 -25.582
1836 114.0 23.601 -0.820
1848 114.0 23.687 -0.246
1860 114.0 23.549 0.166
1872 114.0 23.561 0.884
1884 114.0 23.447 1.506
1896 114.0 23.403 2.075
1908 114.0 23.381 2.836
1920 114.0 23.408 3.390
1932 114.0 22.394 -2.062
1944 114.0 24.230 -1.639
1956 114.0 23.734 0.210
1968 114.0 23.223 -0.261
1980 114.0 23.928 -1.402
1992 114.0 23.128 -1.355
2004 114.0 23.153 -1.457
2016 114.0 23.473 -0.444
2028 114.0 23.291 -0.376
2040 114.0 23.004 -0.224
2052 114.0 23.289 -0.472
2064 114.0 22.106 -0.316
1968 120.0 18.956 -15.945
1980 120.0 18.921 -15.473
1992 120.0 18.990 -14.976
2004 120.0 18.571 -14.210
2016 120.0 18.596 -13.619
2028 120.0 18.670 -13.043
2040 120.0 18.441 -12.261
2052 120.0 18.619 -11.768
2064 120.0 21.210 -15.732
2076 120.0 20.456 -15.620
2088 120.0 18.455 -15.665
2100 120.0 19.578 -15.273
2112 120.0 17.960 -15.742
2124 120.0 18.901 -16.702
2136 120.0 19.122 -16.095
2148 120.0 17.946 -16.075
2160 120.0 18.351 -15.337
2172 120.0 17.813 -16.882
2184 120.0 19.520 -17.162
2196 120.0 17.539 -16.923
2028 49.0 25.898 -8.935
2040 49.0 25.785 -9.297
2052 49.0 25.762 -9.625
2064 49.0 25.657 -9.890
2076 49.0 25.472 -10.394
2088 49.0 25.514 -10.709
2100 49.0 25.398 -11.329
2112 49.0 25.254 -11.513
2124 49.0 26.927 -8.394
2136 49.0 25.502 -8.008
2148 49.0 26.273 -7.501
2160 49.0 24.888 -8.139
2172 49.0 25.500 -8.834
2184 49.0 26.160 -8.104
2196 49.0 24.560 -7.825
2208 49.0 25.128 -11.306
2220 49.0 26.921 -10.845
2232 49.0 26.640 -8.807
2244 49.0 24.900 -9.253
2256 49.0 25.993 -7.952
2076 111.0 37.653 -24.047
2088 111.0 37.058 -23.957
2100 111.0 36.577 -24.270
2112 111.0 36.194 -24.051
2124 111.0 35.605 -24.190
2136 111.0 35.207 -24.109
2148 111.0 34.922 -23.985
2160 111.0 34.467 -24.259
2172 111.0 36.359 -25.035
2184 111.0 37.021 -23.974
2196 111.0 37.640 -24.678
2208 111.0 37.292 -24.274
2220 111.0 37.050 -24.949
2232 111.0 38.988 -23.982
2244 111.0 39.889 -24.711
2256 111.0 37.029 -24.378
2268 111.0 37.629 -25.086
2280 111.0 35.669 -24.821
2292 111.0 37.783 -23.543
2304 111.0 38.004 -24.194
2076 115.0 23.759 11.148
2088 115.0 23.620 11.775
2100 115.0 23.710 12.341
2112 115.0 23.737 12.906
2124 115.0 23.854 13.654
2136 115.0 23.839 14.229
2148 115.0 23.804 14.823
2160 115.0 23.829 15.428
2172 115.0 23.854 12.785
2184 115.0 24.742 10.070
2196 115.0 22.844 12.437
2208 115.0 23.154 11.357
2220 115.0 23.573 10.102
2232 115.0 23.275 10.613
2244 115.0 25.472 12.466
2256 115.0 23.517 10.164
2268 115.0 23.307 10.782
2280 115.0 23.336 10.810
2292 115.0 24.589 10.372
2304 115.0 23.696 10.410
2208 121.0 18.883 -3.795
2220 121.0 18.719 -3.010
2232 121.0 18.700 -2.606
2244 121.0 18.820 -1.925
2256 121.0 18.649 -1.462
2268 121.0 18.461 -0.871
2280 121.0 18.516 -0.196
2292 121.0 18.452 0.192
2304 121.0 18.683 -1.645
2316 121.0 18.790 -4.836
2328 121.0 17.182 -5.441
2340 121.0 21.684 -2.851
2352 121.0 18.219 -4.878
2364 121.0 19.207 -4.155
2376 121.0 18.774 -3.585
2388 121.0 17.992 -4.265
2400 121.0 19.292 -3.646
2412 121.0 18.610 -3.306
2424 121.0 17.406 -6.170
2436 121.0 18.836 -3.990
2268 50.0 23.389 -10.844
2280 50.0 23.318 -10.437
2292 50.0 22.806 -10.050
2304 50.0 22.682 -9.676
2316 50.0 22.586 -9.383
2328 50.0 22.256 -8.964
2340 50.0 22.090 -8.555
2352 50.0 21.813 -8.121
2364 50.0 23.557 -11.870
2376 50.0 24.727 -12.074
2388 50.0 22.237 -12.341
2400 50.0 24.673 -13.578
2412 50.0 23.023 -11.553
2424 50.0 24.269 -9.535
2436 50.0 23.661 -12.668
2448 50.0 22.525 -9.976
2460 50.0 24.009 -11.897
2472 50.0 24.323 -11.440
2484 50.0 24.725 -11.145
2496 50.0 23.656 -11.248
2376 128.0 -6.905 24.883
2388 128.0 -6.924 25.223
2400 128.0 -6.857 25.596
2412 128.0 -6.849 25.477
2424 128.0 -6.696 25.878
2436 128.0 -6.302 25.953
2448 128.0 -5.633 26.079
2460 128.0 -5.323 25.903
2472 128.0 -6.734 24.720
2484 128.0 -4.318 23.984
2496 128.0 -7.509 24.933
2508 128.0 -7.165 24.778
2520 128.0 -6.450 25.304
2532 128.0 -6.530 25.140
2544 128.0 -5.722 26.883
2556 128.0 -7.755 25.219
2568 128.0 -7.619 24.778
2580 128.0 -6.843 24.374
2592 128.0 -7.223 24.488
2604 128.0 -5.963 25.332
2448 122.0 17.571 7.700
2460 122.0 17.850 8.398
2472 122.0 17.668 8.824
2484 122.0 17.520 9.328
2496 122.0 17.566 10.059
2508 122.0 17.714 10.391
2520 122.0 17.887 11.051
2532 122.0 17.776 11.449
2544 122.0 16.568 5.830
2556 122.0 17.618 7.246
2568 122.0 16.727 7.218
2580 122.0 16.360 8.126
2592 122.0 16.762 8.101
2604 122.0 18.030 8.145
2616 122.0 17.729 8.521
2628 122.0 17.244 6.243
2640 122.0 18.260 7.730
2652 122.0 18.047 9.284
2664 122.0 17.541 7.826
2676 122.0 17.436 5.887
2448 124.0 46.614 30.404
2460 124.0 46.604 30.277
2472 124.0 47.040 29.698
2484 124.0 47.539 29.377
2496 124.0 48.013 28.897
2508 124.0 48.398 28.509
2520 124.0 48.632 28.091
2532 124.0 48.887 27.749
2544 124.0 45.659 30.186
2556 124.0 46.419 30.105
2568 124.0 46.943 29.987
2580 124.0 46.530 32.061
2592 124.0 46.219 31.793
2604 124.0 47.652 31.292
2616 124.0 46.506 30.838
2628 124.0 47.230 29.254
2640 124.0 47.327 30.241
2652 124.0 46.926 30.867
2664 124.0 46.257 29.824
2676 124.0 46.310 30.443
2448 126.0 45.101 29.528
2460 126.0 45.060 29.426
2472 126.0 45.849 29.024
2484 126.0 45.961 28.790
2496 126.0 46.283 28.329
2508 126.0 46.589 27.932
2520 126.0 47.397 27.512
2532 126.0 47.805 27.250
2544 126.0 46.614 30.018
2556 126.0 46.049 28.856
2568 126.0 45.953 29.084
2580 126.0 45.675 31.358
2592 126.0 44.430 30.239
2604 126.0 44.644 28.482
2616 126.0 43.705 29.339
2628 126.0 45.206 29.486
2640 126.0 44.350 27.481
2652 126.0 45.266 30.473
2664 126.0 45.344 29.840
2676 126.0 43.711 29.789
2460 130.0 8.725 29.072
2472 130.0 8.302 28.515
2484 130.0 7.716 28.328
2496 130.0 6.993 27.739
2508 130.0 6.507 27.834
2520 130.0 6.011 27.539
2532 130.0 5.458 27.522
2544 130.0 4.767 27.862
2556 130.0 8.545 28.059
2568 130.0 9.891 29.507
2580 130.0 8.838 29.575
2592 130.0 8.930 29.137
2604 130.0 9.523 29.508
2616 130.0 10.854 28.335
2628 130.0 7.428 29.237
2640 130.0 8.214 28.075
2652 130.0 10.275 28.878
2664 130.0 8.745 28.630
2676 130.0 8.825 28.209
2688 130.0 10.340 28.458
2508 51.0 20.276 -1.236
2520 51.0 20.087 -1.150
2532 51.0 20.165 -0.688
2544 51.0 20.087 -0.325
2556 51.0 20.062 -0.018
2568 51.0 20.043 0.350
2580 51.0 20.254 0.552
2592 51.0 20.358 1.146
2604 51.0 20.310 -0.518
2616 51.0 18.480 -0.962
2628 51.0 20.444 -0.454
2640 51.0 20.813 -1.148
2652 51.0 21.975 0.247
2664 51.0 20.344 -1.807
2676 51.0 21.467 -1.745
2688 51.0 20.139 -0.799
2700 51.0 22.094 -1.003
2712 51.0 20.791 -0.642
2724 51.0 22.233 -0.090
2736 51.0 19.149 -2.337
2580 54.0 27.115 -25.782
2592 54.0 26.618 -25.130
2604 54.0 26.291 -24.624
2616 54.0 26.152 -24.240
2628 54.0 25.913 -23.838
2640 54.0 25.733 -23.177
2652 54.0 25.604 -22.702
2664 54.0 25.697 -22.298
2676 54.0 26.097 -26.314
2688 54.0 26.993 -26.449
2700 54.0 27.001 -27.655
2712 54.0 26.398 -24.020
2724 54.0 27.353 -24.459
2736 54.0 26.871 -25.720
2748 54.0 26.669 -25.153
2760 54.0 28.235 -25.814
2772 54.0 25.912 -25.207
2784 54.0 27.732 -26.609
2796 54.0 27.113 -27.143
2808 54.0 26.519 -24.723
2616 129.0 0.888 25.596
2628 129.0 1.243 25.469
2640 129.0 1.987 25.689
2652 129.0 2.251 25.830
2664 129.0 2.721 25.945
2676 129.0 3.349 26.094
2688 129.0 3.816 26.036
2700 129.0 4.131 26.201
2712 129.0 0.513 27.099
2724 129.0 1.669 25.637
2736 129.0 1.944 25.197
2748 129.0 0.132 25.777
2760 129.0 1.771 25.975
2772 129.0 1.313 24.762
2784 129.0 0.398 25.961
2796 129.0 2.013 24.297
2808 129.0 0.191 25.439
2820 129.0 -0.649 25.066
2832 129.0 1.320 26.754
2844 129.0 1.261 25.833
2688 123.0 18.613 18.556
2700 123.0 18.764 19.241
2712 123.0 18.724 19.952
2724 123.0 18.851 20.634
2736 123.0 18.784 20.846
2748 123.0 18.854 21.737
2760 123.0 18.747 21.967
2772 123.0 18.445 22.637
2784 123.0 19.743 18.462
2796 123.0 18.195 17.747
2808 123.0 19.324 18.506
2820 123.0 19.064 17.925
2832 123.0 18.794 17.173
2844 123.0 17.819 18.336
2856 123.0 19.994 17.987
2868 123.0 18.497 18.002
2880 123.0 17.402 20.108
2892 123.0 18.997 18.598
2904 123.0 18.253 16.753
2916 123.0 18.011 18.410
2688 125.0 54.119 22.545
2700 125.0 54.726 22.060
2712 125.0 55.238 21.877
2724 125.0 55.447 21.496
2736 125.0 56.047 20.812
2748 125.0 56.476 20.306
2760 125.0 56.948 19.908
2772 125.0 57.349 19.574
2784 125.0 54.418 20.781
2796 125.0 52.434 22.549
2808 125.0 55.133 23.470
2820 125.0 54.523 22.397
2832 125.0 53.610 21.060
2844 125.0 52.448 21.954
2856 125.0 54.114 23.236
2868 125.0 55.615 22.761
2880 125.0 54.060 21.392
2892 125.0 54.534 22.001
2904 125.0 54.749 24.164
2916 125.0 53.911 21.333
2688 127.0 53.644 21.816
2700 127.0 54.362 21.426
2712 127.0 54.675 21.125
2724 127.0 55.129 20.495
2736 127.0 55.554 20.317
2748 127.0 56.291 19.758
2760 127.0 56.521 19.432
2772 127.0 56.794 18.905
2784 127.0 54.162 22.376
2796 127.0 53.642 20.979
2808 127.0 53.764 20.808
2820 127.0 54.283 21.334
2832 127.0 53.291 24.381
2844 127.0 54.151 21.800
2856 127.0 52.453 22.368
2868 127.0 54.093 22.321
2880 127.0 52.490 20.850
2892 127.0 52.654 22.827
2904 127.0 55.501 21.220
2916 127.0 53.454 20.930
2700 131.0 -2.443 26.559
2712 131.0 -3.372 26.575
2724 131.0 -3.925 26.413
2736 131.0 -4.246 26.339
2748 131.0 -4.850 26.374
2760 131.0 -5.338 26.235
2772 131.0 -5.794 26.523
2784 131.0 -6.085 26.319
2796 131.0 -3.401 27.189
2808 131.0 -2.731 26.610
2820 131.0 -3.183 28.647
2832 131.0 -1.720 27.124
2844 131.0 -2.445 27.370
2856 131.0 -1.833 27.768
2868 131.0 -3.078 26.808
2880 131.0 -2.108 26.872
2892 131.0 -1.330 26.927
2904 131.0 -3.392 26.148
2916 131.0 -1.683 25.959
2928 131.0 -4.191 27.835
2748 52.0 19.889 7.307
2760 52.0 19.961 7.845
2772 52.0 19.962 8.301
2784 52.0 19.913 8.883
2796 52.0 19.882 9.399
2808 52.0 19.822 9.939
2820 52.0 19.989 10.155
2832 52.0 19.921 10.673
2844 52.0 20.521 7.023
2856 52.0 18.010 7.267
2868 52.0 18.993 6.703
2880 52.0 21.121 7.505
2892 52.0 20.264 7.040
2904 52.0 20.163 7.146
2916 52.0 20.511 6.936
2928 52.0 20.109 6.790
2940 52.0 20.121 7.757
2952 52.0 18.985 8.490
2964 52.0 20.594 7.068
2976 52.0 21.066 7.452
2820 55.0 21.915 -16.419
2832 55.0 21.759 -15.912
2844 55.0 21.425 -15.460
2856 55.0 21.424 -15.137
2868 55.0 21.296 -14.592
2880 55.0 21.272 -14.198
2892 55.0 21.027 -13.722
2904 55.0 21.022 -12.964
2916 55.0 22.625 -17.015
2928 55.0 23.731 -15.016
2940 55.0 22.950 -15.426
2952 55.0 22.779 -15.796
2964 55.0 24.353 -16.180
2976 55.0 22.184 -17.535
2988 55.0 22.903 -16.240
3000 55.0 20.401 -14.799
3012 55.0 21.293 -17.139
3024 55.0 21.952 -15.507
3036 55.0 20.230 -15.812
3048 55.0 20.601 -15.816
2988 53.0 19.830 16.959
3000 53.0 19.953 17.477
3012 53.0 19.732 17.774
3024 53.0 19.739 18.413
3036 53.0 19.830 18.830
3048 53.0 19.798 19.408
3060 53.0 19.808 19.841
3072 53.0 19.665 20.217
3084 53.0 19.902 16.656
3096 53.0 19.458 16.672
3108 53.0 21.195 16.949
3120 53.0 19.094 17.150
3132 53.0 19.854 17.470
3144 53.0 18.909 16.767
3156 53.0 19.379 18.001
3168 53.0 19.522 16.209
3180 53.0 19.672 16.867
3192 53.0 20.044 16.617
3204 53.0 18.204 16.934
3216 53.0 21.349 18.124
3060 56.0 19.337 -6.629
3072 56.0 19.298 -6.294
3084 56.0 19.409 -5.839
3096 56.0 19.309 -5.136
3108 56.0 19.319 -4.869
3120 56.0 19.229 -4.219
3132 56.0 19.247 -3.800
3144 56.0 19.175 -3.328
3156 56.0 19.292 -6.531
3168 56.0 19.414 -6.364
3180 56.0 18.384 -6.016
3192 56.0 17.632 -6.838
3204 56.0 19.285 -6.876
3216 56.0 19.395 -6.114
3228 56.0 18.248 -7.220
3240 56.0 18.853 -6.308
3252 56.0 18.620 -7.356
3264 56.0 19.440 -6.234
3276 56.0 20.905 -8.154
3288 56.0 19.108 -6.464
3084 0.0 59.296 -25.662
3096 0.0 57.344 -25.621
3108 0.0 55.485 -25.567
3120 0.0 53.721 -25.663
3132 0.0 51.762 -25.778
3144 0.0 49.823 -25.609
3156 0.0 48.084 -25.614
3168 0.0 46.221 -25.754
3180 0.0 59.105 -25.578
3192 0.0 60.049 -26.578
3204 0.0 60.644 -24.929
3216 0.0 58.676 -25.640
3228 0.0 58.701 -27.042
3240 0.0 59.181 -26.045
3252 0.0 58.982 -25.217
3264 0.0 60.156 -26.451
3276 0.0 59.870 -25.960
3288 0.0 59.062 -26.166
3300 0.0 58.938 -25.978
3312 0.0 59.236 -25.429
3300 57.0 19.088 2.883
3312 57.0 19.091 3.438
3324 57.0 19.033 3.795
3336 57.0 19.050 4.336
3348 57.0 18.994 4.795
3360 57.0 18.967 5.448
3372 57.0 18.910 5.829
3384 57.0 18.941 6.276
3396 57.0 17.849 2.735
3408 57.0 19.224 2.613
3420 57.0 19.399 3.155
3432 57.0 19.281 4.105
3444 57.0 17.881 1.583
3456 57.0 19.295 1.584
3468 57.0 18.628 3.374
3480 57.0 18.889 3.451
3492 57.0 19.731 2.841
3504 57.0 19.195 2.103
3516 57.0 17.839 5.550
3528 57.0 18.833 3.402
3372 12.0 21.289 -24.847
3384 12.0 21.098 -24.601
3396 12.0 21.364 -23.921
3408 12.0 21.167 -23.580
3420 12.0 21.156 -23.289
3432 12.0 21.202 -22.694
3444 12.0 21.331 -22.146
3456 12.0 21.227 -22.004
3468 12.0 21.394 -23.791
3480 12.0 18.819 -26.890
3492 12.0 20.787 -23.895
3504 12.0 21.730 -24.264
3516 12.0 20.413 -23.963
3528 12.0 22.175 -24.355
3540 12.0 21.813 -24.268
3552 12.0 21.312 -24.726
3564 12.0 21.272 -25.364
3576 12.0 21.990 -25.551
3588 12.0 22.133 -25.297
3600 12.0 20.790 -25.298
3396 7.0 20.010 -24.326
3408 7.0 19.750 -23.645
3420 7.0 19.786 -23.660
3432 7.0 19.466 -22.757
3444 7.0 19.702 -22.393
3456 7.0 19.509 -21.693
3468 7.0 19.399 -21.440
3480 7.0 19.392 -20.811
3492 7.0 22.268 -24.261
3504 7.0 20.753 -24.068
3516 7.0 19.827 -25.449
3528 7.0 20.966 -23.136
3540 7.0 19.810 -24.253
3552 7.0 19.821 -22.857
3564 7.0 21.815 -24.252
3576 7.0 19.099 -23.171
3588 7.0 19.877 -25.115
3600 7.0 18.274 -24.480
3612 7.0 17.955 -24.417
3624 7.0 19.904 -24.918
3612 13.0 21.509 -15.750
3624 13.0 21.590 -15.576
3636 13.0 21.820 -14.834
3648 13.0 21.434 -14.401
3660 13.0 21.650 -13.932
3672 13.0 21.440 -13.480
3684 13.0 21.794 -12.877
3696 13.0 21.479 -12.395
3708 13.0 22.747 -15.950
3720 13.0 20.510 -17.481
3732 13.0 20.593 -16.546
3744 13.0 22.177 -14.930
3756 13.0 21.444 -14.156
3768 13.0 22.629 -16.433
3780 13.0 21.222 -15.199
3792 13.0 21.850 -15.686
3804 13.0 21.401 -15.733
3816 13.0 20.994 -16.372
3828 13.0 20.965 -14.856
3840 13.0 20.527 -15.181
3636 8.0 20.253 -14.795
3648 8.0 20.294 -14.269
3660 8.0 20.541 -13.614
3672 8.0 20.639 -12.977
3684 8.0 20.769 -12.976
3696 8.0 20.454 -12.336
3708 8.0 20.625 -12.050
3720 8.0 20.741 -11.822
3732 8.0 18.898 -14.016
3744 8.0 18.807 -15.668
3756 8.0 20.304 -15.218
3768 8.0 19.704 -13.843
3780 8.0 21.799 -14.699
3792 8.0 19.723 -16.252
3804 8.0 21.353 -16.335
3816 8.0 20.559 -16.826
3828 8.0 20.628 -13.874
3840 8.0 21.740 -15.051
3852 8.0 19.814 -15.155
3864 8.0 20.665 -15.144
3852 14.0 21.748 -6.412
3864 14.0 21.827 -6.355
3876 14.0 21.535 -5.360
3888 14.0 21.696 -5.239
3900 14.0 21.550 -4.514
3912 14.0 21.738 -4.276
3924 14.0 21.374 -3.857
3936 14.0 21.464 -3.590
3948 14.0 22.364 -6.044
3960 14.0 20.073 -7.750
3972 14.0 21.236 -6.026
3984 14.0 21.804 -6.396
3996 14.0 20.602 -7.637
4008 14.0 20.620 -7.419
4020 14.0 22.205 -7.735
4032 14.0 20.847 -5.738
4044 14.0 21.589 -7.121
4056 14.0 23.578 -6.515
4068 14.0 22.350 -6.009
4080 14.0 22.309 -7.249
3876 9.0 20.563 -5.853
3888 9.0 20.612 -5.199
3900 9.0 20.416 -4.670
3912 9.0 20.427 -4.173
3924 9.0 20.442 -3.726
3936 9.0 20.448 -3.264
3948 9.0 20.487 -2.764
3960 9.0 20.377 -2.444
3972 9.0 19.084 -5.538
3984 9.0 19.924 -5.873
3996 9.0 21.173 -7.200
4008 9.0 21.846 -3.994
4020 9.0 20.037 -4.770
4032 9.0 20.629 -6.639
4044 9.0 18.776 -4.840
4056 9.0 20.600 -6.831
4068 9.0 21.097 -7.648
4080 9.0 21.366 -5.662
4092 9.0 20.475 -5.150
4104 9.0 21.056 -5.509
3924 17.0 23.985 29.881
3936 17.0 23.766 29.478
3948 17.0 23.895 28.982
3960 17.0 23.794 28.584
3972 17.0 24.145 27.776
3984 17.0 23.752 27.449
3996 17.0 23.893 26.595
4008 17.0 24.037 26.638
4020 17.0 23.313 30.569
4032 17.0 24.127 28.862
4044 17.0 23.388 28.538
4056 17.0 23.997 30.028
4068 17.0 23.968 30.231
4080 17.0 24.944 30.539
4092 17.0 24.497 28.096
4104 17.0 25.423 29.727
4116 17.0 24.078 29.155
4128 17.0 23.865 29.849
4140 17.0 24.190 28.827
4152 17.0 22.746 29.708
3924 22.0 25.148 30.002
3936 22.0 25.223 29.589
3948 22.0 25.463 28.858
3960 22.0 25.510 28.790
3972 22.0 25.703 28.329
3984 22.0 25.920 27.752
3996 22.0 25.817 26.935
4008 22.0 26.065 26.526
4020 22.0 25.306 30.483
4032 22.0 24.470 29.651
4044 22.0 25.693 30.868
4056 22.0 25.556 30.539
4068 22.0 25.050 30.081
4080 22.0 26.083 30.487
4092 22.0 24.933 30.091
4104 22.0 24.133 28.587
4116 22.0 24.276 30.368
4128 22.0 24.301 30.217
4140 22.0 26.722 31.418
4152 22.0 23.465 27.918
4092 15.0 21.358 3.470
4104 15.0 21.471 3.943
4116 15.0 21.470 4.537
4128 15.0 21.444 5.008
4140 15.0 21.613 5.637
4152 15.0 21.347 6.276
4164 15.0 21.426 6.950
4176 15.0 21.466 7.455
4188 15.0 20.139 3.866
4200 15.0 21.580 3.971
4212 15.0 21.871 3.939
4224 15.0 22.504 1.577
4236 15.0 21.171 3.596
4248 15.0 23.938 2.876
4260 15.0 19.896 4.191
4272 15.0 20.331 4.224
4284 15.0 20.641 2.514
4296 15.0 20.096 3.926
4308 15.0 20.751 3.582
4320 15.0 20.661 3.563
4116 10.0 19.334 4.081
4128 10.0 19.414 4.405
4140 10.0 19.403 5.098
4152 10.0 19.299 5.584
4164 10.0 18.931 6.371
4176 10.0 19.115 6.445
4188 10.0 18.656 7.224
4200 10.0 19.124 7.738
4212 10.0 18.149 4.189
4224 10.0 20.139 4.920
4236 10.0 20.495 3.160
4248 10.0 18.988 3.588
4260 10.0 19.197 4.603
4272 10.0 19.651 5.115
4284 10.0 19.480 4.549
4296 10.0 20.047 4.083
4308 10.0 18.245 2.550
4320 10.0 20.001 5.312
4332 10.0 19.327 3.558
4344 10.0 20.131 4.833
4164 18.0 24.011 18.204
4176 18.0 24.110 17.892
4188 18.0 24.077 17.453
4200 18.0 24.092 17.063
4212 18.0 23.955 16.671
4224 18.0 24.050 16.327
4236 18.0 23.885 15.976
4248 18.0 23.875 15.578
4260 18.0 24.557 16.688
4272 18.0 25.144 18.008
4284 18.0 22.736 17.217
4296 18.0 23.298 19.022
4308 18.0 22.763 18.145
4320 18.0 24.277 17.351
4332 18.0 23.625 17.870
4344 18.0 23.556 18.013
4356 18.0 25.169 17.476
4368 18.0 23.871 19.308
4380 18.0 24.200 18.132
4392 18.0 24.272 18.060
4164 23.0 25.981 20.753
4176 23.0 25.667 20.680
4188 23.0 25.413 19.701
4200 23.0 25.700 18.920
4212 23.0 25.617 18.639
4224 23.0 25.924 18.273
4236 23.0 25.655 17.993
4248 23.0 25.738 17.223
4260 23.0 26.198 20.802
4272 23.0 26.119 21.350
4284 23.0 25.267 20.031
4296 23.0 28.197 21.495
4308 23.0 25.569 20.783
4320 23.0 25.462 20.569
4332 23.0 26.213 21.347
4344 23.0 26.514 20.289
4356 23.0 26.269 21.272
4368 23.0 25.203 21.143
4380 23.0 26.853 21.845
4392 23.0 24.748 20.314
4332 16.0 21.021 13.477
4344 16.0 21.033 13.689
4356 16.0 21.108 14.209
4368 16.0 21.026 14.675
4380 16.0 21.220 14.875
4392 16.0 20.924 15.460
4404 16.0 21.047 15.965
4416 16.0 20.976 16.296
4428 16.0 19.951 12.086
4440 16.0 22.331 12.484
4452 16.0 20.163 13.722
4464 16.0 21.353 15.141
4476 16.0 20.211 12.596
4488 16.0 19.425 13.233
4500 16.0 22.333 14.572
4512 16.0 20.246 12.918
4524 16.0 21.236 13.570
4536 16.0 19.913 13.922
4548 16.0 20.559 12.397
4560 16.0 20.819 13.491
4356 11.0 18.938 12.863
4368 11.0 18.927 13.377
4380 11.0 18.979 13.856
4392 11.0 18.692 14.330
4404 11.0 18.764 14.852
4416 11.0 18.685 15.545
4428 11.0 18.779 15.829
4440 11.0 18.718 16.373
4452 11.0 16.913 12.388
4464 11.0 17.576 11.857
4476 11.0 16.018 11.880
4488 11.0 17.624 12.570
4500 11.0 18.279 13.645
4512 11.0 18.913 13.208
4524 11.0 18.590 12.828
4536 11.0 20.404 13.405
4548 11.0 17.346 12.946
4560 11.0 21.074 13.278
4572 11.0 18.977 13.994
4584 11.0 20.360 13.968
4404 19.0 23.942 9.267
4416 19.0 23.969 8.803
4428 19.0 23.951 8.066
4440 19.0 23.896 7.533
4452 19.0 24.210 7.069
4464 19.0 24.259 6.670
4476 19.0 24.268 6.185
4488 19.0 24.220 5.340
4500 19.0 24.827 9.275
4512 19.0 23.616 8.301
4524 19.0 22.538 6.690
4536 19.0 23.513 9.998
4548 19.0 23.599 9.964
4560 19.0 22.694 8.694
4572 19.0 24.711 10.367
4584 19.0 24.395 9.835
4596 19.0 23.919 11.747
4608 19.0 24.280 7.710
4620 19.0 24.729 9.616
4632 19.0 26.506 9.382
4404 24.0 26.531 10.302
4416 24.0 26.500 9.740
4428 24.0 26.377 9.148
4440 24.0 26.538 8.623
4452 24.0 26.336 8.127
4464 24.0 26.665 7.597
4476 24.0 26.490 7.089
4488 24.0 26.408 6.422
4500 24.0 25.447 10.329
4512 24.0 25.460 9.675
4524 24.0 26.104 8.779
4536 24.0 27.174 11.093
4548 24.0 25.336 11.331
4560 24.0 27.036 9.863
4572 24.0 27.134 10.934
4584 24.0 27.693 9.866
4596 24.0 23.834 10.654
4608 24.0 27.618 12.429
4620 24.0 25.836 10.938
4632 24.0 26.582 11.506
4644 20.0 24.262 -1.247
4656 20.0 24.326 -1.779
4668 20.0 24.265 -2.205
4680 20.0 24.339 -2.877
4692 20.0 24.262 -3.406
4704 20.0 24.211 -3.877
4716 20.0 24.253 -4.416
4728 20.0 24.292 -4.915
4740 20.0 24.253 -0.808
4752 20.0 22.722 -1.141
4764 20.0 23.433 -2.533
4776 20.0 26.135 -0.255
4788 20.0 24.211 -1.491
4800 20.0 24.651 -0.818
4812 20.0 25.697 -0.462
4824 20.0 26.406 -1.286
4836 20.0 23.754 -1.993
4848 20.0 25.252 -1.713
4860 20.0 24.260 -1.616
4872 20.0 24.859 -2.093
4644 25.0 26.401 -0.623
4656 25.0 26.397 -1.083
4668 25.0 26.477 -1.639
4680 25.0 26.388 -2.259
4692 25.0 26.195 -2.768
4704 25.0 26.414 -3.083
4716 25.0 26.418 -3.626
4728 25.0 26.249 -4.153
4740 25.0 27.448 -1.773
4752 25.0 25.450 -1.011
4764 25.0 24.339 -0.520
4776 25.0 26.313 1.040
4788 25.0 26.107 -0.883
4800 25.0 26.521 -0.848
4812 25.0 25.577 -0.449
4824 25.0 26.503 -0.923
4836 25.0 26.966 -0.257
4848 25.0 27.658 -0.915
4860 25.0 27.645 0.315
4872 25.0 26.685 -1.435
4884 21.0 24.131 -11.449
4896 21.0 24.188 -12.156
4908 21.0 24.313 -12.633
4920 21.0 24.525 -13.029
4932 21.0 24.520 -13.497
4944 21.0 24.287 -14.033
4956 21.0 24.320 -14.704
4968 21.0 24.305 -15.357
4980 21.0 24.607 -11.984
4992 21.0 24.865 -12.458
5004 21.0 23.928 -12.001
5016 21.0 23.904 -10.830
5028 21.0 24.382 -11.671
5040 21.0 23.242 -10.803
5052 21.0 24.959 -12.549
5064 21.0 23.332 -11.237
5076 21.0 23.773 -13.832
5088 21.0 23.525 -10.401
5100 21.0 24.565 -11.621
5112 21.0 25.059 -11.791
4884 26.0 26.200 -11.029
4896 26.0 26.455 -11.708
4908 26.0 26.639 -12.095
4920 26.0 26.328 -12.860
4932 26.0 26.423 -13.102
4944 26.0 26.253 -13.581
4956 26.0 26.203 -14.203
4968 26.0 26.382 -14.603
4980 26.0 26.861 -11.600
4992 26.0 26.460 -12.952
5004 26.0 25.979 -9.469
5016 26.0 26.126 -12.237
5028 26.0 26.307 -12.054
5040 26.0 26.773 -10.277
5052 26.0 26.637 -11.700
5064 26.0 26.103 -9.961
5076 26.0 26.177 -10.570
5088 26.0 26.936 -10.877
5100 26.0 25.957 -11.300
5112 26.0 24.038 -11.962
5064 34.0 8.944 30.008
5076 34.0 8.673 29.477
5088 34.0 8.558 29.095
5100 34.0 8.395 28.798
5112 34.0 8.306 28.349
5124 34.0 7.976 28.062
5136 34.0 7.608 27.853
5148 34.0 7.474 27.539
5160 34.0 9.712 30.433
5172 34.0 9.088 30.494
5184 34.0 8.715 30.008
5196 34.0 8.719 29.692
5208 34.0 8.301 29.078
5220 34.0 8.270 31.159
5232 34.0 9.518 28.774
5244 34.0 8.509 29.210
5256 34.0 7.424 30.152
5268 34.0 8.874 30.722
5280 34.0 10.120 29.396
5292 34.0 8.766 29.505
5196 27.0 25.199 30.586
5208 27.0 25.112 29.777
5220 27.0 25.510 29.450
5232 27.0 25.155 28.287
5244 27.0 25.255 27.780
5256 27.0 25.250 27.409
5268 27.0 25.085 26.886
5280 27.0 25.300 26.157
5292 27.0 26.394 29.670
5304 27.0 24.072 30.254
5316 27.0 24.067 29.419
5328 27.0 24.961 29.048
5340 27.0 25.043 28.057
5352 27.0 24.714 31.040
5364 27.0 23.729 31.068
5376 27.0 24.572 29.858
5388 27.0 25.861 30.655
5400 27.0 25.726 31.473
5412 27.0 25.869 30.687
5424 27.0 25.022 29.883
5304 35.0 1.704 26.300
5316 35.0 1.177 26.241
5328 35.0 0.735 26.160
5340 35.0 0.045 26.452
5352 35.0 -0.360 26.027
5364 35.0 -0.931 26.149
5376 35.0 -1.432 26.172
5388 35.0 -1.723 26.155
5400 35.0 3.976 26.275
5412 35.0 2.291 25.913
5424 35.0 1.862 26.428
5436 35.0 2.266 27.006
5448 35.0 3.828 26.936
5460 35.0 2.538 25.757
5472 35.0 0.208 26.511
5484 35.0 0.924 25.319
5496 35.0 0.769 26.163
5508 35.0 0.873 25.881
5520 35.0 0.884 26.158
5532 35.0 1.561 26.439
5436 28.0 25.778 16.763
5448 28.0 25.846 15.995
5460 28.0 25.863 15.464
5472 28.0 25.941 14.759
5484 28.0 25.902 14.048
5496 28.0 25.855 13.291
5508 28.0 25.607 12.606
5520 28.0 25.664 12.083
5532 28.0 25.648 18.041
5544 28.0 25.643 16.234
5556 28.0 25.187 16.231
5568 28.0 26.669 16.449
5580 28.0 25.316 18.445
5592 28.0 25.994 17.669
5604 28.0 26.076 16.397
5616 28.0 26.374 16.668
5628 28.0 25.413 16.423
5640 28.0 25.866 16.209
5652 28.0 27.486 16.451
5664 28.0 26.613 16.045
5544 36.0 -7.705 26.420
5556 36.0 -8.130 26.315
5568 36.0 -8.261 26.304
5580 36.0 -8.573 26.172
5592 36.0 -8.856 26.223
5604 36.0 -9.560 26.059
5616 36.0 -10.368 26.142
5628 36.0 -11.109 26.081
5640 36.0 -8.217 25.932
5652 36.0 -8.754 26.484
5664 36.0 -8.723 26.141
5676 36.0 -7.215 26.874
5688 36.0 -7.452 25.750
5700 36.0 -7.802 25.349
5712 36.0 -7.578 25.597
5724 36.0 -9.504 26.674
5736 36.0 -7.454 26.653
5748 36.0 -10.004 25.636
5760 36.0 -7.717 26.855
5772 36.0 -7.257 26.757
5676 29.0 24.415 3.822
5688 29.0 24.482 3.144
5700 29.0 24.579 2.394
5712 29.0 24.469 1.936
5724 29.0 24.745 1.307
5736 29.0 24.823 0.572
5748 29.0 24.820 -0.030
5760 29.0 24.967 -0.918
5772 29.0 24.953 2.581
5784 29.0 23.275 4.643
5796 29.0 23.667 3.839
5808 29.0 25.647 4.272
5820 29.0 24.730 2.595
5832 29.0 22.582 2.631
5844 29.0 25.099 3.341
5856 29.0 23.169 3.647
5868 29.0 23.708 4.071
5880 29.0 23.602 4.118
5892 29.0 24.575 3.058
5904 29.0 24.502 4.065
5916 30.0 25.839 -9.718
5928 30.0 25.706 -10.323
5940 30.0 25.909 -11.565
5952 30.0 25.907 -11.501
5964 30.0 26.014 -12.252
5976 30.0 25.720 -13.273
5988 30.0 26.064 -13.805
6000 30.0 25.743 -14.454
6012 30.0 26.774 -9.127
6024 30.0 25.980 -9.438
6036 30.0 25.304 -9.974
6048 30.0 26.635 -11.749
6060 30.0 25.564 -9.896
6072 30.0 24.938 -10.195
6084 30.0 26.888 -10.079
6096 30.0 25.340 -10.740
6108 30.0 25.870 -10.223
6120 30.0 25.776 -8.010
6132 30.0 25.563 -9.890
6144 30.0 25.146 -9.297
6276 31.0 57.289 -25.645
6288 31.0 57.073 -25.637
6300 31.0 56.322 -25.731
6312 31.0 55.689 -25.637
6324 31.0 55.437 -25.579
6336 31.0 54.882 -25.874
6348 31.0 54.120 -25.508
6360 31.0 53.875 -25.568
6372 31.0 56.918 -24.556
6384 31.0 57.202 -25.573
6396 31.0 59.387 -26.122
6408 31.0 58.784 -26.624
6420 31.0 57.624 -27.006
6432 31.0 57.452 -25.437
6444 31.0 57.478 -24.719
6456 31.0 57.278 -25.774
6468 31.0 58.216 -23.998
6480 31.0 56.558 -23.187
6492 31.0 56.538 -26.274
6504 31.0 57.944 -25.779
6480 37.0 43.585 30.859
6492 37.0 43.879 30.641
6504 37.0 43.844 30.293
6516 37.0 44.436 29.996
6528 37.0 44.712 29.573
6540 37.0 45.286 29.319
6552 37.0 45.715 29.016
6564 37.0 46.129 28.584
6576 37.0 43.629 30.189
6588 37.0 43.633 30.473
6600 37.0 42.089 29.667
6612 37.0 43.130 30.785
6624 37.0 42.613 30.906
6636 37.0 44.488 30.651
6648 37.0 45.118 31.888
6660 37.0 42.772 30.688
6672 37.0 44.533 30.427
6684 37.0 44.421 31.132
6696 37.0 44.011 31.634
6708 37.0 42.870 32.529
6720 38.0 50.375 24.258
6732 38.0 50.454 23.866
6744 38.0 50.914 23.585
6756 38.0 50.961 23.182
6768 38.0 51.253 22.634
6780 38.0 51.481 22.330
6792 38.0 51.935 22.170
6804 38.0 52.350 21.452
6816 38.0 51.178 23.113
6828 38.0 48.930 23.086
6840 38.0 51.312 24.418
6852 38.0 50.063 22.690
6864 38.0 49.377 23.933
6876 38.0 50.209 25.277
6888 38.0 50.547 24.804
6900 38.0 50.430 23.241
6912 38.0 51.462 23.284
6924 38.0 52.165 25.452
6936 38.0 50.145 24.452
6948 38.0 47.732 23.403
7500 39.0 6.542 16.599
7512 39.0 6.722 16.420
7524 39.0 6.532 16.376
7536 39.0 6.825 16.564
7548 39.0 6.615 16.489
7560 39.0 6.602 16.456
7572 39.0 6.546 16.568
7584 39.0 6.436 16.422
7596 39.0 8.366 15.853
7608 39.0 6.629 16.755
7620 39.0 7.014 16.926
7632 39.0 7.304 16.377
7644 39.0 5.772 16.651
7656 39.0 5.829 16.713
7668 39.0 7.376 16.706
7680 39.0 5.664 17.200
7692 39.0 7.792 14.722
7704 39.0 5.451 16.851
7716 39.0 5.693 18.714
7728 39.0 6.281 17.623
7500 41.0 7.072 29.959
7512 41.0 7.238 29.692
7524 41.0 7.068 29.639
7536 41.0 7.355 29.554
7548 41.0 7.251 29.706
7560 41.0 7.293 29.887
7572 41.0 7.046 29.584
7584 41.0 7.140 29.744
7596 41.0 8.003 28.858
7608 41.0 6.548 30.606
7620 41.0 6.671 29.558
7632 41.0 6.320 29.738
7644 41.0 6.928 30.412
7656 41.0 6.453 31.118
7668 41.0 8.817 29.765
7680 41.0 5.441 29.982
7692 41.0 7.329 29.105
7704 41.0 5.033 28.717
7716 41.0 7.585 31.008
7728 41.0 5.128 29.056
7740 40.0 6.602 16.362
7752 40.0 6.360 16.599
7764 40.0 6.489 16.462
7776 40.0 6.576 16.436
7788 40.0 6.732 16.527
7800 40.0 6.602 16.447
7812 40.0 6.639 16.483
7824 40.0 6.762 16.431
7836 40.0 5.719 14.417
7848 40.0 7.619 15.282
7860 40.0 7.334 16.052
7872 40.0 6.859 16.930
7884 40.0 5.814 16.947
7896 40.0 6.242 15.037
7908 40.0 7.581 17.499
7920 40.0 6.625 16.266
7932 40.0 6.064 15.489
7944 40.0 5.059 15.978
7956 40.0 7.611 16.255
7968 40.0 6.758 17.011
7740 42.0 7.209 29.632
7752 42.0 7.223 29.625
7764 42.0 6.996 29.655
7776 42.0 7.091 29.567
7788 42.0 7.265 29.516
7800 42.0 7.100 29.681
7812 42.0 7.135 29.745
7824 42.0 6.918 29.628
7836 42.0 6.487 28.959
7848 42.0 8.584 30.400
7860 42.0 6.272 28.791
7872 42.0 8.240 29.638
7884 42.0 7.025 28.749
7896 42.0 7.259 29.468
7908 42.0 6.697 30.479
7920 42.0 7.087 28.020
7932 42.0 6.914 28.665
7944 42.0 6.638 29.187
7956 42.0 8.659 30.341
7968 42.0 5.723 28.329
7908 43.0 60.959 15.361
7920 43.0 60.446 15.650
7932 43.0 59.969 16.356
7944 43.0 59.676 16.666
7956 43.0 59.334 17.069
7968 43.0 58.986 17.464
7980 43.0 58.304 17.993
7992 43.0 57.971 18.344
8004 43.0 60.259 16.137
8016 43.0 61.686 15.128
8028 43.0 59.829 15.323
8040 43.0 60.983 15.835
8052 43.0 62.013 15.739
8064 43.0 61.168 15.562
8076 43.0 61.705 15.321
8088 43.0 59.820 15.390
8100 43.0 62.124 15.363
8112 43.0 61.604 15.944
8124 43.0 60.973 15.049
8136 43.0 61.023 14.948
8076 132.0 20.999 -26.042
8088 132.0 19.984 -25.005
8100 132.0 19.899 -24.942
8112 132.0 19.321 -24.514
8124 132.0 19.791 -24.051
8136 132.0 20.014 -24.045
8148 132.0 19.624 -24.071
8160 132.0 19.481 -23.178
8172 132.0 20.554 -25.849
8184 132.0 20.361 -26.098
8196 132.0 21.353 -26.295
8208 132.0 18.612 -25.879
8220 132.0 21.590 -26.177
8232 132.0 21.422 -26.467
8244 132.0 21.066 -24.951
8256 132.0 20.938 -27.785
8268 132.0 18.093 -25.581
8280 132.0 20.420 -25.121
8292 132.0 20.890 -26.754
8304 132.0 21.540 -24.393
8148 44.0 53.508 22.613
8160 44.0 52.751 23.039
8172 44.0 52.369 23.525
8184 44.0 52.127 23.701
8196 44.0 51.789 24.004
8208 44.0 51.221 24.484
8220 44.0 51.057 24.971
8232 44.0 50.674 25.379
8244 44.0 54.627 23.402
8256 44.0 53.002 22.465
8268 44.0 52.738 21.964
8280 44.0 53.984 22.542
8292 44.0 52.504 22.098
8304 44.0 53.153 22.257
8316 44.0 54.778 22.317
8328 44.0 51.814 20.020
8340 44.0 53.877 23.583
8352 44.0 54.092 21.207
8364 44.0 53.958 22.110
8376 44.0 54.959 22.561
8316 133.0 19.167 -15.239
8328 133.0 19.048 -14.627
8340 133.0 18.984 -14.226
8352 133.0 18.658 -13.560
8364 133.0 18.746 -13.052
8376 133.0 18.715 -12.500
8388 133.0 18.842 -11.979
8400 133.0 18.793 -11.379
8412 133.0 18.015 -15.576
8424 133.0 18.125 -14.505
8436 133.0 20.491 -14.500
8448 133.0 17.572 -16.155
8460 133.0 19.558 -16.018
8472 133.0 19.306 -15.382
8484 133.0 18.520 -16.889
8496 133.0 19.802 -15.849
8508 133.0 20.547 -15.694
8520 133.0 20.128 -14.175
8532 133.0 18.554 -16.686
8544 133.0 20.529 -14.935
8556 134.0 18.862 -4.306
8568 134.0 18.624 -3.786
8580 134.0 18.750 -3.107
8592 134.0 18.794 -2.721
8604 134.0 18.639 -2.115
8616 134.0 18.750 -1.866
8628 134.0 18.544 -0.943
8640 134.0 18.514 -0.423
8652 134.0 18.639 -5.258
8664 134.0 20.610 -4.893
8676 134.0 19.363 -4.663
8688 134.0 16.115 -5.565
8700 134.0 18.328 -5.551
8712 134.0 19.181 -4.481
8724 134.0 19.097 -4.276
8736 134.0 19.020 -4.855
8748 134.0 19.187 -4.234
8760 134.0 18.445 -3.129
8772 134.0 19.125 -3.359
8784 134.0 20.748 -5.000
8796 135.0 18.394 6.204
8808 135.0 18.237 6.751
8820 135.0 18.499 7.335
8832 135.0 18.360 7.721
8844 135.0 18.544 8.258
8856 135.0 18.493 8.771
8868 135.0 18.328 9.289
8880 135.0 18.372 9.761
8892 135.0 17.321 6.747
8904 135.0 18.539 6.087
8916 135.0 19.371 5.141
8928 135.0 17.210 6.471
8940 135.0 18.966 6.935
8952 135.0 17.828 6.408
8964 135.0 18.216 6.119
8976 135.0 18.994 5.466
8988 135.0 17.637 6.107
9000 135.0 19.053 6.625
9012 135.0 18.601 6.697
9024 135.0 16.965 4.265
9036 136.0 18.346 15.900
9048 136.0 18.567 16.447
9060 136.0 18.733 17.050
9072 136.0 18.574 17.612
9084 136.0 18.357 17.911
9096 136.0 18.515 18.823
9108 136.0 18.566 19.611
9120 136.0 18.531 19.645
9132 136.0 19.006 15.848
9144 136.0 19.508 15.178
9156 136.0 18.105 15.960
9168 136.0 17.845 15.122
9180 136.0 17.323 15.955
9192 136.0 16.451 15.438
9204 136.0 19.654 16.715
9216 136.0 19.349 15.826
9228 136.0 18.756 16.275
9240 136.0 18.022 14.778
9252 136.0 18.175 16.538
9264 136.0 19.309 15.861
9504 58.0 53.882 21.773
9516 58.0 53.425 21.973
9528 58.0 53.120 22.315
9540 58.0 52.715 22.657
9552 58.0 52.572 22.891
9564 58.0 52.163 23.254
9576 58.0 51.821 23.478
9588 58.0 51.391 23.839
9600 58.0 54.918 21.615
9612 58.0 53.490 21.982
9624 58.0 53.383 20.975
9636 58.0 53.140 19.965
9648 58.0 54.133 20.058
9660 58.0 53.931 21.595
9672 58.0 52.786 22.696
9684 58.0 53.571 21.640
9696 58.0 54.458 20.991
9708 58.0 54.299 22.009
9720 58.0 52.972 21.163
9732 58.0 55.052 21.178
9660 90.0 23.746 -24.566
9672 90.0 23.916 -24.198
9684 90.0 23.819 -23.586
9696 90.0 23.807 -22.984
9708 90.0 23.783 -22.438
9720 90.0 23.449 -21.927
9732 90.0 23.553 -21.459
9744 90.0 23.516 -20.732
9756 90.0 24.378 -25.371
9768 90.0 23.197 -25.250
9780 90.0 24.267 -26.728
9792 90.0 23.828 -24.620
9804 90.0 22.612 -24.777
9816 90.0 25.499 -24.357
9828 90.0 24.182 -25.674
9840 90.0 23.293 -23.832
9852 90.0 23.914 -24.271
9864 90.0 23.419 -24.434
9876 90.0 22.265 -24.438
9888 90.0 24.241 -25.392
9900 91.0 22.992 -13.980
9912 91.0 23.146 -13.291
9924 91.0 23.069 -13.175
9936 91.0 23.095 -12.388
9948 91.0 22.663 -11.832
9960 91.0 22.583 -11.209
9972 91.0 22.719 -10.736
9984 91.0 23.133 -10.095
9996 91.0 23.481 -14.710
10008 91.0 22.167 -14.814
10020 91.0 21.274 -13.458
10032 91.0 22.743 -12.922
10044 91.0 22.582 -14.827
10056 91.0 23.578 -14.058
10068 91.0 21.023 -13.662
10080 91.0 23.178 -14.408
10092 91.0 23.374 -14.470
10104 91.0 22.884 -13.742
10116 91.0 23.285 -12.222
10128 91.0 22.442 -14.631
9984 68.0 27.077 -25.200
9996 68.0 28.123 -25.172
10008 68.0 30.054 -24.590
10020 68.0 31.838 -25.072
10032 68.0 33.540 -24.532
10044 68.0 35.104 -24.690
10056 68.0 36.929 -24.994
10068 68.0 38.589 -24.756
10080 68.0 27.406 -22.907
10092 68.0 26.295 -26.977
10104 68.0 28.881 -26.271
10116 68.0 27.308 -25.642
10128 68.0 27.456 -25.230
10140 68.0 27.146 -25.024
10152 68.0 26.201 -25.168
10164 68.0 27.423 -25.673
10176 68.0 26.622 -25.016
10188 68.0 26.386 -26.399
10200 68.0 27.051 -25.017
10212 68.0 25.835 -25.048
10056 69.0 1.887 -17.546
10068 69.0 3.860 -17.362
10080 69.0 5.468 -17.458
10092 69.0 14.109 -15.173
10104 69.0 17.314 -12.966
10116 69.0 16.980 -13.247
10128 69.0 17.003 -13.092
10140 69.0 17.283 -13.330
10152 69.0 3.458 -16.833
10164 69.0 3.445 -17.131
10176 69.0 3.350 -18.121
10188 69.0 4.068 -18.663
10200 69.0 1.111 -18.601
10212 69.0 3.013 -17.926
10224 69.0 2.442 -16.340
10236 69.0 3.641 -16.979
10248 69.0 1.419 -17.304
10260 69.0 1.819 -18.099
10272 69.0 1.274 -17.890
10284 69.0 1.580 -18.875
10104 98.0 21.219 -24.992
10116 98.0 21.236 -24.379
10128 98.0 21.249 -23.886
10140 98.0 21.064 -23.184
10152 98.0 20.956 -22.421
10164 98.0 20.890 -21.807
10176 98.0 20.734 -21.167
10188 98.0 20.866 -20.580
10200 98.0 21.442 -24.747
10212 98.0 21.425 -24.617
10224 98.0 20.921 -24.489
10236 98.0 20.246 -25.062
10248 98.0 21.040 -23.947
10260 98.0 20.397 -23.918
10272 98.0 20.306 -24.418
10284 98.0 20.202 -25.242
10296 98.0 21.987 -24.389
10308 98.0 22.301 -24.668
10320 98.0 21.831 -25.401
10332 98.0 22.289 -26.330
10140 92.0 22.725 -3.175
10152 92.0 22.635 -2.715
10164 92.0 22.529 -2.014
10176 92.0 22.609 -1.277
10188 92.0 22.336 -0.696
10200 92.0 22.557 -0.293
10212 92.0 22.717 0.163
10224 92.0 22.711 0.532
10236 92.0 21.650 -3.239
10248 92.0 22.206 -3.517
10260 92.0 22.353 -4.226
10272 92.0 22.502 -2.550
10284 92.0 22.510 -3.864
10296 92.0 23.276 -2.151
10308 92.0 21.849 -3.746
10320 92.0 21.911 -4.318
10332 92.0 22.187 -2.346
10344 92.0 23.209 -3.364
10356 92.0 22.904 -3.957
10368 92.0 21.217 -3.825
10296 70.0 17.295 -13.313
10308 70.0 17.350 -13.289
10320 70.0 17.318 -13.254
10332 70.0 17.139 -13.352
10344 70.0 17.281 -13.318
10356 70.0 17.100 -13.147
10368 70.0 17.171 -13.442
10380 70.0 17.362 -13.262
10392 70.0 17.022 -13.106
10404 70.0 18.903 -13.707
10416 70.0 17.663 -14.665
10428 70.0 17.249 -12.239
10440 70.0 17.722 -14.503
10452 70.0 17.788 -13.060
10464 70.0 15.096 -13.739
10476 70.0 17.350 -12.193
10488 70.0 16.765 -13.768
10500 70.0 17.810 -13.690
10512 70.0 19.532 -13.145
10524 70.0 17.207 -12.347
10344 99.0 19.931 -12.232
10356 99.0 19.830 -11.624
10368 99.0 19.753 -10.973
10380 99.0 19.628 -10.368
10392 99.0 19.668 -9.706
10404 99.0 19.553 -8.949
10416 99.0 19.403 -8.414
10428 99.0 19.454 -7.836
10440 99.0 20.240 -11.839
10452 99.0 18.991 -11.461
10464 99.0 19.818 -11.843
10476 99.0 21.198 -12.310
10488 99.0 19.579 -12.760
10500 99.0 18.994 -11.074
10512 99.0 20.599 -11.958
10524 99.0 19.513 -11.936
10536 99.0 20.026 -12.997
10548 99.0 20.653 -11.052
10560 99.0 19.834 -13.394
10572 99.0 20.752 -13.207
10380 93.0 22.242 7.893
10392 93.0 22.579 8.425
10404 93.0 22.239 9.061
10416 93.0 22.381 9.518
10428 93.0 22.536 10.176
10440 93.0 22.378 10.781
10452 93.0 22.367 11.437
10464 93.0 22.379 11.803
10476 93.0 22.217 5.313
10488 93.0 21.019 7.636
10500 93.0 23.122 8.754
10512 93.0 22.361 6.634
10524 93.0 21.415 7.750
10536 93.0 22.550 8.843
10548 93.0 22.395 8.934
10560 93.0 21.289 6.588
10572 93.0 22.103 6.759
10584 93.0 22.956 8.895
10596 93.0 22.221 7.347
10608 93.0 21.589 8.216
10584 100.0 18.343 -0.468
10596 100.0 18.251 0.466
10608 100.0 18.447 1.034
10620 100.0 18.346 1.621
10632 100.0 18.240 2.382
10644 100.0 18.522 2.895
10656 100.0 18.796 3.513
10668 100.0 18.668 4.187
10680 100.0 17.828 0.446
10692 100.0 18.511 -0.645
10704 100.0 20.114 1.771
10716 100.0 19.325 0.018
10728 100.0 17.522 -1.616
10740 100.0 18.149 -0.709
10752 100.0 19.079 0.601
10764 100.0 17.194 -0.282
10776 100.0 17.815 0.111
10788 100.0 18.964 -0.546
10800 100.0 18.390 -2.526
10812 100.0 18.386 -0.674
10596 95.0 23.718 29.952
10608 95.0 24.575 30.360
10620 95.0 24.715 30.746
10632 95.0 24.353 30.203
10644 95.0 24.589 29.615
10656 95.0 24.579 29.326
10668 95.0 24.630 28.864
10680 95.0 24.869 28.156
10692 95.0 23.613 30.224
10704 95.0 23.771 31.520
10716 95.0 23.367 30.092
10728 95.0 23.186 30.296
10740 95.0 24.279 28.289
10752 95.0 25.917 30.651
10764 95.0 23.228 29.401
10776 95.0 25.529 28.156
10788 95.0 23.109 28.485
10800 95.0 24.064 29.080
10812 95.0 24.070 31.193
10824 95.0 23.619 29.011
10620 94.0 22.335 18.414
10632 94.0 22.520 19.096
10644 94.0 22.553 19.493
10656 94.0 22.320 20.165
10668 94.0 22.428 20.439
10680 94.0 22.368 20.918
10692 94.0 22.248 21.394
10704 94.0 22.460 22.142
10716 94.0 22.922 18.610
10728 94.0 21.793 18.218
10740 94.0 22.914 17.347
10752 94.0 22.102 18.461
10764 94.0 22.904 18.826
10776 94.0 21.568 18.002
10788 94.0 22.264 18.774
10800 94.0 23.825 17.859
10812 94.0 21.901 18.468
10824 94.0 21.990 19.396
10836 94.0 22.609 19.502
10848 94.0 22.622 19.806
10824 101.0 19.053 12.347
10836 101.0 18.792 12.729
10848 101.0 18.707 13.475
10860 101.0 19.017 13.881
10872 101.0 18.865 14.400
10884 101.0 18.730 15.028
10896 101.0 18.629 15.665
10908 101.0 18.653 16.556
10920 101.0 18.052 13.597
10932 101.0 18.887 13.094
10944 101.0 18.937 11.116
10956 101.0 17.997 13.250
10968 101.0 19.372 11.048
10980 101.0 18.081 13.076
10992 101.0 18.457 10.879
11004 101.0 18.885 12.952
11016 101.0 19.778 12.805
11028 101.0 18.126 11.693
11040 101.0 19.397 11.040
11052 101.0 19.006 13.977
10836 96.0 24.506 21.952
10848 96.0 24.450 21.378
10860 96.0 24.536 20.739
10872 96.0 24.525 20.130
10884 96.0 24.356 19.610
10896 96.0 24.414 19.162
10908 96.0 24.385 18.581
10920 96.0 24.689 18.121
10932 96.0 24.868 22.639
10944 96.0 24.591 23.722
10956 96.0 26.224 21.275
10968 96.0 25.360 21.666
10980 96.0 24.295 21.236
10992 96.0 23.186 21.893
11004 96.0 25.216 23.227
11016 96.0 23.213 22.081
11028 96.0 24.617 21.146
11040 96.0 24.657 22.107
11052 96.0 23.772 22.275
11064 96.0 23.834 22.065
11064 102.0 29.624 -25.351
11076 102.0 29.838 -25.317
11088 102.0 30.346 -25.469
11100 102.0 30.805 -25.410
11112 102.0 31.271 -25.423
11124 102.0 31.638 -25.572
11136 102.0 31.988 -25.702
11148 102.0 32.191 -25.623
11160 102.0 28.750 -24.878
11172 102.0 30.716 -25.188
11184 102.0 31.644 -24.024
11196 102.0 29.015 -26.423
11208 102.0 29.482 -24.566
11220 102.0 29.119 -26.920
11232 102.0 27.406 -25.835
11244 102.0 28.849 -24.625
11256 102.0 29.096 -26.620
11268 102.0 29.734 -24.855
11280 102.0 30.431 -25.280
11292 102.0 29.260 -25.374
11076 97.0 24.468 11.947
11088 97.0 24.652 11.482
11100 97.0 24.860 10.742
11112 97.0 24.485 10.590
11124 97.0 24.645 9.861
11136 97.0 24.750 9.381
11148 97.0 24.808 8.890
11160 97.0 24.636 8.420
11172 97.0 24.904 10.972
11184 97.0 22.178 11.210
11196 97.0 25.223 11.408
11208 97.0 24.018 13.049
11220 97.0 24.046 12.415
11232 97.0 24.862 12.866
11244 97.0 24.765 12.139
11256 97.0 23.254 10.381
11268 97.0 24.591 12.192
11280 97.0 23.200 11.442
11292 97.0 24.753 10.185
11304 97.0 25.450 12.172
